7.94000000   31.10000000   54.88000000   91.81000000   25.54625525   99.79927142   27.10856445   0.47371901   
7.94000000   31.10000000   54.88000000   91.81000000   25.56415059   99.78562126   27.39788732   0.53970798   
7.94000000   31.10000000   54.88000000   91.81000000   25.57721702   99.79745562   27.31947559   0.67453561   
7.94000000   31.10000000   54.88000000   91.81000000   25.57816149   99.77617230   26.49692244   0.58226297   
7.94000000   31.10000000   54.88000000   91.81000000   25.59249845   99.77313531   25.39949061   0.63605877   
7.94000000   31.10000000   54.88000000   91.81000000   25.59785514   99.75102996   25.71983520   0.52708298   
7.94000000   31.10000000   54.88000000   91.81000000   25.63484170   99.76935143   25.55711035   0.52795755   
7.94000000   31.10000000   54.88000000   91.81000000   25.64252659   99.75820704   25.95347969   0.69078923   
7.94000000   31.10000000   54.88000000   91.81000000   25.66284081   99.75347055   25.85761027   0.86402510   
7.94000000   31.10000000   54.88000000   91.81000000   25.68137527   99.70395887   25.67076014   1.03520743   
7.94000000   31.10000000   54.88000000   91.81000000   25.69690539   99.71796101   24.95431796   1.07582342   
7.94000000   31.10000000   54.88000000   91.81000000   25.69402884   99.71546999   24.52505820   1.03209154   
7.94000000   31.10000000   54.88000000   91.81000000   25.70487288   99.70756890   24.85251574   1.18053979   
7.94000000   31.10000000   54.88000000   91.81000000   25.70493162   99.70764767   23.99060806   0.94847928   
7.94000000   31.10000000   54.88000000   91.81000000   25.70203333   99.70192562   23.98436902   0.92032474   
7.94000000   31.10000000   54.88000000   91.81000000   25.69422056   99.70666924   23.36580563   1.10180688   
7.94000000   31.10000000   54.88000000   91.81000000   25.73167198   99.70539226   23.28762408   1.15786456   
7.94000000   31.10000000   54.88000000   91.81000000   25.77191494   99.70915625   24.35578859   0.99764771   
7.94000000   31.10000000   54.88000000   91.81000000   25.78421977   99.72724129   23.86208654   1.12857641   
7.94000000   31.10000000   54.88000000   91.81000000   25.77309768   99.72750514   23.73012140   1.10521744   
7.94000000   31.10000000   54.88000000   91.81000000   25.77441627   99.72892912   23.61830408   1.15074887   
7.94000000   31.10000000   54.88000000   91.81000000   25.76375262   99.72598506   22.86656866   1.24244825   
7.94000000   31.10000000   54.88000000   91.81000000   25.74926273   99.71495722   23.55937510   1.36079042   
7.94000000   31.10000000   54.88000000   91.81000000   25.73137332   99.70677259   23.17101484   1.56588496   
7.94000000   31.10000000   54.88000000   91.81000000   25.77330295   99.70270228   24.03390878   1.49069008   
7.94000000   31.10000000   54.88000000   91.81000000   25.77988594   99.72033002   23.30363906   1.64984874   
7.94000000   31.10000000   54.88000000   91.81000000   25.76599607   99.70520858   23.39963246   1.63412748   
7.94000000   31.10000000   54.88000000   91.81000000   25.74909588   99.70499754   23.12245334   1.68554656   
7.94000000   31.10000000   54.88000000   91.81000000   25.75382120   99.70617657   22.56650165   1.65283263   
7.94000000   31.10000000   54.88000000   91.81000000   25.75936865   99.70673241   21.98736936   1.87815577   
7.94000000   31.10000000   54.88000000   91.81000000   25.73986405   99.70346759   22.02406068   1.66737249   
7.94000000   31.10000000   54.88000000   91.81000000   25.76107759   99.72297810   21.70339973   1.53083203   
7.94000000   31.10000000   54.88000000   91.81000000   25.78250594   99.71197301   21.01155143   1.58280797   
7.94000000   31.10000000   54.88000000   91.81000000   25.77674060   99.72760699   20.58531654   1.57659287   
7.94000000   31.10000000   54.88000000   91.81000000   25.77094241   99.72880644   20.70339378   1.58909657   
7.94000000   31.10000000   54.88000000   91.81000000   25.78591290   99.72579030   20.25065412   1.57641443   
7.94000000   31.10000000   54.88000000   91.81000000   25.78518994   99.70854626   20.09589607   1.66168479   
7.94000000   31.10000000   54.88000000   91.81000000   25.76029924   99.70792397   20.46190117   1.69766595   
7.94000000   31.10000000   54.88000000   91.81000000   25.75001238   99.70522352   20.81961451   1.63641278   
7.94000000   31.10000000   54.88000000   91.81000000   25.79985898   99.72050575   20.79190186   1.55480684   
7.94000000   31.10000000   54.88000000   91.81000000   25.77673814   99.71848908   21.04984229   1.52814199   
7.94000000   31.10000000   54.88000000   91.81000000   25.79401639   99.71040595   20.59547073   1.46641454   
7.94000000   31.10000000   54.88000000   91.81000000   25.79108387   99.70011818   19.92298015   1.41662189   
7.94000000   31.10000000   54.88000000   91.81000000   25.76831326   99.71958939   19.88005338   1.47965875   
7.94000000   31.10000000   54.88000000   91.81000000   25.77518132   99.70291369   19.37301598   1.48462215   
7.94000000   31.10000000   54.88000000   91.81000000   25.77634374   99.71941181   20.00166637   1.57265380   
7.94000000   31.10000000   54.88000000   91.81000000   25.79474697   99.70488022   19.83804187   1.47404373   
7.94000000   31.10000000   54.88000000   91.81000000   25.79309637   99.71071587   19.53232174   1.41066561   
7.94000000   31.10000000   54.88000000   91.81000000   25.79765108   99.70837334   20.23965285   1.27618214   
7.94000000   31.10000000   54.88000000   91.81000000   25.77053037   99.70870789   19.40161706   1.18441080   
7.94000000   31.10000000   54.88000000   91.81000000   25.76604308   99.70839155   19.62175824   1.09270129   
7.94000000   31.10000000   54.88000000   91.81000000   25.77545390   99.70753923   19.63349022   1.11681104   
7.94000000   31.10000000   54.88000000   91.81000000   25.75711374   99.70341559   19.42765625   1.15473842   
7.94000000   31.10000000   54.88000000   91.81000000   25.77001417   99.71931515   18.84656769   0.98848112   
7.94000000   31.10000000   54.88000000   91.81000000   25.77854458   99.72040243   19.37522979   0.88992225   
7.94000000   31.10000000   54.88000000   91.81000000   25.76910579   99.72425029   19.21713361   0.90454371   
7.94000000   31.10000000   54.88000000   91.81000000   25.79218266   99.71589941   19.11391628   0.92616221   
7.94000000   31.10000000   54.88000000   91.81000000   25.76508714   99.72779236   18.36929207   1.08525842   
7.94000000   31.10000000   54.88000000   91.81000000   25.75925357   99.70963107   17.73380793   1.08081825   
7.94000000   31.10000000   54.88000000   91.81000000   25.78437970   99.72484724   17.01068879   1.05374291   
7.94000000   31.10000000   54.88000000   91.81000000   25.76092421   99.71070312   17.09999823   1.11748539   
7.94000000   31.10000000   54.88000000   91.81000000   25.76280042   99.70842246   16.72996791   1.28888350   
7.94000000   31.10000000   54.88000000   91.81000000   25.77320843   99.72188073   16.63852939   1.33466094   
7.94000000   31.10000000   54.88000000   91.81000000   25.75350610   99.71457049   16.71632031   1.43427020   
7.94000000   31.10000000   54.88000000   91.81000000   25.75832132   99.72582786   16.57766255   1.28899822   
7.94000000   31.10000000   54.88000000   91.81000000   25.75900125   99.71669160   15.71677956   1.37589737   
7.94000000   31.10000000   54.88000000   91.81000000   25.76069942   99.71168046   15.56195716   1.28714673   
7.94000000   31.10000000   54.88000000   91.81000000   25.77713867   99.71613713   15.67116793   1.31458877   
7.94000000   31.10000000   54.88000000   91.81000000   25.77785202   99.71702253   15.08994916   1.30191927   
7.94000000   31.10000000   54.88000000   91.81000000   25.75803157   99.73102074   14.73422289   1.29955862   
7.94000000   31.10000000   54.88000000   91.81000000   25.77429016   99.73152062   14.67061662   1.14071186   
7.94000000   31.10000000   54.88000000   91.81000000   25.74021900   99.70890085   14.23253114   1.12557982   
7.94000000   31.10000000   54.88000000   91.81000000   25.75326834   99.70920230   14.37499848   1.15855676   
7.94000000   31.10000000   54.88000000   91.81000000   25.75604683   99.71930658   14.52043995   1.08750296   
7.94000000   31.10000000   54.88000000   91.81000000   25.74412699   99.71386437   13.78878943   1.05344995   
7.94000000   31.10000000   54.88000000   91.81000000   25.74979575   99.71291398   12.93076529   0.99050714   
7.94000000   31.10000000   54.88000000   91.81000000   25.76387281   99.72349951   12.85407123   0.91238207   
7.94000000   31.10000000   54.88000000   91.81000000   25.76710968   99.73319070   13.05055469   0.91280524   
7.94000000   31.10000000   54.88000000   91.81000000   25.75327243   99.73152994   13.09385682   0.88559018   
7.94000000   31.10000000   54.88000000   91.81000000   25.75130983   99.73592889   12.51934074   1.06759325   
7.94000000   31.10000000   54.88000000   91.81000000   25.75209001   99.70534234   12.12902776   0.95228968   
7.94000000   31.10000000   54.88000000   91.81000000   25.73874690   99.70628465   11.59826302   0.70311192   
7.94000000   31.10000000   54.88000000   91.81000000   25.75854019   99.73948984   11.56956760   0.64892903   
7.94000000   31.10000000   54.88000000   91.81000000   25.76950901   99.74897838   11.07117582   0.59768001   
7.94000000   31.10000000   54.88000000   91.81000000   25.76188230   99.73911066   10.26571387   0.62513988   
7.94000000   31.10000000   54.88000000   91.81000000   25.74449976   99.72941784   10.74091537   0.66070045   
7.94000000   31.10000000   54.88000000   91.81000000   25.76525902   99.72404529   10.24819204   0.53587973   
7.94000000   31.10000000   54.88000000   91.81000000   25.75502829   99.71268462   8.84937362   0.70729501   
7.94000000   31.10000000   54.88000000   91.81000000   25.76425904   99.73660650   8.87745929   0.58117243   
7.94000000   31.10000000   54.88000000   91.81000000   25.73755075   99.71550329   8.63374846   0.49297165   
7.94000000   31.10000000   54.88000000   91.81000000   25.72023688   99.71003240   8.00877522   0.45349687   
7.94000000   31.10000000   54.88000000   91.81000000   25.73633893   99.73339889   8.48646524   0.39220405   
7.94000000   31.10000000   54.88000000   91.81000000   25.73754198   99.72427898   7.95753234   0.43249395   
7.94000000   31.10000000   54.88000000   91.81000000   25.72172132   99.70957414   7.40592867   0.44616169   
7.94000000   31.10000000   54.88000000   91.81000000   25.70857005   99.71790019   7.01054142   0.43601447   
7.94000000   31.10000000   54.88000000   91.81000000   25.71144976   99.71252303   6.47632987   0.49344463   
7.94000000   31.10000000   54.88000000   91.81000000   25.70809878   99.73594109   5.83478397   0.46245808   
7.94000000   31.10000000   54.88000000   91.81000000   25.73207274   99.72386774   6.22731987   0.48028894   
7.94000000   31.10000000   54.88000000   91.81000000   25.75057801   99.72937238   6.14592605   0.36164110   
7.94000000   31.10000000   54.88000000   91.81000000   25.74616074   99.73483243   6.00362940   0.31726287   
7.94000000   31.10000000   54.88000000   91.81000000   25.75078863   99.73879075   5.45187933   0.32038543   
7.94000000   31.10000000   54.88000000   91.81000000   25.74069793   99.74644978   4.20699579   0.48166752   
7.94000000   31.10000000   54.88000000   91.81000000   25.74146761   99.73327575   3.99586978   0.39989190   
7.94000000   31.10000000   54.88000000   91.81000000   25.75523815   99.77621455   3.19966073   0.28877182   
7.94000000   31.10000000   54.88000000   91.81000000   25.75862822   99.76174481   3.19675214   0.49472883   
7.94000000   31.10000000   54.88000000   91.81000000   25.74020233   99.75050159   3.16125471   0.50367749   
7.94000000   31.10000000   54.88000000   91.81000000   25.72949855   99.74756535   2.56161717   0.57412951   
7.94000000   31.10000000   54.88000000   91.81000000   25.71789664   99.78038567   2.69045325   0.59559577   
7.94000000   31.10000000   54.88000000   91.81000000   25.71833932   99.76738081   2.71103338   0.62933273   
7.94000000   31.10000000   54.88000000   91.81000000   25.73280623   99.74648561   2.77383077   0.45166365   
7.94000000   31.10000000   54.88000000   91.81000000   25.71850691   99.74756580   2.51195440   0.56902359   
7.94000000   31.10000000   54.88000000   91.81000000   25.70107540   99.75054890   1.71570456   0.58964039   
7.94000000   31.10000000   54.88000000   91.81000000   25.68787393   99.74592191   1.36156626   0.51390362   
7.94000000   31.10000000   54.88000000   91.81000000   25.70331355   99.73405153   1.94709684   0.36981645   
7.94000000   31.10000000   54.88000000   91.81000000   25.68240137   99.74189440   2.04853825   0.35868497   
7.94000000   31.10000000   54.88000000   91.81000000   25.69959586   99.74183827   2.18418587   0.32959344   
7.94000000   31.10000000   54.88000000   91.81000000   25.71246152   99.75459659   2.02316677   0.48228372   
7.94000000   31.10000000   54.88000000   91.81000000   25.71601031   99.75857170   1.70989874   0.41849503   
7.94000000   31.10000000   54.88000000   91.81000000   25.71304712   99.75690682   1.87896867   0.30375852   
7.94000000   31.10000000   54.88000000   91.81000000   25.70480390   99.77040019   2.02852598   -0.01665977   
7.94000000   31.10000000   54.88000000   91.81000000   25.71225826   99.77262752   2.07502150   0.13705034   
7.94000000   31.10000000   54.88000000   91.81000000   25.72020941   99.76258514   2.20282547   0.08363625   
7.94000000   31.10000000   54.88000000   91.81000000   25.72054536   99.75254255   1.94982187   0.14057093   
7.94000000   31.10000000   54.88000000   91.81000000   25.72063722   99.77151156   1.43210841   0.29955980   
7.94000000   31.10000000   54.88000000   91.81000000   25.73459389   99.77951871   1.05570477   0.18740781   
7.94000000   31.10000000   54.88000000   91.81000000   25.70116781   99.76488918   1.72041632   0.30878535   
7.94000000   31.10000000   54.88000000   91.81000000   25.70068625   99.76969185   1.55875590   0.13013469   
7.94000000   31.10000000   54.88000000   91.81000000   25.71001995   99.76054128   1.53412885   0.16053033   
7.94000000   31.10000000   54.88000000   91.81000000   25.70024598   99.76414277   1.54515136   0.10214092   
7.94000000   31.10000000   54.88000000   91.81000000   25.69218519   99.76532328   1.92446025   0.03689804   
7.94000000   31.10000000   54.88000000   91.81000000   25.72666920   99.76718920   1.54339517   0.07257222   
7.94000000   31.10000000   54.88000000   91.81000000   25.72859899   99.76447120   1.73914499   0.24607987   
7.94000000   31.10000000   54.88000000   91.81000000   25.69750533   99.74102457   1.52667579   0.22726223   
7.94000000   31.10000000   54.88000000   91.81000000   25.70432192   99.74971931   1.55053235   0.27682584   
7.94000000   31.10000000   54.88000000   91.81000000   25.70526856   99.74369460   1.04738193   0.03245070   
7.94000000   31.10000000   54.88000000   91.81000000   25.70974037   99.75259115   1.06633588   0.04420086   
7.94000000   31.10000000   54.88000000   91.81000000   25.70853830   99.75080674   1.36971152   -0.17687655   
7.94000000   31.10000000   54.88000000   91.81000000   25.71505187   99.75307957   1.60422616   -0.14738058   
7.94000000   31.10000000   54.88000000   91.81000000   25.72529862   99.76725123   1.68869097   -0.23828443   
7.94000000   31.10000000   54.88000000   91.81000000   25.72511098   99.73141914   1.99349280   -0.33787590   
7.94000000   31.10000000   54.88000000   91.81000000   25.73229176   99.72673164   1.55695337   -0.36857053   
7.94000000   31.10000000   54.88000000   91.81000000   25.72498944   99.76323082   1.31192019   -0.42030630   
7.94000000   31.10000000   54.88000000   91.81000000   25.71688812   99.75166286   1.21182881   -0.43723051   
7.94000000   31.10000000   54.88000000   91.81000000   25.73232053   99.74723114   1.06588535   -0.33531782   
7.94000000   31.10000000   54.88000000   91.81000000   25.72559883   99.75470814   1.03972013   -0.42485521   
7.94000000   31.10000000   54.88000000   91.81000000   25.71909723   99.74563485   1.22625558   -0.49195371   
7.94000000   31.10000000   54.88000000   91.81000000   25.72228385   99.76019920   1.07726235   -0.56098423   
7.94000000   31.10000000   54.88000000   91.81000000   25.72477582   99.75522093   1.40301256   -0.36065474   
7.94000000   31.10000000   54.88000000   91.81000000   25.74095119   99.73045296   1.13157174   -0.42957520   
7.94000000   31.10000000   54.88000000   91.81000000   25.75097805   99.73623184   1.51505963   -0.49366570   
7.94000000   31.10000000   54.88000000   91.81000000   25.74145885   99.75515393   1.30736393   -0.43892022   
7.94000000   31.10000000   54.88000000   91.81000000   25.73645148   99.75067761   1.08112167   -0.51247172   
7.94000000   31.10000000   54.88000000   91.81000000   25.72357575   99.75176736   1.66756695   -0.49307925   
7.94000000   31.10000000   54.88000000   91.81000000   25.72862816   99.73930012   1.68771369   -0.56323293   
7.94000000   31.10000000   54.88000000   91.81000000   25.71221896   99.74711598   1.36739703   -0.45535899   
7.94000000   31.10000000   54.88000000   91.81000000   25.73426263   99.71643536   1.07403787   -0.40332563   
7.94000000   31.10000000   54.88000000   91.81000000   25.73029245   99.73581910   1.27784180   -0.44244212   
7.94000000   31.10000000   54.88000000   91.81000000   25.71017037   99.74547810   1.73981912   -0.21724048   
7.94000000   31.10000000   54.88000000   91.81000000   25.72166640   99.75579088   1.87715080   -0.18733405   
7.94000000   31.10000000   54.88000000   91.81000000   25.71945036   99.73435361   2.01079437   -0.08267526   
7.94000000   31.10000000   54.88000000   91.81000000   25.71223196   99.73690075   2.38886724   -0.12628443   
7.94000000   31.10000000   54.88000000   91.81000000   25.71073793   99.75114969   1.95106469   -0.23525621   
7.94000000   31.10000000   54.88000000   91.81000000   25.72424906   99.73593361   2.01736737   -0.15391992   
7.94000000   31.10000000   54.88000000   91.81000000   25.71130758   99.72630711   1.99425503   -0.24636099   
7.94000000   31.10000000   54.88000000   91.81000000   25.71148973   99.73852589   1.15618594   -0.22043341   
7.94000000   31.10000000   54.88000000   91.81000000   25.72178006   99.74426607   1.21477711   -0.07794251   
7.94000000   31.10000000   54.88000000   91.81000000   25.71991674   99.72579242   1.23717795   -0.09565069   
7.94000000   31.10000000   54.88000000   91.81000000   25.69935645   99.75907389   1.44954501   -0.18574206   
7.94000000   31.10000000   54.88000000   91.81000000   25.72775926   99.75053500   1.28526100   -0.10603590   
7.94000000   31.10000000   54.88000000   91.81000000   25.73472188   99.73359041   1.04015081   -0.16140862   
7.94000000   31.10000000   54.88000000   91.81000000   25.71502986   99.72863675   1.34103703   -0.34535272   
7.94000000   31.10000000   54.88000000   91.81000000   25.71551292   99.75312212   1.58638144   -0.47190909   
7.94000000   31.10000000   54.88000000   91.81000000   25.71875126   99.75358833   1.55862290   -0.54366711   
7.94000000   31.10000000   54.88000000   91.81000000   25.69356113   99.73328746   1.12606035   -0.31036204   
7.94000000   31.10000000   54.88000000   91.81000000   25.71961258   99.73023753   1.14671699   -0.29857221   
7.94000000   31.10000000   54.88000000   91.81000000   25.72158903   99.73635515   1.10105468   -0.45806162   
7.94000000   31.10000000   54.88000000   91.81000000   25.74054420   99.75065726   1.01928925   -0.39207111   
7.94000000   31.10000000   54.88000000   91.81000000   25.71382866   99.75971392   1.15788223   -0.42679326   
7.94000000   31.10000000   54.88000000   91.81000000   25.72605690   99.75112382   1.29088354   -0.47552117   
7.94000000   31.10000000   54.88000000   91.81000000   25.71559779   99.75991464   1.07427880   -0.38828109   
7.94000000   31.10000000   54.88000000   91.81000000   25.70726318   99.76181943   1.00196136   -0.28059170   
7.94000000   31.10000000   54.88000000   91.81000000   25.72860305   99.75464398   1.01914494   -0.35868961   
7.94000000   31.10000000   54.88000000   91.81000000   25.72481767   99.75825266   1.12077530   -0.35730120   
7.94000000   31.10000000   54.88000000   91.81000000   25.72820285   99.75716664   1.01352819   -0.28273736   
7.94000000   31.10000000   54.88000000   91.81000000   25.73214080   99.76613586   1.20163386   -0.51873185   
7.94000000   31.10000000   54.88000000   91.81000000   25.73015209   99.75677574   1.73027920   -0.35416284   
7.94000000   31.10000000   54.88000000   91.81000000   25.73590668   99.75191391   1.31750135   -0.29241251   
7.94000000   31.10000000   54.88000000   91.81000000   25.73491241   99.74533546   1.22496242   -0.24961260   
7.94000000   31.10000000   54.88000000   91.81000000   25.71828246   99.75385979   1.12231828   -0.08258768   
7.94000000   31.10000000   54.88000000   91.81000000   25.74236512   99.73137288   1.05973209   -0.13330626   
7.94000000   31.10000000   54.88000000   91.81000000   25.75109846   99.74340002   1.43299856   -0.16246121   
7.94000000   31.10000000   54.88000000   91.81000000   25.73926946   99.74782711   1.13236428   -0.22714774   
7.94000000   31.10000000   54.88000000   91.81000000   25.72755431   99.77387014   1.73986843   -0.26880069   
7.94000000   31.10000000   54.88000000   91.81000000   25.74519296   99.77395731   2.03480606   -0.19084711   
7.94000000   31.10000000   54.88000000   91.81000000   25.73833037   99.77409172   1.62081963   -0.21897293   
7.94000000   31.10000000   54.88000000   91.81000000   25.72464318   99.74998062   1.02501929   -0.24118902   
7.94000000   31.10000000   54.88000000   91.81000000   25.74782768   99.73117321   1.21176456   -0.43506310   
7.94000000   31.10000000   54.88000000   91.81000000   25.74169279   99.74585602   1.40473648   -0.36820189   
7.94000000   31.10000000   54.88000000   91.81000000   25.74489351   99.75532187   1.61337933   -0.30832494   
7.94000000   31.10000000   54.88000000   91.81000000   25.73345914   99.76395412   1.70339104   -0.37669174   
7.94000000   31.10000000   54.88000000   91.81000000   25.74440820   99.77571693   1.37688347   -0.27708788   
7.94000000   31.10000000   54.88000000   91.81000000   25.75600563   99.78069484   1.11613299   -0.24518660   
7.94000000   31.10000000   54.88000000   91.81000000   25.74394991   99.74613400   1.80486179   -0.28203513   
7.94000000   31.10000000   54.88000000   91.81000000   25.71988540   99.74304352   1.49353672   -0.36608727   
7.94000000   31.10000000   54.88000000   91.81000000   25.72690756   99.73277317   1.63169032   -0.32491242   
7.94000000   31.10000000   54.88000000   91.81000000   25.72038443   99.73276830   1.20238858   -0.17097916   
7.94000000   31.10000000   54.88000000   91.81000000   25.73557478   99.73874340   1.65321330   -0.24400739   
7.94000000   31.10000000   54.88000000   91.81000000   25.74142805   99.73745628   2.72649765   -0.40381535   
7.94000000   31.10000000   54.88000000   91.81000000   25.76459657   99.73789061   2.03166267   -0.44672027   
7.94000000   31.10000000   54.88000000   91.81000000   25.75550594   99.73745415   1.96074745   -0.42356327   
7.94000000   31.10000000   54.88000000   91.81000000   25.72400187   99.73815838   1.54037532   -0.38384672   
7.94000000   31.10000000   54.88000000   91.81000000   25.73557066   99.75350475   1.04029571   -0.24347022   
7.94000000   31.10000000   54.88000000   91.81000000   25.72503066   99.75161953   1.43955126   -0.15554680   
7.94000000   31.10000000   54.88000000   91.81000000   25.73256337   99.73732602   1.62198983   -0.06365969   
7.94000000   31.10000000   54.88000000   91.81000000   25.70300933   99.74104568   1.55195476   -0.09405935   
7.94000000   31.10000000   54.88000000   91.81000000   25.71308408   99.73999551   2.53821952   -0.06745425   
7.94000000   31.10000000   54.88000000   91.81000000   25.72264283   99.73830295   2.37591794   -0.01836667   
7.94000000   31.10000000   54.88000000   91.81000000   25.71425151   99.73073947   2.51358492   -0.10226128   
7.94000000   31.10000000   54.88000000   91.81000000   25.71770158   99.75186062   2.45041480   -0.18250104   
7.94000000   31.10000000   54.88000000   91.81000000   25.70679821   99.74602236   2.51449755   -0.23773258   
7.94000000   31.10000000   54.88000000   91.81000000   25.70673030   99.72935375   2.31194186   -0.41947504   
7.94000000   31.10000000   54.88000000   91.81000000   25.73366685   99.75340134   1.96713500   -0.42207453   
7.94000000   31.10000000   54.88000000   91.81000000   25.74952911   99.74132364   2.57025120   -0.33585478   
7.94000000   31.10000000   54.88000000   91.81000000   25.76089423   99.73065530   2.01718948   -0.38943335   
7.94000000   31.10000000   54.88000000   91.81000000   25.74025915   99.73463677   2.44613919   -0.35697004   
7.94000000   31.10000000   54.88000000   91.81000000   25.73798449   99.73102809   2.43874682   -0.32001232   
7.94000000   31.10000000   54.88000000   91.81000000   25.74006515   99.75597462   1.94734692   -0.26349294   
7.94000000   31.10000000   54.88000000   91.81000000   25.74736738   99.75521703   1.97114612   -0.25860761   
7.94000000   31.10000000   54.88000000   91.81000000   25.73966416   99.73276374   1.85559793   -0.22777053   
7.94000000   31.10000000   54.88000000   91.81000000   25.74439781   99.75999787   1.56433085   -0.35636663   
7.94000000   31.10000000   54.88000000   91.81000000   25.73533943   99.73971797   2.03552634   -0.28726926   
7.94000000   31.10000000   54.88000000   91.81000000   25.73096380   99.72470587   1.79526069   -0.37597890   
7.94000000   31.10000000   54.88000000   91.81000000   25.71387807   99.74190754   1.71531605   -0.21946806   
7.94000000   31.10000000   54.88000000   91.81000000   25.71788576   99.73181974   1.26169627   -0.13449457   
7.94000000   31.10000000   54.88000000   91.81000000   25.74304208   99.74063796   1.35203658   -0.16990415   
7.94000000   31.10000000   54.88000000   91.81000000   25.73199114   99.73184092   1.23983451   -0.10229711   
7.94000000   31.10000000   54.88000000   91.81000000   25.72048923   99.74005606   1.90220830   -0.20445920   
7.94000000   31.10000000   54.88000000   91.81000000   25.70108434   99.74800503   1.29411143   0.01636792   
7.94000000   31.10000000   54.88000000   91.81000000   25.71818109   99.74622435   1.31139173   0.03354243   
7.94000000   31.10000000   54.88000000   91.81000000   25.71289427   99.75025595   1.35931854   -0.09000614   
7.94000000   31.10000000   54.88000000   91.81000000   25.73054042   99.77750050   1.11865684   0.07830781   
7.94000000   31.10000000   54.88000000   91.81000000   25.72486842   99.77496276   1.24886742   0.09902294   
7.94000000   31.10000000   54.88000000   91.81000000   25.73859688   99.75576709   1.45355793   0.07060679   
7.94000000   31.10000000   54.88000000   91.81000000   25.72843520   99.75166388   2.08070455   0.22514845   
7.94000000   31.10000000   54.88000000   91.81000000   25.70998199   99.76310328   2.39087424   0.29477279   
7.94000000   31.10000000   54.88000000   91.81000000   25.70068148   99.75841161   1.75410451   0.32953521   
7.94000000   31.10000000   54.88000000   91.81000000   25.70702774   99.75701133   1.73923035   0.29234370   
7.94000000   31.10000000   54.88000000   91.81000000   25.71513858   99.77306279   2.04778434   0.19940357   
7.94000000   31.10000000   54.88000000   91.81000000   25.74125919   99.78542390   2.00630816   0.32730993   
7.94000000   31.10000000   54.88000000   91.81000000   25.75578450   99.76975885   2.35451632   0.07356319   
7.94000000   31.10000000   54.88000000   91.81000000   25.73830147   99.77246352   1.52864639   0.07006617   
7.94000000   31.10000000   54.88000000   91.81000000   25.74237778   99.76374599   1.88450788   -0.11360206   
7.94000000   31.10000000   54.88000000   91.81000000   25.71538901   99.76834572   2.18541082   0.01972912   
7.94000000   31.10000000   54.88000000   91.81000000   25.68591884   99.76949187   1.13844347   0.01974425   
7.94000000   31.10000000   54.88000000   91.81000000   25.70265408   99.77270389   1.50717022   -0.01858652   
7.94000000   31.10000000   54.88000000   91.81000000   25.67816038   99.76161987   1.70773495   -0.15007307   
7.94000000   31.10000000   54.88000000   91.81000000   25.68670303   99.73595676   1.28221662   -0.52618953   
7.94000000   31.10000000   54.88000000   91.81000000   25.71132822   99.72369160   1.11733379   -0.57264176   
7.94000000   31.10000000   54.88000000   91.81000000   25.71463555   99.74495060   1.22460287   -0.57014590   
7.94000000   31.10000000   54.88000000   91.81000000   25.72215035   99.73497022   1.22929331   -0.71302502   
7.94000000   31.10000000   54.88000000   91.81000000   25.74015179   99.75366023   1.12726407   -0.58375504   
7.94000000   31.10000000   54.88000000   91.81000000   25.71932054   99.75049936   1.05464062   -0.48592130   
7.94000000   31.10000000   54.88000000   91.81000000   25.71980222   99.74916973   1.04434809   -0.57814515   
7.94000000   31.10000000   54.88000000   91.81000000   25.73986534   99.73907839   1.33806985   -0.48215497   
7.94000000   31.10000000   54.88000000   91.81000000   25.71971816   99.74917132   1.71117836   -0.34703827   
7.94000000   31.10000000   54.88000000   91.81000000   25.71099278   99.74673420   1.44212889   -0.37864142   
7.94000000   31.10000000   54.88000000   91.81000000   25.71927357   99.74820870   1.23349963   -0.40661892   
7.94000000   31.10000000   54.88000000   91.81000000   25.72558452   99.74410741   1.21353355   -0.29502526   
7.94000000   31.10000000   54.88000000   91.81000000   25.75319016   99.73877399   1.04273116   -0.31113259   
7.94000000   31.10000000   54.88000000   91.81000000   25.73637853   99.73626674   1.11027176   -0.26645031   
7.94000000   31.10000000   54.88000000   91.81000000   25.73628579   99.72258101   1.18449628   -0.23993799   
7.94000000   31.10000000   54.88000000   91.81000000   25.71041664   99.73699093   1.09392691   -0.26797875   
7.94000000   31.10000000   54.88000000   91.81000000   25.74163069   99.71636849   1.38776464   -0.39528476   
7.94000000   31.10000000   54.88000000   91.81000000   25.71862085   99.71475408   1.42461052   -0.49937999   
7.94000000   31.10000000   54.88000000   91.81000000   25.73436994   99.70924957   1.43142736   -0.51543210   
7.94000000   31.10000000   54.88000000   91.81000000   25.71350335   99.73411409   1.09010816   -0.43441172   
7.94000000   31.10000000   54.88000000   91.81000000   25.74848613   99.73628125   1.29750853   -0.41540956   
7.94000000   31.10000000   54.88000000   91.81000000   25.72362167   99.76671009   1.12368384   -0.56025191   
7.94000000   31.10000000   54.88000000   91.81000000   25.71839288   99.76761863   1.01969588   -0.62629408   
7.94000000   31.10000000   54.88000000   91.81000000   25.72028383   99.74221162   1.36862969   -0.64016041   
7.94000000   31.10000000   54.88000000   91.81000000   25.73711570   99.74518156   1.09669186   -0.58426912   
7.94000000   31.10000000   54.88000000   91.81000000   25.75102261   99.74966074   1.05665172   -0.47010071   
7.94000000   31.10000000   54.88000000   91.81000000   25.72520423   99.75288552   1.56975544   -0.51453357   
7.94000000   31.10000000   54.88000000   91.81000000   25.73455494   99.75351519   1.49920635   -0.43210838   
7.94000000   31.10000000   54.88000000   91.81000000   25.75362865   99.74735375   1.16613630   -0.38201855   
7.94000000   31.10000000   54.88000000   91.81000000   25.72205737   99.73928950   1.51757012   -0.31468790   
7.94000000   31.10000000   54.88000000   91.81000000   25.72652919   99.74123553   2.15989883   -0.28090910   
7.94000000   31.10000000   54.88000000   91.81000000   25.73477647   99.77343661   2.01692864   -0.26086565   
7.94000000   31.10000000   54.88000000   91.81000000   25.72640838   99.77247529   1.58782575   -0.21021921   
7.94000000   31.10000000   54.88000000   91.81000000   25.72773598   99.75502706   1.43516312   -0.07374016   
7.94000000   31.10000000   54.88000000   91.81000000   25.70716088   99.73684937   1.43167209   -0.22332185   
7.94000000   31.10000000   54.88000000   91.81000000   25.71087409   99.77215072   1.52578868   -0.26633458   
7.94000000   31.10000000   54.88000000   91.81000000   25.72136759   99.75519624   1.99089923   -0.30709999   
7.94000000   31.10000000   54.88000000   91.81000000   25.73086645   99.73578796   1.29505244   -0.23204494   
7.94000000   31.10000000   54.88000000   91.81000000   25.72696348   99.76335713   1.20201619   -0.14105911   
7.94000000   31.10000000   54.88000000   91.81000000   25.71282108   99.72886599   1.18085788   -0.29305860   
7.94000000   31.10000000   54.88000000   91.81000000   25.72079386   99.75050133   1.54672683   -0.43632740   
7.94000000   31.10000000   54.88000000   91.81000000   25.72614133   99.74095023   1.61707227   -0.53330633   
7.94000000   31.10000000   54.88000000   91.81000000   25.73944364   99.75222385   1.70545470   -0.59517303   
7.94000000   31.10000000   54.88000000   91.81000000   25.73146031   99.76882076   1.15009900   -0.37531054   
7.94000000   31.10000000   54.88000000   91.81000000   25.72739542   99.74707830   1.23976394   -0.17583513   
7.94000000   31.10000000   54.88000000   91.81000000   25.73469115   99.77588071   1.07079579   -0.15435550   
7.94000000   31.10000000   54.88000000   91.81000000   25.72898766   99.76534109   1.33578597   -0.19300017   
7.94000000   31.10000000   54.88000000   91.81000000   25.71183250   99.75814520   1.74141511   -0.06267372   
7.94000000   31.10000000   54.88000000   91.81000000   25.73751169   99.74652045   1.17137931   -0.08262793   
7.94000000   31.10000000   54.88000000   91.81000000   25.73542163   99.74132625   1.07515817   -0.32379520   
7.94000000   31.10000000   54.88000000   91.81000000   25.73376040   99.73399192   1.62517864   -0.38200302   
7.94000000   31.10000000   54.88000000   91.81000000   25.73036852   99.74104258   1.38541517   -0.30070004   
7.94000000   31.10000000   54.88000000   91.81000000   25.72626858   99.72759847   1.25275001   -0.33495585   
7.94000000   31.10000000   54.88000000   91.81000000   25.71104754   99.74564048   1.36055049   -0.50575014   
7.94000000   31.10000000   54.88000000   91.81000000   25.72515901   99.74338020   1.59992622   -0.44007642   
7.94000000   31.10000000   54.88000000   91.81000000   25.74646574   99.72562016   1.32320600   -0.56927113   
7.94000000   31.10000000   54.88000000   91.81000000   25.74093910   99.71568211   1.61119590   -0.63732300   
7.94000000   31.10000000   54.88000000   91.81000000   25.74944781   99.71090395   1.25844493   -0.69252690   
7.94000000   31.10000000   54.88000000   91.81000000   25.74564301   99.71556349   1.12055231   -0.79257800   
7.94000000   31.10000000   54.88000000   91.81000000   25.72674571   99.73316575   1.22120353   -0.86617475   
7.94000000   31.10000000   54.88000000   91.81000000   25.73528071   99.73269358   1.09453094   -0.83406720   
7.94000000   31.10000000   54.88000000   91.81000000   25.72008382   99.71880395   1.21313228   -0.94974646   
7.94000000   31.10000000   54.88000000   91.81000000   25.71521241   99.71090922   1.18459773   -0.76879215   
7.94000000   31.10000000   54.88000000   91.81000000   25.70035099   99.73911915   1.22962270   -0.69794125   
7.94000000   31.10000000   54.88000000   91.81000000   25.73620692   99.73260525   2.03958138   -0.73698154   
7.94000000   31.10000000   54.88000000   91.81000000   25.72205820   99.73071052   2.20570671   -0.67795643   
7.94000000   31.10000000   54.88000000   91.81000000   25.75553436   99.74800688   1.24565538   -0.75283049   
7.94000000   31.10000000   54.88000000   91.81000000   25.74667387   99.71882153   1.39214498   -0.78051548   
7.94000000   31.10000000   54.88000000   91.81000000   25.75207007   99.74899777   1.97061380   -0.73178666   
7.94000000   31.10000000   54.88000000   91.81000000   25.75391276   99.74979484   1.66352651   -0.76234509   
7.94000000   31.10000000   54.88000000   91.81000000   25.74463097   99.73275572   1.52347006   -0.67058855   
7.94000000   31.10000000   54.88000000   91.81000000   25.73714206   99.71973159   1.13323657   -0.85578943   
7.94000000   31.10000000   54.88000000   91.81000000   25.72011526   99.71878169   1.16656161   -0.89250750   
7.94000000   31.10000000   54.88000000   91.81000000   25.73028230   99.74919941   1.10178479   -0.86878792   
7.94000000   31.10000000   54.88000000   91.81000000   25.72589203   99.76108434   1.13438639   -0.78381059   
7.94000000   31.10000000   54.88000000   91.81000000   25.72731311   99.72030278   1.40931269   -0.79531765   
7.94000000   31.10000000   54.88000000   91.81000000   25.73310439   99.72782394   1.21937787   -0.75608163   
7.94000000   31.10000000   54.88000000   91.81000000   25.72685821   99.74668330   1.24980627   -0.64274701   
7.94000000   31.10000000   54.88000000   91.81000000   25.73590230   99.75684616   1.13306452   -0.59909974   
7.94000000   31.10000000   54.88000000   91.81000000   25.71833706   99.75143704   1.03058530   -0.57903736   
7.94000000   31.10000000   54.88000000   91.81000000   25.73719795   99.74613773   1.48637188   -0.61497682   
7.94000000   31.10000000   54.88000000   91.81000000   25.73051606   99.76187830   1.11188545   -0.63789039   
7.94000000   31.10000000   54.88000000   91.81000000   25.71674620   99.76205809   1.38926161   -0.52362088   
7.94000000   31.10000000   54.88000000   91.81000000   25.72098696   99.72604062   1.72687040   -0.58311784   
7.94000000   31.10000000   54.88000000   91.81000000   25.72100629   99.74531742   1.38895411   -0.59308918   
7.94000000   31.10000000   54.88000000   91.81000000   25.74200600   99.73934848   1.56509273   -0.71781640   
7.94000000   31.10000000   54.88000000   91.81000000   25.74793930   99.73974265   1.54137521   -0.76836829   
7.94000000   31.10000000   54.88000000   91.81000000   25.76048424   99.73901726   1.21230469   -0.98406690   
7.94000000   31.10000000   54.88000000   91.81000000   25.75531797   99.73173224   1.78999837   -0.92238342   
7.94000000   31.10000000   54.88000000   91.81000000   25.77861227   99.72241260   1.66380199   -0.90431020   
7.94000000   31.10000000   54.88000000   91.81000000   25.74753295   99.71078776   1.68528191   -1.15640438   
7.94000000   31.10000000   54.88000000   91.81000000   25.76102909   99.71848571   1.56888153   -0.94097923   
7.94000000   31.10000000   54.88000000   91.81000000   25.75638702   99.73396145   1.64387282   -0.86652965   
7.94000000   31.10000000   54.88000000   91.81000000   25.73766744   99.73253886   1.52789546   -0.78084036   
7.94000000   31.10000000   54.88000000   91.81000000   25.70711316   99.71163119   1.61967837   -0.66245068   
7.94000000   31.10000000   54.88000000   91.81000000   25.70746114   99.74409099   1.60344877   -0.59662424   
7.94000000   31.10000000   54.88000000   91.81000000   25.71443033   99.74769795   1.31398079   -0.47904244   
7.94000000   31.10000000   54.88000000   91.81000000   25.71828552   99.77258193   1.07368421   -0.47610039   
7.94000000   31.10000000   54.88000000   91.81000000   25.72101423   99.77372067   1.04525256   -0.51329370   
7.94000000   31.10000000   54.88000000   91.81000000   25.73019300   99.76996593   1.19392572   -0.51992903   
7.94000000   31.10000000   54.88000000   91.81000000   25.71486636   99.76927106   1.48359863   -0.30887117   
7.94000000   31.10000000   54.88000000   91.81000000   25.70051440   99.77253945   1.00522665   -0.32665139   
7.94000000   31.10000000   54.88000000   91.81000000   25.70600583   99.75924812   1.45784346   -0.22647344   
7.94000000   31.10000000   54.88000000   91.81000000   25.71858595   99.74708495   1.00066241   -0.23075620   
7.94000000   31.10000000   54.88000000   91.81000000   25.70365700   99.76199980   1.14372222   -0.24532426   
7.94000000   31.10000000   54.88000000   91.81000000   25.72285052   99.74588762   1.94301700   -0.42588758   
7.94000000   31.10000000   54.88000000   91.81000000   25.72087333   99.73332817   2.17061685   -0.29850448   
7.94000000   31.10000000   54.88000000   91.81000000   25.73532670   99.71849784   1.61870547   -0.33355852   
7.94000000   31.10000000   54.88000000   91.81000000   25.73996126   99.73297197   1.42153622   -0.39300856   
7.94000000   31.10000000   54.88000000   91.81000000   25.72136068   99.76428025   1.12029695   -0.48045460   
7.94000000   31.10000000   54.88000000   91.81000000   25.70871609   99.76488457   1.01375362   -0.54042901   
7.94000000   31.10000000   54.88000000   91.81000000   25.71654106   99.73480673   1.07160284   -0.46698472   
7.94000000   31.10000000   54.88000000   91.81000000   25.73083317   99.71816331   1.11334786   -0.55746738   
7.94000000   31.10000000   54.88000000   91.81000000   25.71963454   99.74854621   1.35148114   -0.55448995   
7.94000000   31.10000000   54.88000000   91.81000000   25.71222791   99.73856015   1.12866513   -0.62198270   
7.94000000   31.10000000   54.88000000   91.81000000   25.70683363   99.71922589   1.10224140   -0.65941679   
7.94000000   31.10000000   54.88000000   91.81000000   25.72996933   99.72331854   1.50258589   -0.65537896   
7.94000000   31.10000000   54.88000000   91.81000000   25.73495544   99.73397085   1.57312492   -0.68585892   
7.94000000   31.10000000   54.88000000   91.81000000   25.72024184   99.74646471   1.07335134   -0.59420221   
7.94000000   31.10000000   54.88000000   91.81000000   25.73664707   99.73131503   1.07289669   -0.60211218   
7.94000000   31.10000000   54.88000000   91.81000000   25.71920846   99.73330414   1.01187889   -0.55290312   
7.94000000   31.10000000   54.88000000   91.81000000   25.74054997   99.72175958   1.21073452   -0.59452591   
7.94000000   31.10000000   54.88000000   91.81000000   25.73551820   99.73400425   1.22175936   -0.72232698   
7.94000000   31.10000000   54.88000000   91.81000000   25.72174415   99.75464877   1.03749440   -0.66956220   
7.94000000   31.10000000   54.88000000   91.81000000   25.73285935   99.75674806   1.08899836   -0.62514077   
7.94000000   31.10000000   54.88000000   91.81000000   25.72310959   99.74605794   1.38411062   -0.64717146   
7.94000000   31.10000000   54.88000000   91.81000000   25.72363436   99.74415701   1.06294019   -0.65691066   
7.94000000   31.10000000   54.88000000   91.81000000   25.71690844   99.73823511   1.07051075   -0.57430512   
7.94000000   31.10000000   54.88000000   91.81000000   25.71833405   99.73874181   1.24647701   -0.51496406   
7.94000000   31.10000000   54.88000000   91.81000000   25.72843276   99.74758014   1.16276135   -0.49847373   
7.94000000   31.10000000   54.88000000   91.81000000   25.71547624   99.74759024   1.13971671   -0.39440841   
7.94000000   31.10000000   54.88000000   91.81000000   25.71481805   99.72691045   2.24050457   -0.49988824   
7.94000000   31.10000000   54.88000000   91.81000000   25.71319685   99.73962551   1.67688354   -0.39662766   
7.94000000   31.10000000   54.88000000   91.81000000   25.70426906   99.74607802   1.53539702   -0.37951351   
7.94000000   31.10000000   54.88000000   91.81000000   25.72090499   99.76408026   1.44121135   -0.49776360   
7.94000000   31.10000000   54.88000000   91.81000000   25.72575501   99.72797477   1.57595058   -0.44169403   
7.94000000   31.10000000   54.88000000   91.81000000   25.73603816   99.73889937   1.64003395   -0.52727566   
7.94000000   31.10000000   54.88000000   91.81000000   25.72480827   99.74406942   1.42075409   -0.54250854   
7.94000000   31.10000000   54.88000000   91.81000000   25.74610681   99.74558799   1.18480426   -0.43810702   
7.94000000   31.10000000   54.88000000   91.81000000   25.74301991   99.73649394   2.12142173   -0.43482219   
7.94000000   31.10000000   54.88000000   91.81000000   25.71347073   99.77447113   1.21173069   -0.41930012   
7.94000000   31.10000000   54.88000000   91.81000000   25.71869955   99.76343005   1.36261506   -0.31481217   
7.94000000   31.10000000   54.88000000   91.81000000   25.72670060   99.75576265   1.48006709   -0.39272571   
7.94000000   31.10000000   54.88000000   91.81000000   25.72868981   99.74431579   1.50449577   -0.48470475   
7.94000000   31.10000000   54.88000000   91.81000000   25.72211564   99.74371242   1.62115342   -0.45985464   
7.94000000   31.10000000   54.88000000   91.81000000   25.73469732   99.72988077   1.73092928   -0.61817969   
7.94000000   31.10000000   54.88000000   91.81000000   25.74338538   99.73718044   1.63457603   -0.57303038   
7.94000000   31.10000000   54.88000000   91.81000000   25.73899796   99.72545258   1.07079756   -0.46801766   
7.94000000   31.10000000   54.88000000   91.81000000   25.72133048   99.73501884   1.57447775   -0.50915363   
7.94000000   31.10000000   54.88000000   91.81000000   25.74208856   99.75822578   1.62403395   -0.45953342   
7.94000000   31.10000000   54.88000000   91.81000000   25.74564174   99.75370885   1.67568442   -0.44721289   
7.94000000   31.10000000   54.88000000   91.81000000   25.73140284   99.73803174   1.06581483   -0.46379976   
7.94000000   31.10000000   54.88000000   91.81000000   25.72327987   99.73852948   1.25482949   -0.32669231   
7.94000000   31.10000000   54.88000000   91.81000000   25.72012348   99.74208368   1.53227867   -0.28524482   
7.94000000   31.10000000   54.88000000   91.81000000   25.73098895   99.73992263   1.79874417   -0.43490060   
7.94000000   31.10000000   54.88000000   91.81000000   25.69969648   99.74804151   1.18939626   -0.39364566   
7.94000000   31.10000000   54.88000000   91.81000000   25.70686187   99.73871147   1.22186689   -0.47509455   
7.94000000   31.10000000   54.88000000   91.81000000   25.70631945   99.73326252   1.24039980   -0.53327072   
7.94000000   31.10000000   54.88000000   91.81000000   25.72129561   99.72276802   1.71294349   -0.45285393   
