1104.18230737   
1125.14899719   
1112.75022817   
1046.62204075   
1024.66410309   
1145.52685134   
978.15673681   
920.51109358   
959.54081769   
934.95828201   
942.90777181   
958.23100282   
892.78649649   
856.91085673   
868.98083679   
826.63564448   
843.81017264   
781.33509094   
702.10949669   
720.41149610   
689.34955516   
735.40324295   
704.02348246   
764.72180415   
685.25268537   
705.23872917   
672.58141002   
670.51358760   
670.45148447   
667.56436050   
699.68097741   
640.94801089   
641.35102537   
647.98980018   
640.94414356   
650.31669484   
652.74886410   
655.26611371   
647.59344340   
639.70685415   
638.67157550   
633.08998298   
664.82105499   
645.98986560   
645.71522079   
643.97489930   
668.09886251   
632.92308328   
645.11953156   
631.93229944   
666.21058983   
655.96153088   
626.94082423   
635.57958817   
628.41754105   
631.72006574   
630.16400665   
644.77993982   
630.87908512   
633.28848868   
627.28938425   
641.70841909   
641.88222019   
625.39526195   
643.82092245   
624.60109924   
644.44180863   
627.57484145   
636.40827938   
636.37811203   
630.89471718   
640.00493985   
621.66628772   
624.72179596   
625.17139486   
622.94914618   
623.67520621   
624.69382801   
629.53268877   
618.21021246   
628.35001225   
637.23232871   
613.46935219   
618.51201804   
616.85155584   
625.63548648   
615.95248566   
624.65759936   
617.89597673   
615.64360544   
614.65843625   
615.71200226   
612.84759326   
619.94044643   
616.55591197   
622.89659598   
615.93530405   
628.65139331   
619.68197103   
618.16896470   
613.62832352   
618.28704949   
622.52813140   
619.15042607   
620.45468370   
620.24886575   
614.12068801   
616.16469695   
614.74000824   
618.66544437   
626.40074542   
615.60346110   
620.95504312   
612.74404487   
621.68272064   
619.37291041   
608.18354896   
617.30001594   
609.88983589   
614.26859578   
616.97401962   
606.51876895   
611.06952109   
608.85636336   
615.96239393   
613.12721325   
608.45927763   
619.72230046   
621.00904580   
612.86093190   
622.19707593   
608.04456540   
627.98342073   
614.82926750   
613.89993995   
604.70448845   
607.98026731   
605.33999550   
614.18057536   
614.57058838   
610.53566395   
614.45192583   
603.36842161   
610.39607718   
610.12117744   
604.33138618   
632.93497628   
605.91606121   
613.74702764   
608.98234353   
624.74721628   
619.40110993   
631.65840463   
636.79873544   
616.88126047   
613.07986638   
611.75555361   
609.98655079   
626.74268232   
611.58939719   
620.15071353   
635.02155727   
605.57996067   
608.42029570   
610.60308583   
612.61132367   
622.39757381   
605.28462770   
596.52277979   
600.20831903   
608.08576384   
597.02779362   
594.29174213   
598.77734769   
600.08363391   
594.10970652   
595.78346527   
617.08039278   
602.03386767   
597.32307837   
596.52007549   
596.16118263   
595.89579415   
590.94156916   
596.80644402   
596.48629022   
596.99234451   
601.03666202   
595.24800765   
590.18029582   
592.04578003   
593.59039354   
596.86575442   
591.98242974   
586.93130080   
590.77877367   
598.90816207   
596.82089786   
594.15500142   
596.82506120   
595.55400831   
587.74697871   
588.03539992   
584.43459869   
594.93519985   
584.55261067   
584.00669348   
582.99500950   
578.34761005   
578.82878740   
585.42764571   
580.95428264   
583.96904917   
582.32961751   
579.25095545   
577.45010573   
578.26221765   
590.93198819   
589.61227576   
582.63554952   
576.32322574   
570.75765240   
584.31950808   
579.26671431   
572.90237798   
574.04015114   
599.36240504   
595.70587100   
567.85720647   
569.82403972   
566.09624123   
571.74531645   
568.89778172   
572.74315650   
564.21669505   
563.85832299   
577.80118245   
560.62438451   
557.10418741   
558.89335062   
562.38917172   
558.96770930   
563.88941068   
556.82617568   
554.07060071   
555.99319991   
555.90697720   
561.43816650   
554.68531078   
555.26214256   
556.94764031   
560.44156096   
561.10844292   
559.58400088   
563.42438373   
558.81479848   
568.04360393   
562.37523355   
548.92383341   
548.70119766   
552.47270293   
546.94269094   
549.32357727   
549.27704794   
552.32053700   
545.21832956   
550.48937520   
545.23773393   
552.19185714   
579.96901874   
541.29820387   
544.92767727   
541.37102178   
539.73381824   
542.95135200   
551.50261930   
545.96739456   
550.50053714   
539.75981773   
540.38062650   
537.79839569   
545.20400240   
540.29251630   
544.99816915   
543.93630900   
538.09828902   
544.69491954   
537.35447411   
539.08452575   
539.11106580   
561.82802955   
566.08442403   
557.04182058   
538.75468845   
535.52926628   
537.86820917   
544.41398307   
533.08430919   
545.32480074   
547.19923861   
538.76444362   
540.27907757   
552.56352177   
534.11605755   
530.68988742   
528.62711427   
537.69991242   
535.70669634   
538.62665469   
532.45552257   
536.68411816   
527.05881899   
527.34951300   
526.01345151   
526.13647257   
527.43754892   
526.14855481   
527.54195608   
525.69817891   
531.62832816   
551.48982680   
538.77875288   
528.85822064   
529.49516507   
541.03549585   
525.00669028   
524.73868677   
539.82196691   
530.77820413   
529.06642177   
541.73361529   
529.69273628   
524.05957768   
525.74058902   
526.21192046   
527.21214563   
538.64045621   
531.26826031   
530.05707270   
530.01521166   
533.81400111   
528.34477449   
537.04238970   
521.66879928   
529.59720593   
519.99341715   
524.06378442   
534.80033503   
525.60539474   
526.20334064   
527.80898084   
529.73955601   
528.32653335   
525.65087012   
523.15995343   
528.16913310   
524.58992649   
523.49228249   
529.34335600   
520.79339353   
524.99486284   
521.34101917   
529.60360238   
523.24438569   
538.93592848   
519.78960082   
524.95845046   
522.56727474   
522.31890939   
524.25354926   
520.39485245   
530.03360396   
521.96834744   
536.92662122   
531.05026086   
516.95944526   
519.37516564   
524.91780897   
521.82774762   
531.83818102   
520.41400779   
517.15663394   
520.18165022   
519.20485808   
520.20242564   
517.50778562   
517.00298345   
524.35383819   
520.73905905   
519.02407587   
524.69763080   
519.54240296   
524.89500292   
524.65681864   
524.16290356   
523.84511218   
519.29653886   
531.15288626   
515.62067462   
524.57469553   
528.79251664   
527.38126963   
518.75587136   
524.24070440   
526.90426661   
538.14740087   
519.54297351   
521.89001806   
526.50421473   
518.53903541   
529.84637377   
521.10727983   
527.51303875   
525.02040176   
522.04557112   
520.90185052   
529.53020191   
535.61145926   
530.41383781   
529.97856721   
522.59498346   
537.09564266   
523.21610880   
530.56136868   
528.08631339   
525.74786990   
527.02288242   
546.51020298   
522.25157748   
521.81133959   
523.63211064   
531.48083518   
531.11411663   
517.51207238   
520.00608235   
520.01872430   
525.50300716   
527.39198177   
524.79883690   
540.87660658   
531.80027602   
527.60196150   
529.18283440   
531.28571356   
522.92129357   
525.79250191   
530.30171221   
525.13163769   
530.58546095   
530.36947937   
523.56806877   
526.23059064   
536.05756463   
520.23344623   
524.49017007   
520.55466475   
533.32315363   
528.09073702   
526.73535694   
524.55271831   
531.10796316   
523.56266377   
520.24200160   
518.64765034   
520.96020494   
530.07993088   
525.48581204   
522.70240904   
530.61473771   
532.43353549   
534.31080856   
523.06890178   
530.23431443   
527.48081087   
524.55240655   
529.51857416   
528.81388289   
546.08095368   
524.76127321   
527.82162324   
532.45175368   
536.84857470   
525.20094104   
528.80248947   
523.70811502   
533.00424797   
525.38066755   
535.52023489   
523.44162902   
524.68361972   
520.21762686   
528.56913910   
533.29420791   
527.65479765   
527.21867109   
531.72583245   
520.23856709   
529.72997815   
524.80847034   
525.79777371   
523.84631552   
524.61335634   
527.15222455   
524.43844523   
522.01662330   
525.62028183   
523.75268887   
523.85775865   
520.61047779   
519.98282695   
528.11793357   
520.99138797   
524.72787286   
526.18767791   
530.57980338   
523.61683311   
526.58328611   
525.81910780   
520.82992650   
528.36594766   
522.35853537   
528.34419204   
522.74490490   
517.14467572   
528.18163085   
520.82238614   
529.61319703   
522.37060259   
522.87531208   
531.74743687   
536.74864354   
524.75378265   
534.88704280   
527.58476823   
529.23480501   
522.82939558   
527.88137305   
522.83077240   
520.95744571   
523.32632290   
515.50262739   
525.70466932   
520.63153100   
527.98131771   
522.61729053   
527.31846662   
524.19991427   
521.48746269   
526.46961033   
524.35196095   
525.96980279   
519.37515321   
520.70856700   
525.42228926   
522.64590988   
522.19738638   
520.34219236   
545.62428834   
535.29583266   
523.47091838   
519.47101877   
520.05438799   
518.04040529   
524.75965839   
520.79607031   
530.57082293   
521.05346772   
525.55341425   
524.98326135   
522.98743928   
517.79422358   
519.16438620   
518.17581597   
518.68115956   
516.70382924   
525.81762113   
517.07804822   
518.16427044   
521.35790697   
527.57917851   
519.27850834   
524.75980777   
537.44814177   
528.48470273   
525.11488749   
521.49172317   
527.07759885   
529.14789766   
526.17159284   
524.08349498   
520.32357972   
520.28944239   
540.51548026   
517.45822927   
534.36205092   
530.00377793   
524.88642759   
535.80504730   
519.50620138   
525.95021933   
525.66223560   
530.21236251   
519.75992944   
522.16376953   
519.12471325   
520.40793622   
522.84703300   
523.82468637   
542.75842903   
517.89474128   
520.18746059   
522.93005248   
531.74530716   
527.09802146   
532.00488014   
523.78433352   
527.43228866   
520.47813413   
530.83548168   
524.02774082   
525.52544369   
533.30048167   
531.07946981   
538.72261355   
528.39438345   
565.94173499   
536.12528961   
524.83038301   
528.77205559   
536.31290421   
530.76327339   
525.69088959   
549.66218724   
531.86311014   
529.35303724   
516.65579166   
520.01583590   
530.77636699   
521.16587303   
532.03673378   
534.92020438   
523.26287624   
521.56152826   
521.39742192   
523.87347975   
525.57810788   
524.86962479   
518.58644350   
525.91868947   
525.75029724   
528.84947993   
522.78153747   
523.97845156   
528.72226837   
519.78647893   
519.91314428   
523.39538088   
520.01461861   
531.89185501   
521.38761414   
533.39232468   
521.87903588   
525.59893991   
531.57031326   
544.36585569   
527.12140039   
524.10097456   
540.24876749   
519.64860748   
528.55593380   
519.96555504   
520.53412016   
528.54688916   
524.39481061   
523.57502789   
520.42149251   
526.98159141   
540.74963416   
524.02576339   
527.81233507   
528.56597270   
524.52260676   
528.82275154   
529.14066351   
526.19156315   
523.83161670   
529.38013704   
520.12384497   
517.94726215   
520.80377084   
525.85284856   
522.80665110   
523.79945078   
524.31149574   
527.90674781   
529.55937189   
538.82635402   
527.53439215   
527.18084902   
526.74479498   
539.20405461   
542.06890661   
527.18065508   
527.87091779   
523.58367766   
528.19453920   
525.83545666   
529.20473410   
529.48720799   
525.58760296   
535.46481251   
525.81268306   
533.31679188   
527.25129658   
528.15684536   
525.26892523   
524.63151266   
532.43629477   
531.28242310   
524.47707294   
524.48230310   
534.59620905   
538.77233320   
527.98068160   
531.44020144   
522.62463618   
524.97232918   
522.09849944   
522.35574358   
523.43669742   
527.91808664   
523.39402062   
520.15545123   
523.00348640   
523.97342812   
524.73144355   
536.16059453   
530.19744816   
526.13656160   
531.41503622   
523.20934231   
523.22169589   
522.85407902   
524.91697004   
523.24745618   
522.56371890   
536.23130484   
529.44578495   
522.62186981   
529.55661622   
522.91317409   
524.99021479   
524.09694384   
523.54441455   
540.24725187   
522.11490944   
523.47776652   
538.76844299   
527.61557461   
528.12074731   
534.65133848   
530.59488090   
523.15073181   
531.11007587   
524.36689079   
528.41006226   
531.98774541   
524.45514132   
535.21007681   
527.83975034   
529.78013796   
531.00436300   
535.69320444   
546.98813693   
538.02860934   
538.96315986   
531.91161809   
526.57740105   
538.39389687   
532.30944776   
527.84451997   
536.49346701   
534.61029323   
535.51496566   
533.01642916   
541.27381526   
525.59081801   
531.18242048   
527.23773754   
529.07748725   
527.71629568   
525.16202094   
525.69407128   
525.86819049   
532.32217676   
525.88652036   
525.63483303   
541.43070338   
528.78299642   
530.49349180   
534.75206140   
530.93362434   
527.72220089   
519.93156189   
525.77865880   
523.89754247   
534.70000320   
518.60445128   
519.61019214   
527.88465871   
526.67448096   
516.89379238   
522.78536646   
526.02262188   
523.71785943   
522.61310778   
523.23720890   
522.20273580   
524.04545222   
527.34504619   
516.42210148   
516.95735296   
535.03785805   
520.00452394   
520.75421331   
517.32851417   
525.27149407   
521.80153109   
528.64593840   
527.05997711   
519.88896668   
533.57418421   
524.34766288   
525.81160501   
519.84079717   
523.69408706   
519.42371066   
534.48154055   
530.22077714   
519.56627624   
520.87141174   
530.97415716   
516.99416621   
524.50221082   
522.79867062   
535.02072183   
523.04141543   
529.86283224   
525.64581241   
531.79371638   
521.13212847   
520.14145768   
526.46044044   
531.46958892   
525.14427239   
522.88891611   
523.60215958   
522.11608646   
517.20742151   
523.24400586   
523.57391086   
529.85754821   
519.45407505   
520.80927262   
524.00033847   
529.70432509   
520.28154236   
522.45573142   
525.99108230   
517.67748833   
522.45348953   
517.89781743   
519.92130320   
525.79280180   
524.41282478   
522.76689979   
523.24860738   
522.94817969   
527.12878927   
518.42190094   
529.65637087   
520.77078943   
527.92444119   
529.30388966   
525.45846146   
519.79311180   
525.57793363   
529.27157210   
520.17036443   
528.81724098   
529.74862580   
550.24564519   
541.71763092   
528.87813478   
522.33476284   
526.19866665   
529.13986837   
520.47141128   
517.63724840   
524.57797206   
534.28778516   
518.13807517   
520.56363432   
519.81559923   
525.62193667   
520.63417117   
526.55879130   
524.05989621   
527.22679450   
519.21277319   
522.91891517   
522.68169190   
524.78849074   
525.89424400   
528.71616152   
523.68616494   
531.57575291   
535.44172139   
526.22094744   
523.60901709   
544.30775378   
521.66408794   
526.82882583   
522.16949447   
524.19344389   
523.17987221   
520.12815235   
521.71838078   
530.26967038   
519.37544062   
526.89821769   
526.44998896   
537.80547968   
526.13998416   
522.75116685   
520.48718111   
525.24866472   
522.06593778   
534.58793163   
529.15869902   
525.76064515   
523.45549985   
539.28245451   
523.25143049   
522.88913732   
519.09669643   
522.75644584   
533.15952855   
531.35069376   
527.64446091   
530.17798200   
523.84095447   
527.38152373   
529.88499985   
519.49122219   
526.19358492   
525.58623795   
535.71062255   
534.68866395   
522.62973875   
529.93133078   
525.98005481   
525.29965216   
532.02753338   
520.59018375   
520.35460594   
522.09599010   
531.80155821   
519.17380729   
521.90031567   
519.72221131   
529.01923843   
524.17669804   
521.31065147   
527.16497865   
521.38602629   
532.39596952   
521.36060333   
525.56749860   
526.95418675   
523.76816087   
524.71779449   
530.01096847   
536.20597492   
520.29458384   
524.55701059   
516.53225982   
519.23743014   
530.48747660   
518.39699096   
525.30572341   
519.13949131   
532.74849072   
524.14073460   
522.47957554   
523.67308663   
519.43242400   
517.73754873   
527.34686868   
522.71537858   
534.97612789   
522.40790425   
520.58286351   
534.52807591   
518.83360908   
523.72181005   
520.47797110   
521.08065579   
519.94246335   
525.47538119   
520.27342585   
524.56800729   
520.88385489   
521.43095367   
526.46177941   
524.30037390   
523.09567554   
523.36349175   
522.97297128   
518.85398985   
517.80307668   
530.63101221   
558.35076755   
516.81370328   
526.09241168   
527.39626672   
528.10048687   
519.04263136   
525.11132647   
523.88720045   
530.21124316   
522.98221677   
523.30659846   
519.80574208   
525.24408815   
520.79662153   
531.00645264   
522.03592127   
547.73500618   
538.35911416   
538.36380305   
528.61080937   
536.78869265   
523.26321178   
544.50375224   
531.78886775   
527.50272744   
524.49203044   
529.67934556   
538.00110940   
523.03518426   
528.83397841   
522.62858517   
532.31430028   
531.17366594   
531.00074057   
534.58827511   
520.54929845   
524.82195126   
526.57939754   
528.90595159   
530.93971954   
530.15881746   
538.84141091   
528.12129195   
530.36883957   
521.21826529   
527.06436454   
526.29981360   
524.57376583   
527.20670642   
538.65441923   
549.28288273   
524.56637085   
519.36419309   
518.32440400   
525.79212194   
526.56515492   
526.23519860   
528.29412062   
523.98517355   
523.22608017   
518.44121790   
523.59968653   
534.09663431   
524.59229228   
523.32462687   
525.53716239   
532.86730551   
530.12950641   
521.27106069   
520.30917722   
536.41417791   
521.38953068   
532.25518704   
534.19261235   
521.98631377   
529.41721112   
538.17013886   
520.57770860   
526.60092218   
517.69295203   
531.43954092   
525.39858213   
523.30629695   
518.05947903   
518.20121046   
522.39663003   
560.77749563   
522.80406040   
520.38262330   
529.48899003   
523.44722040   
525.63066150   
528.58776833   
521.30178025   
544.22854866   
533.52528805   
518.49848852   
530.23451850   
527.25531734   
523.08871579   
521.79260661   
528.49714964   
522.92247340   
520.01646074   
519.95061691   
544.95834751   
524.25037108   
523.31762535   
520.63004654   
564.85012415   
532.91715257   
521.11286804   
519.73214147   
527.36289072   
526.72942640   
533.54048156   
520.37497665   
519.52329327   
521.01007904   
522.15898602   
536.12613553   
523.53935744   
528.49534228   
525.30405091   
521.63076833   
528.03052241   
529.31861501   
526.25835403   
528.58470582   
525.58094813   
529.37222620   
524.26799306   
525.61551406   
538.98294330   
523.01945783   
523.94496604   
535.62579017   
533.05386805   
521.05346461   
533.98658373   
525.26736558   
523.92302650   
522.68155388   
533.08976149   
534.52327342   
532.13083618   
519.98053647   
522.55839933   
522.57277499   
525.86807665   
524.77747464   
524.76786739   
560.41478689   
527.59177423   
529.81691177   
531.96119044   
528.44057368   
521.43420352   
526.05354534   
523.32014508   
522.90297463   
538.15795461   
522.73471655   
541.21542287   
517.78552233   
520.95981465   
522.39130293   
523.04647049   
523.81239853   
519.30493932   
519.76639105   
522.95055631   
530.07429266   
524.82412344   
524.91112934   
528.18057856   
548.24047808   
517.99581488   
527.40336766   
527.06956147   
528.70432287   
525.92600644   
526.04944846   
518.63060529   
526.77778438   
519.92848133   
520.81111454   
520.72205422   
518.44892077   
520.36047589   
526.55836612   
527.73804114   
529.87631619   
519.49477671   
519.37077552   
523.35144692   
523.87947734   
515.87300028   
522.90135993   
522.89031123   
530.63659483   
516.43684191   
525.27891451   
536.15279618   
522.23591390   
529.07613198   
518.20765818   
534.09823981   
517.32442423   
521.13134846   
526.93387029   
519.20910170   
517.83806722   
524.69430118   
520.92222214   
516.91533670   
526.10539338   
521.76808716   
526.39602695   
519.54341378   
530.83474679   
526.82362364   
525.02978932   
521.81392516   
520.71928319   
521.35324668   
524.12322606   
520.91189325   
525.05449980   
525.16519636   
523.93425999   
518.70044958   
531.12720168   
529.00420282   
523.83116875   
519.70398309   
519.29456242   
528.16593878   
521.19979149   
528.47342876   
528.61254232   
518.04479286   
537.62490710   
525.06311974   
522.20325179   
530.04694343   
525.32433000   
520.98288232   
539.03372673   
520.54530014   
523.38442591   
516.68285108   
525.41889616   
531.84442427   
528.06477206   
520.83503458   
520.58308921   
518.52927610   
522.25406719   
522.99419019   
523.17869712   
527.52122920   
530.45965364   
521.91536452   
520.91113035   
524.22384861   
524.20816507   
516.52847953   
521.73098336   
518.51683855   
525.20888166   
526.17186067   
528.17951817   
516.69692991   
520.57031422   
523.69408098   
517.24337161   
527.99433889   
522.86132078   
516.33978209   
522.91468466   
522.69375666   
520.84806516   
523.41139645   
521.33965371   
523.57453294   
529.36943921   
522.42345900   
530.71399587   
522.49615635   
523.80445745   
519.91038187   
518.66263972   
522.01301494   
526.08363351   
528.79990570   
527.58529454   
518.93133111   
517.57047206   
525.90814502   
523.12545650   
530.82931475   
526.38993289   
525.46617652   
527.66541581   
531.81484555   
522.86517396   
521.25815958   
519.76145328   
528.66595242   
518.97105502   
522.23102270   
522.94398413   
520.41845721   
519.37218523   
545.02943071   
527.23245767   
519.69402837   
523.19895580   
522.60425928   
521.64418582   
521.17805822   
525.86715718   
523.41449152   
521.79288992   
518.88607050   
518.62880187   
522.65019500   
521.08135228   
525.12009563   
516.60281480   
518.75425119   
522.48288271   
521.07087616   
519.79029344   
534.24147124   
526.71068295   
519.86292301   
525.16330552   
521.10023506   
523.09942222   
520.20444478   
529.53896543   
521.81488733   
517.82358945   
524.69681408   
522.78839836   
523.39358921   
525.21541695   
523.17106860   
522.42892972   
525.07941031   
531.19876700   
525.73629482   
527.04032498   
520.11938504   
534.51343238   
518.27148855   
520.12973408   
517.92130638   
537.94693727   
532.68455905   
521.38282142   
