1104.18230737   
1046.62204075   
1024.66410309   
978.15673681   
920.51109358   
892.78649649   
856.91085673   
826.63564448   
781.33509094   
702.10949669   
689.34955516   
685.25268537   
672.58141002   
670.51358760   
670.45148447   
667.56436050   
640.94801089   
641.35102537   
640.94414356   
639.70685415   
638.67157550   
633.08998298   
632.92308328   
631.93229944   
626.94082423   
627.28938425   
625.39526195   
624.60109924   
621.66628772   
622.94914618   
624.69382801   
618.21021246   
613.46935219   
615.64360544   
614.65843625   
615.71200226   
612.84759326   
614.12068801   
614.74000824   
618.66544437   
615.60346110   
612.74404487   
608.18354896   
609.88983589   
606.51876895   
611.06952109   
608.85636336   
608.45927763   
608.04456540   
604.70448845   
605.33999550   
603.36842161   
604.33138618   
605.91606121   
608.98234353   
609.98655079   
605.57996067   
605.28462770   
596.52277979   
597.02779362   
594.29174213   
594.10970652   
595.78346527   
596.16118263   
595.89579415   
590.94156916   
590.18029582   
592.04578003   
591.98242974   
586.93130080   
588.03539992   
584.43459869   
584.55261067   
584.00669348   
582.99500950   
578.34761005   
578.82878740   
579.25095545   
577.45010573   
578.26221765   
576.32322574   
570.75765240   
572.90237798   
574.04015114   
567.85720647   
566.09624123   
564.21669505   
563.85832299   
560.62438451   
557.10418741   
558.96770930   
556.82617568   
554.07060071   
555.90697720   
554.68531078   
555.26214256   
548.92383341   
548.70119766   
546.94269094   
545.21832956   
545.23773393   
541.29820387   
541.37102178   
539.73381824   
542.95135200   
539.75981773   
540.38062650   
537.79839569   
538.09828902   
537.35447411   
539.08452575   
539.11106580   
538.75468845   
535.52926628   
537.86820917   
533.08430919   
534.11605755   
530.68988742   
528.62711427   
527.05881899   
527.34951300   
526.01345151   
526.13647257   
527.43754892   
526.14855481   
527.54195608   
525.69817891   
525.00669028   
524.73868677   
529.69273628   
524.05957768   
525.74058902   
530.01521166   
528.34477449   
521.66879928   
519.99341715   
521.34101917   
519.78960082   
522.56727474   
522.31890939   
520.39485245   
521.96834744   
516.95944526   
517.15663394   
517.00298345   
515.62067462   
518.75587136   
519.54297351   
518.53903541   
520.90185052   
521.81133959   
517.51207238   
520.01872430   
520.23344623   
520.55466475   
520.24200160   
518.64765034   
520.96020494   
523.06890178   
524.76127321   
525.20094104   
523.70811502   
523.44162902   
524.68361972   
520.21762686   
520.23856709   
523.75268887   
523.85775865   
520.61047779   
519.98282695   
520.99138797   
520.82992650   
522.35853537   
522.74490490   
517.14467572   
515.50262739   
518.04040529   
517.79422358   
519.16438620   
518.17581597   
518.68115956   
516.70382924   
517.07804822   
518.16427044   
519.27850834   
520.32357972   
520.28944239   
517.45822927   
519.12471325   
522.84703300   
523.82468637   
517.89474128   
524.02774082   
528.39438345   
524.83038301   
516.65579166   
519.91314428   
520.01461861   
521.38761414   
521.87903588   
525.59893991   
527.12140039   
524.10097456   
519.64860748   
519.96555504   
520.53412016   
520.42149251   
524.52260676   
526.19156315   
523.83161670   
520.12384497   
517.94726215   
520.80377084   
522.80665110   
524.31149574   
527.90674781   
527.53439215   
527.18084902   
526.74479498   
527.18065508   
527.87091779   
523.58367766   
525.58760296   
525.81268306   
525.26892523   
524.63151266   
524.47707294   
524.48230310   
522.62463618   
522.09849944   
522.35574358   
523.39402062   
520.15545123   
523.24745618   
522.56371890   
522.62186981   
522.91317409   
524.09694384   
523.54441455   
522.11490944   
523.47776652   
523.15073181   
524.45514132   
527.83975034   
529.78013796   
531.00436300   
526.57740105   
527.84451997   
534.61029323   
533.01642916   
525.59081801   
525.16202094   
525.86819049   
525.88652036   
525.63483303   
530.93362434   
527.72220089   
519.93156189   
518.60445128   
516.89379238   
516.42210148   
516.95735296   
517.32851417   
519.84079717   
519.42371066   
519.56627624   
516.99416621   
517.20742151   
520.28154236   
517.67748833   
522.45348953   
517.89781743   
522.76689979   
523.24860738   
522.94817969   
518.42190094   
519.79311180   
520.17036443   
522.33476284   
520.47141128   
517.63724840   
518.13807517   
520.56363432   
519.81559923   
520.63417117   
519.21277319   
522.68169190   
526.22094744   
523.60901709   
521.66408794   
522.16949447   
524.19344389   
523.17987221   
520.12815235   
519.37544062   
520.48718111   
519.09669643   
519.49122219   
520.59018375   
520.35460594   
519.17380729   
521.31065147   
521.38602629   
521.36060333   
520.29458384   
516.53225982   
520.58286351   
518.83360908   
520.47797110   
521.08065579   
519.94246335   
520.27342585   
520.88385489   
522.97297128   
518.85398985   
517.80307668   
516.81370328   
519.04263136   
520.79662153   
522.03592127   
523.03518426   
522.62858517   
520.54929845   
521.21826529   
527.20670642   
524.56637085   
519.36419309   
518.32440400   
518.44121790   
520.30917722   
521.98631377   
520.57770860   
517.69295203   
518.05947903   
518.20121046   
518.49848852   
520.01646074   
519.95061691   
523.31762535   
520.63004654   
519.73214147   
519.52329327   
521.01007904   
521.63076833   
526.25835403   
528.58470582   
525.58094813   
524.26799306   
523.01945783   
521.05346461   
523.92302650   
522.68155388   
519.98053647   
522.55839933   
522.57277499   
521.43420352   
523.32014508   
522.90297463   
522.73471655   
517.78552233   
520.95981465   
522.39130293   
523.04647049   
523.81239853   
519.30493932   
519.76639105   
522.95055631   
517.99581488   
518.63060529   
520.72205422   
518.44892077   
520.36047589   
519.49477671   
519.37077552   
515.87300028   
516.43684191   
517.32442423   
517.83806722   
516.91533670   
518.70044958   
518.04479286   
520.54530014   
516.68285108   
516.52847953   
516.69692991   
517.24337161   
516.33978209   
522.69375666   
520.84806516   
522.49615635   
523.80445745   
519.91038187   
518.66263972   
518.93133111   
517.57047206   
523.12545650   
522.86517396   
521.25815958   
519.76145328   
518.97105502   
520.41845721   
519.37218523   
519.69402837   
518.88607050   
518.62880187   
522.65019500   
521.08135228   
516.60281480   
519.79029344   
519.86292301   
521.10023506   
520.20444478   
517.82358945   
517.92130638   
521.38282142   
