7.78000000   321.38000000   0.93000000   -43.72000000   25.54850606   99.97129158   27.80261163   -0.33119187   
7.78000000   321.38000000   0.93000000   -43.72000000   25.55551446   99.96311102   27.85253734   -0.50529501   
7.78000000   321.38000000   0.93000000   -43.72000000   25.58095668   99.96363914   27.48000526   -0.57498246   
7.78000000   321.38000000   0.93000000   -43.72000000   25.60002528   99.97252030   27.15494276   -0.61722560   
7.78000000   321.38000000   0.93000000   -43.72000000   25.64203034   99.92103255   27.02250192   -0.76772329   
7.78000000   321.38000000   0.93000000   -43.72000000   25.68728961   99.92755169   26.67710372   -0.66415282   
7.78000000   321.38000000   0.93000000   -43.72000000   25.68350206   99.92307571   27.14613003   -0.49206902   
7.78000000   321.38000000   0.93000000   -43.72000000   25.71105573   99.89845407   27.51612226   -0.54419246   
7.78000000   321.38000000   0.93000000   -43.72000000   25.73122740   99.89923258   27.30315352   -0.53140784   
7.78000000   321.38000000   0.93000000   -43.72000000   25.77041743   99.91146751   27.44601671   -0.40462875   
7.78000000   321.38000000   0.93000000   -43.72000000   25.75918627   99.89971554   27.28669101   -0.52190951   
7.78000000   321.38000000   0.93000000   -43.72000000   25.78503207   99.89165108   27.09709162   -0.58929375   
7.78000000   321.38000000   0.93000000   -43.72000000   25.79294489   99.85141952   26.66263900   -0.67944716   
7.78000000   321.38000000   0.93000000   -43.72000000   25.80943447   99.83760498   27.29036803   -0.68707800   
7.78000000   321.38000000   0.93000000   -43.72000000   25.78588610   99.84739246   26.36155538   -0.60129352   
7.78000000   321.38000000   0.93000000   -43.72000000   25.80873969   99.84589833   25.67189972   -0.78983218   
7.78000000   321.38000000   0.93000000   -43.72000000   25.80743536   99.83559872   25.70469498   -0.86730809   
7.78000000   321.38000000   0.93000000   -43.72000000   25.82054547   99.79232277   26.27217985   -1.03433498   
7.78000000   321.38000000   0.93000000   -43.72000000   25.82200905   99.77333796   25.86528020   -1.17360097   
7.78000000   321.38000000   0.93000000   -43.72000000   25.81203584   99.76541419   24.66024764   -1.31021075   
7.78000000   321.38000000   0.93000000   -43.72000000   25.82691604   99.75103761   23.93610354   -1.26174543   
7.78000000   321.38000000   0.93000000   -43.72000000   25.81222705   99.71774115   23.30405805   -1.42383547   
7.78000000   321.38000000   0.93000000   -43.72000000   25.79673300   99.70482994   23.67254894   -1.39363457   
7.78000000   321.38000000   0.93000000   -43.72000000   25.80580210   99.71412011   23.34232331   -1.35666851   
7.78000000   321.38000000   0.93000000   -43.72000000   25.80778139   99.70558704   24.00191982   -1.27081899   
7.78000000   321.38000000   0.93000000   -43.72000000   25.84988470   99.71567480   23.06248126   -1.29539107   
7.78000000   321.38000000   0.93000000   -43.72000000   25.86215593   99.71897660   22.67819006   -1.30882155   
7.78000000   321.38000000   0.93000000   -43.72000000   25.82872969   99.71496589   21.30962154   -1.37152215   
7.78000000   321.38000000   0.93000000   -43.72000000   25.81220027   99.72132231   20.94382995   -1.28651850   
7.78000000   321.38000000   0.93000000   -43.72000000   25.81787878   99.73476575   20.27355364   -1.16951038   
7.78000000   321.38000000   0.93000000   -43.72000000   25.84871451   99.71961437   20.54934747   -1.06481169   
7.78000000   321.38000000   0.93000000   -43.72000000   25.86818415   99.71145918   20.48120855   -1.04362716   
7.78000000   321.38000000   0.93000000   -43.72000000   25.84190821   99.70804953   21.02674296   -1.04983452   
7.78000000   321.38000000   0.93000000   -43.72000000   25.83598189   99.70927784   20.98702944   -0.88158371   
7.78000000   321.38000000   0.93000000   -43.72000000   25.82832311   99.71148428   21.05151725   -0.87903346   
7.78000000   321.38000000   0.93000000   -43.72000000   25.83212636   99.70322466   21.30442226   -0.79268417   
7.78000000   321.38000000   0.93000000   -43.72000000   25.82613427   99.70780505   21.12533211   -0.79523815   
7.78000000   321.38000000   0.93000000   -43.72000000   25.82068230   99.71002446   21.58191972   -0.76588785   
7.78000000   321.38000000   0.93000000   -43.72000000   25.81662405   99.70257867   20.75020019   -0.79232962   
7.78000000   321.38000000   0.93000000   -43.72000000   25.82145899   99.70532614   20.47774386   -0.75216300   
7.78000000   321.38000000   0.93000000   -43.72000000   25.82237908   99.71877756   19.48309531   -0.72238510   
7.78000000   321.38000000   0.93000000   -43.72000000   25.82096907   99.72707809   19.52834771   -0.56696386   
7.78000000   321.38000000   0.93000000   -43.72000000   25.81868574   99.71339433   19.26035153   -0.62350773   
7.78000000   321.38000000   0.93000000   -43.72000000   25.82915032   99.70772457   19.59037044   -0.70866190   
7.78000000   321.38000000   0.93000000   -43.72000000   25.83655426   99.70511711   19.89404630   -0.54291511   
7.78000000   321.38000000   0.93000000   -43.72000000   25.82850217   99.70942550   19.06366785   -0.46533545   
7.78000000   321.38000000   0.93000000   -43.72000000   25.81957200   99.70953125   18.87827293   -0.43346666   
7.78000000   321.38000000   0.93000000   -43.72000000   25.81365437   99.71267289   19.09794810   -0.38626490   
7.78000000   321.38000000   0.93000000   -43.72000000   25.80416228   99.71547866   19.60399886   -0.29129851   
7.78000000   321.38000000   0.93000000   -43.72000000   25.78534902   99.70095031   20.28650663   -0.14393333   
7.78000000   321.38000000   0.93000000   -43.72000000   25.81301420   99.70977377   20.48526559   -0.08915249   
7.78000000   321.38000000   0.93000000   -43.72000000   25.79864925   99.71189572   20.37433322   -0.11068328   
7.78000000   321.38000000   0.93000000   -43.72000000   25.83083499   99.71387111   19.85325644   -0.06845404   
7.78000000   321.38000000   0.93000000   -43.72000000   25.75892615   99.70491779   19.20576409   -0.09996319   
7.78000000   321.38000000   0.93000000   -43.72000000   25.81037672   99.70290333   19.16667009   -0.14054451   
7.78000000   321.38000000   0.93000000   -43.72000000   25.79431235   99.70530162   19.08201059   0.01662118   
7.78000000   321.38000000   0.93000000   -43.72000000   25.79789654   99.70821385   18.38823210   -0.02516636   
7.78000000   321.38000000   0.93000000   -43.72000000   25.78594798   99.71270548   18.00435259   0.03800337   
7.78000000   321.38000000   0.93000000   -43.72000000   25.81113176   99.70184192   18.28098727   -0.03435427   
7.78000000   321.38000000   0.93000000   -43.72000000   25.80444778   99.70349934   18.02884006   -0.00564120   
7.78000000   321.38000000   0.93000000   -43.72000000   25.82687122   99.70564461   17.74160302   0.09035870   
7.78000000   321.38000000   0.93000000   -43.72000000   25.80498619   99.72058296   17.71804792   0.26674789   
7.78000000   321.38000000   0.93000000   -43.72000000   25.81033602   99.70919407   17.70116269   0.27120255   
7.78000000   321.38000000   0.93000000   -43.72000000   25.79497484   99.72534418   17.31731943   0.15350090   
7.78000000   321.38000000   0.93000000   -43.72000000   25.78362642   99.72400089   17.20599525   0.07180304   
7.78000000   321.38000000   0.93000000   -43.72000000   25.78419861   99.71527813   17.44850685   0.05094561   
7.78000000   321.38000000   0.93000000   -43.72000000   25.76742695   99.70990465   17.86684776   0.10991079   
7.78000000   321.38000000   0.93000000   -43.72000000   25.76133008   99.70394553   17.74242344   0.18947735   
7.78000000   321.38000000   0.93000000   -43.72000000   25.74589281   99.70570510   16.82787636   0.20151769   
7.78000000   321.38000000   0.93000000   -43.72000000   25.79375287   99.70465117   17.28057524   0.33017849   
7.78000000   321.38000000   0.93000000   -43.72000000   25.77901414   99.70379910   17.12334352   0.13522276   
7.78000000   321.38000000   0.93000000   -43.72000000   25.79895495   99.70197861   16.43912907   0.21788943   
7.78000000   321.38000000   0.93000000   -43.72000000   25.79386934   99.70002148   15.48646838   0.22029053   
7.78000000   321.38000000   0.93000000   -43.72000000   25.76412895   99.70952580   15.50338196   0.39116450   
7.78000000   321.38000000   0.93000000   -43.72000000   25.79716152   99.70799978   14.65839365   0.34565542   
7.78000000   321.38000000   0.93000000   -43.72000000   25.81379261   99.71363572   14.08557376   0.34345233   
7.78000000   321.38000000   0.93000000   -43.72000000   25.80227279   99.72139628   14.26942272   0.39893238   
7.78000000   321.38000000   0.93000000   -43.72000000   25.80162979   99.71850766   15.06570242   0.43656188   
7.78000000   321.38000000   0.93000000   -43.72000000   25.79356937   99.72965492   14.93493273   0.46034499   
7.78000000   321.38000000   0.93000000   -43.72000000   25.80753014   99.73528534   14.79797204   0.49657380   
7.78000000   321.38000000   0.93000000   -43.72000000   25.80897559   99.72010508   15.40223130   0.41740447   
7.78000000   321.38000000   0.93000000   -43.72000000   25.81444810   99.72009024   15.33538283   0.48277512   
7.78000000   321.38000000   0.93000000   -43.72000000   25.82392776   99.71427496   14.54509150   0.55976115   
7.78000000   321.38000000   0.93000000   -43.72000000   25.80923373   99.71612833   14.54688350   0.67670086   
7.78000000   321.38000000   0.93000000   -43.72000000   25.80134060   99.70297137   14.97635048   0.72423583   
7.78000000   321.38000000   0.93000000   -43.72000000   25.77826181   99.70417298   14.45637103   0.75431023   
7.78000000   321.38000000   0.93000000   -43.72000000   25.76426219   99.74720071   13.66156587   0.70662103   
7.78000000   321.38000000   0.93000000   -43.72000000   25.76477144   99.71896502   13.61522571   0.72455725   
7.78000000   321.38000000   0.93000000   -43.72000000   25.76843178   99.71207226   13.73178399   0.54817653   
7.78000000   321.38000000   0.93000000   -43.72000000   25.77232838   99.70170354   13.15049321   0.47949842   
7.78000000   321.38000000   0.93000000   -43.72000000   25.75884311   99.71073236   12.96116644   0.47279046   
7.78000000   321.38000000   0.93000000   -43.72000000   25.77260709   99.71083534   12.07711951   0.46647828   
7.78000000   321.38000000   0.93000000   -43.72000000   25.76665192   99.71880669   12.15372253   0.64986601   
7.78000000   321.38000000   0.93000000   -43.72000000   25.77437053   99.73091940   11.44151345   0.79223690   
7.78000000   321.38000000   0.93000000   -43.72000000   25.73443058   99.73682190   10.39598349   0.77225910   
7.78000000   321.38000000   0.93000000   -43.72000000   25.74520397   99.71780208   10.04516687   0.86064922   
7.78000000   321.38000000   0.93000000   -43.72000000   25.72142163   99.72003013   10.04151251   0.82263417   
7.78000000   321.38000000   0.93000000   -43.72000000   25.72932521   99.72051449   10.36798473   0.91630021   
7.78000000   321.38000000   0.93000000   -43.72000000   25.73172596   99.75696688   9.04393164   0.88153956   
7.78000000   321.38000000   0.93000000   -43.72000000   25.73611411   99.74181690   9.61806966   1.04896660   
7.78000000   321.38000000   0.93000000   -43.72000000   25.72848510   99.75726450   9.51290535   0.92933832   
7.78000000   321.38000000   0.93000000   -43.72000000   25.75568324   99.73844836   9.58335395   0.79156985   
7.78000000   321.38000000   0.93000000   -43.72000000   25.73542988   99.74766305   9.42429570   0.66767064   
7.78000000   321.38000000   0.93000000   -43.72000000   25.74401197   99.73184883   8.81028836   0.64032262   
7.78000000   321.38000000   0.93000000   -43.72000000   25.74004555   99.72762749   8.84785543   0.72422240   
7.78000000   321.38000000   0.93000000   -43.72000000   25.73489065   99.73350810   9.10174744   0.60460169   
7.78000000   321.38000000   0.93000000   -43.72000000   25.72662827   99.71106717   9.02964460   0.50844017   
7.78000000   321.38000000   0.93000000   -43.72000000   25.73635400   99.72933923   8.87695454   0.37397299   
7.78000000   321.38000000   0.93000000   -43.72000000   25.72997036   99.70593158   8.39425967   0.36385128   
7.78000000   321.38000000   0.93000000   -43.72000000   25.71616411   99.70684531   7.89836526   0.31866606   
7.78000000   321.38000000   0.93000000   -43.72000000   25.72772116   99.70209454   7.93320521   0.32800843   
7.78000000   321.38000000   0.93000000   -43.72000000   25.73672431   99.70101459   8.85884186   0.38772722   
7.78000000   321.38000000   0.93000000   -43.72000000   25.71389725   99.71580246   8.16283587   0.24055563   
7.78000000   321.38000000   0.93000000   -43.72000000   25.72139612   99.70945296   8.57649679   0.24246061   
7.78000000   321.38000000   0.93000000   -43.72000000   25.72405471   99.71567482   8.89108503   0.38866537   
7.78000000   321.38000000   0.93000000   -43.72000000   25.75899681   99.72364185   8.92971221   0.32123803   
7.78000000   321.38000000   0.93000000   -43.72000000   25.71924512   99.74537452   7.64811347   0.32866602   
7.78000000   321.38000000   0.93000000   -43.72000000   25.72407443   99.75227599   7.84040546   0.35387636   
7.78000000   321.38000000   0.93000000   -43.72000000   25.73807319   99.72076840   8.78482878   0.48884305   
7.78000000   321.38000000   0.93000000   -43.72000000   25.71902371   99.72327546   8.53126872   0.42311749   
7.78000000   321.38000000   0.93000000   -43.72000000   25.72962596   99.74912083   8.15235822   0.35336434   
7.78000000   321.38000000   0.93000000   -43.72000000   25.74235468   99.75198309   8.50182180   0.37270639   
7.78000000   321.38000000   0.93000000   -43.72000000   25.75393873   99.73901087   8.47542633   0.49971504   
7.78000000   321.38000000   0.93000000   -43.72000000   25.72703871   99.74769746   8.13709559   0.56953735   
7.78000000   321.38000000   0.93000000   -43.72000000   25.73378032   99.73384494   7.85339330   0.48347541   
7.78000000   321.38000000   0.93000000   -43.72000000   25.75524230   99.72042191   7.91384490   0.39018058   
7.78000000   321.38000000   0.93000000   -43.72000000   25.75607906   99.72264867   8.61473949   0.28637329   
7.78000000   321.38000000   0.93000000   -43.72000000   25.74976018   99.73517096   8.27416998   0.25346294   
7.78000000   321.38000000   0.93000000   -43.72000000   25.74363573   99.71154316   7.99494886   0.24743911   
7.78000000   321.38000000   0.93000000   -43.72000000   25.72416698   99.74803894   7.53505878   0.28448834   
7.78000000   321.38000000   0.93000000   -43.72000000   25.73616496   99.74164950   7.27850422   0.28375543   
7.78000000   321.38000000   0.93000000   -43.72000000   25.73732018   99.74883047   7.27736943   0.12027221   
7.78000000   321.38000000   0.93000000   -43.72000000   25.73555096   99.75222115   7.15465458   0.08997582   
7.78000000   321.38000000   0.93000000   -43.72000000   25.74399806   99.73367318   6.90385526   0.15474874   
7.78000000   321.38000000   0.93000000   -43.72000000   25.72780850   99.73339239   6.86445469   0.21631182   
7.78000000   321.38000000   0.93000000   -43.72000000   25.73190688   99.75643284   6.66620929   0.12238967   
7.78000000   321.38000000   0.93000000   -43.72000000   25.70639703   99.74815581   6.64853186   0.24325650   
7.78000000   321.38000000   0.93000000   -43.72000000   25.70152220   99.73548782   6.53244717   0.09343305   
7.78000000   321.38000000   0.93000000   -43.72000000   25.68307523   99.74611086   5.60812322   0.13216034   
7.78000000   321.38000000   0.93000000   -43.72000000   25.69839792   99.74338448   6.35514408   0.12815050   
7.78000000   321.38000000   0.93000000   -43.72000000   25.72104485   99.73871212   6.75548347   -0.05014353   
7.78000000   321.38000000   0.93000000   -43.72000000   25.70927037   99.72804121   6.31589837   0.15131211   
7.78000000   321.38000000   0.93000000   -43.72000000   25.74241016   99.72104788   6.49110333   0.32671711   
7.78000000   321.38000000   0.93000000   -43.72000000   25.74817389   99.72085079   6.43771324   0.19617633   
7.78000000   321.38000000   0.93000000   -43.72000000   25.73398600   99.72138126   6.70017606   0.21691562   
7.78000000   321.38000000   0.93000000   -43.72000000   25.75194377   99.71836598   6.39019386   0.31116636   
7.78000000   321.38000000   0.93000000   -43.72000000   25.75569611   99.75320288   6.57180145   0.43896115   
7.78000000   321.38000000   0.93000000   -43.72000000   25.76637331   99.74220695   6.33617324   0.28522594   
7.78000000   321.38000000   0.93000000   -43.72000000   25.76335411   99.72640010   6.18926188   0.08621789   
7.78000000   321.38000000   0.93000000   -43.72000000   25.73937397   99.75459866   6.02020155   0.20772441   
7.78000000   321.38000000   0.93000000   -43.72000000   25.73362597   99.73502236   5.98229807   0.18896541   
7.78000000   321.38000000   0.93000000   -43.72000000   25.73268790   99.73494360   5.71389952   0.37163331   
7.78000000   321.38000000   0.93000000   -43.72000000   25.73854228   99.74228688   5.50794484   0.41173090   
7.78000000   321.38000000   0.93000000   -43.72000000   25.72825668   99.74608350   5.52960820   0.30509921   
7.78000000   321.38000000   0.93000000   -43.72000000   25.76059610   99.74332948   5.05145294   0.25313908   
7.78000000   321.38000000   0.93000000   -43.72000000   25.75008467   99.74530580   5.24595672   0.18264121   
7.78000000   321.38000000   0.93000000   -43.72000000   25.73744609   99.72222286   4.93588170   0.11326885   
7.78000000   321.38000000   0.93000000   -43.72000000   25.74810902   99.73614805   4.11454945   -0.09996360   
7.78000000   321.38000000   0.93000000   -43.72000000   25.75712517   99.72159905   3.50638298   -0.05538732   
7.78000000   321.38000000   0.93000000   -43.72000000   25.74891429   99.72562981   3.20130021   -0.07262762   
7.78000000   321.38000000   0.93000000   -43.72000000   25.72343449   99.73466451   3.22095701   -0.12864336   
7.78000000   321.38000000   0.93000000   -43.72000000   25.71397577   99.71812146   2.63808221   -0.23908408   
7.78000000   321.38000000   0.93000000   -43.72000000   25.70961803   99.71429441   2.14927637   -0.22435489   
7.78000000   321.38000000   0.93000000   -43.72000000   25.67586571   99.73533725   1.46954455   -0.29558167   
7.78000000   321.38000000   0.93000000   -43.72000000   25.72121981   99.76157823   2.66602271   -0.29672523   
7.78000000   321.38000000   0.93000000   -43.72000000   25.72573956   99.73922710   2.73324046   -0.40010015   
7.78000000   321.38000000   0.93000000   -43.72000000   25.73163822   99.72514894   2.31323229   -0.40555552   
7.78000000   321.38000000   0.93000000   -43.72000000   25.72177438   99.73444068   2.19591721   -0.37729866   
7.78000000   321.38000000   0.93000000   -43.72000000   25.71686720   99.74203859   1.83244500   -0.45736137   
7.78000000   321.38000000   0.93000000   -43.72000000   25.70973146   99.72342189   1.74916002   -0.42034027   
7.78000000   321.38000000   0.93000000   -43.72000000   25.74348755   99.72309502   1.24086767   -0.40117476   
7.78000000   321.38000000   0.93000000   -43.72000000   25.72538204   99.70955702   1.97755230   -0.47561851   
7.78000000   321.38000000   0.93000000   -43.72000000   25.72660643   99.73503832   1.89033621   -0.47819991   
7.78000000   321.38000000   0.93000000   -43.72000000   25.71954592   99.73979355   1.71092193   -0.43420159   
7.78000000   321.38000000   0.93000000   -43.72000000   25.73199698   99.73859877   1.26009471   -0.43808154   
7.78000000   321.38000000   0.93000000   -43.72000000   25.74276689   99.74841599   1.60265451   -0.38064770   
7.78000000   321.38000000   0.93000000   -43.72000000   25.74889410   99.72152504   1.32756808   -0.46711875   
7.78000000   321.38000000   0.93000000   -43.72000000   25.74343361   99.72768148   1.84054133   -0.33080612   
7.78000000   321.38000000   0.93000000   -43.72000000   25.74835944   99.74394643   1.94943404   -0.51042006   
7.78000000   321.38000000   0.93000000   -43.72000000   25.74269213   99.73422177   2.34421455   -0.58126372   
7.78000000   321.38000000   0.93000000   -43.72000000   25.76269214   99.71802557   2.51594713   -0.54015009   
7.78000000   321.38000000   0.93000000   -43.72000000   25.75365085   99.73214417   2.38261833   -0.57856679   
7.78000000   321.38000000   0.93000000   -43.72000000   25.73741033   99.70961651   2.19579024   -0.36319084   
7.78000000   321.38000000   0.93000000   -43.72000000   25.72628732   99.70640739   2.05904221   -0.22822843   
7.78000000   321.38000000   0.93000000   -43.72000000   25.71549095   99.71331946   1.60001084   -0.16968208   
7.78000000   321.38000000   0.93000000   -43.72000000   25.70122538   99.70886754   1.51400471   -0.24045390   
7.78000000   321.38000000   0.93000000   -43.72000000   25.69662484   99.72868308   1.33949975   -0.27863296   
7.78000000   321.38000000   0.93000000   -43.72000000   25.69908632   99.72695384   1.09552167   -0.31029123   
7.78000000   321.38000000   0.93000000   -43.72000000   25.70214995   99.72859246   1.24025650   -0.38063813   
7.78000000   321.38000000   0.93000000   -43.72000000   25.69919770   99.73440985   1.61170432   -0.40633216   
7.78000000   321.38000000   0.93000000   -43.72000000   25.69289495   99.76534743   1.70474883   -0.23567093   
7.78000000   321.38000000   0.93000000   -43.72000000   25.71029309   99.74466197   1.70821434   -0.19868157   
7.78000000   321.38000000   0.93000000   -43.72000000   25.73355261   99.75414938   1.21084607   -0.14721033   
7.78000000   321.38000000   0.93000000   -43.72000000   25.71973424   99.74565941   1.27006227   -0.19849330   
7.78000000   321.38000000   0.93000000   -43.72000000   25.72468553   99.77293832   2.01230799   -0.23053782   
7.78000000   321.38000000   0.93000000   -43.72000000   25.72037195   99.77387857   1.62050468   -0.19559971   
7.78000000   321.38000000   0.93000000   -43.72000000   25.72033706   99.78034426   1.12309618   -0.39244467   
7.78000000   321.38000000   0.93000000   -43.72000000   25.75244965   99.76831818   1.71365769   -0.43742936   
7.78000000   321.38000000   0.93000000   -43.72000000   25.73217146   99.76696474   1.21274692   -0.33261393   
7.78000000   321.38000000   0.93000000   -43.72000000   25.73970882   99.75235683   1.37512192   -0.50389198   
7.78000000   321.38000000   0.93000000   -43.72000000   25.74534449   99.75847824   1.55744031   -0.40065181   
7.78000000   321.38000000   0.93000000   -43.72000000   25.75201433   99.73986759   1.00214478   -0.33495575   
7.78000000   321.38000000   0.93000000   -43.72000000   25.75891985   99.76564039   1.23213043   -0.35083811   
7.78000000   321.38000000   0.93000000   -43.72000000   25.75785511   99.74065537   1.00968692   -0.31153273   
7.78000000   321.38000000   0.93000000   -43.72000000   25.75370314   99.75424279   1.75279302   -0.34558320   
7.78000000   321.38000000   0.93000000   -43.72000000   25.73898099   99.73608351   1.13262750   -0.31386685   
7.78000000   321.38000000   0.93000000   -43.72000000   25.74435576   99.74559312   1.52779263   -0.26073917   
7.78000000   321.38000000   0.93000000   -43.72000000   25.73729929   99.74978627   1.08684087   -0.31471173   
7.78000000   321.38000000   0.93000000   -43.72000000   25.75160925   99.73978812   1.00418543   -0.47093564   
7.78000000   321.38000000   0.93000000   -43.72000000   25.74479262   99.74247643   1.19110092   -0.42577579   
7.78000000   321.38000000   0.93000000   -43.72000000   25.74754278   99.73789553   1.26624900   -0.36755817   
7.78000000   321.38000000   0.93000000   -43.72000000   25.73312148   99.74353061   1.33563613   -0.43613925   
7.78000000   321.38000000   0.93000000   -43.72000000   25.72884069   99.75553673   1.05924577   -0.42417995   
7.78000000   321.38000000   0.93000000   -43.72000000   25.72741798   99.76943876   1.01582955   -0.25053142   
7.78000000   321.38000000   0.93000000   -43.72000000   25.72524238   99.76085197   1.03263061   -0.44024871   
7.78000000   321.38000000   0.93000000   -43.72000000   25.72518486   99.76524106   1.00618475   -0.39444274   
7.78000000   321.38000000   0.93000000   -43.72000000   25.70937730   99.73000830   1.04122288   -0.39733071   
7.78000000   321.38000000   0.93000000   -43.72000000   25.71389230   99.73204242   1.00557518   -0.25871373   
7.78000000   321.38000000   0.93000000   -43.72000000   25.70913013   99.75422777   1.09869957   -0.20213806   
7.78000000   321.38000000   0.93000000   -43.72000000   25.72074923   99.74316138   1.02878543   -0.23450004   
7.78000000   321.38000000   0.93000000   -43.72000000   25.71678055   99.77886883   1.36900427   -0.32100645   
7.78000000   321.38000000   0.93000000   -43.72000000   25.73776780   99.76733234   1.17561299   -0.43647469   
7.78000000   321.38000000   0.93000000   -43.72000000   25.72485194   99.75895317   1.06925202   -0.45249136   
7.78000000   321.38000000   0.93000000   -43.72000000   25.74440782   99.74478272   1.30116682   -0.42338884   
7.78000000   321.38000000   0.93000000   -43.72000000   25.74189131   99.75027701   1.38647892   -0.31467526   
7.78000000   321.38000000   0.93000000   -43.72000000   25.75225689   99.74878979   1.67495833   -0.46747347   
7.78000000   321.38000000   0.93000000   -43.72000000   25.74863541   99.73719148   1.19229219   -0.42700456   
7.78000000   321.38000000   0.93000000   -43.72000000   25.74890517   99.75256811   1.66176376   -0.35373535   
7.78000000   321.38000000   0.93000000   -43.72000000   25.73119550   99.72333050   1.70161007   -0.38449281   
7.78000000   321.38000000   0.93000000   -43.72000000   25.70786365   99.72225532   1.95282337   -0.37106491   
7.78000000   321.38000000   0.93000000   -43.72000000   25.71555978   99.75218765   1.66869841   -0.37717373   
7.78000000   321.38000000   0.93000000   -43.72000000   25.71669743   99.75252713   1.54499689   -0.50775763   
7.78000000   321.38000000   0.93000000   -43.72000000   25.69756920   99.72932925   2.12012809   -0.44479518   
7.78000000   321.38000000   0.93000000   -43.72000000   25.68213898   99.74118799   1.73819955   -0.43688702   
7.78000000   321.38000000   0.93000000   -43.72000000   25.69833196   99.73106599   1.70421223   -0.36694234   
7.78000000   321.38000000   0.93000000   -43.72000000   25.72007905   99.71601303   1.79553467   -0.56837186   
7.78000000   321.38000000   0.93000000   -43.72000000   25.70946540   99.71475237   1.55154490   -0.63703126   
7.78000000   321.38000000   0.93000000   -43.72000000   25.72623801   99.73630184   2.14728827   -0.61400381   
7.78000000   321.38000000   0.93000000   -43.72000000   25.73156318   99.73112117   2.06695147   -0.59635391   
7.78000000   321.38000000   0.93000000   -43.72000000   25.71921248   99.73175955   1.54959078   -0.57716188   
7.78000000   321.38000000   0.93000000   -43.72000000   25.71049102   99.71924291   1.73445258   -0.52170132   
7.78000000   321.38000000   0.93000000   -43.72000000   25.73324944   99.73539479   1.50912702   -0.59402632   
7.78000000   321.38000000   0.93000000   -43.72000000   25.72265647   99.74504288   1.11018599   -0.49352667   
7.78000000   321.38000000   0.93000000   -43.72000000   25.72820667   99.73636784   1.16353966   -0.33846807   
7.78000000   321.38000000   0.93000000   -43.72000000   25.71543491   99.75176286   1.51583190   -0.40993846   
7.78000000   321.38000000   0.93000000   -43.72000000   25.73670516   99.72355555   1.67410033   -0.39613516   
7.78000000   321.38000000   0.93000000   -43.72000000   25.74588616   99.74921058   1.76070533   -0.26519239   
7.78000000   321.38000000   0.93000000   -43.72000000   25.74746054   99.77873425   1.48529970   -0.25616997   
7.78000000   321.38000000   0.93000000   -43.72000000   25.71610762   99.76891050   1.61034526   -0.50798100   
7.78000000   321.38000000   0.93000000   -43.72000000   25.71887046   99.75397119   1.84735479   -0.22689455   
7.78000000   321.38000000   0.93000000   -43.72000000   25.71537069   99.73617308   1.89890173   -0.23174247   
7.78000000   321.38000000   0.93000000   -43.72000000   25.71639443   99.75125842   2.05109654   -0.33434183   
7.78000000   321.38000000   0.93000000   -43.72000000   25.70671079   99.72809971   1.15082695   -0.39902113   
7.78000000   321.38000000   0.93000000   -43.72000000   25.72794536   99.73168448   1.20288779   -0.46237200   
7.78000000   321.38000000   0.93000000   -43.72000000   25.73060598   99.73643782   1.07829521   -0.52633963   
7.78000000   321.38000000   0.93000000   -43.72000000   25.73911774   99.72903171   1.19184205   -0.58651325   
7.78000000   321.38000000   0.93000000   -43.72000000   25.73187512   99.75953166   1.22834330   -0.60663947   
7.78000000   321.38000000   0.93000000   -43.72000000   25.69643785   99.73590960   1.21403244   -0.61265852   
7.78000000   321.38000000   0.93000000   -43.72000000   25.73711875   99.72746918   1.47290776   -0.57622002   
7.78000000   321.38000000   0.93000000   -43.72000000   25.72936582   99.74501263   1.32806082   -0.57229775   
7.78000000   321.38000000   0.93000000   -43.72000000   25.71117144   99.74413806   1.37773125   -0.68621858   
7.78000000   321.38000000   0.93000000   -43.72000000   25.73851385   99.74676553   1.89001135   -0.44907038   
7.78000000   321.38000000   0.93000000   -43.72000000   25.76332849   99.74420982   1.32522933   -0.37986716   
7.78000000   321.38000000   0.93000000   -43.72000000   25.75922300   99.75335070   1.12860807   -0.27056641   
7.78000000   321.38000000   0.93000000   -43.72000000   25.74532573   99.72965979   1.67703100   -0.27463748   
7.78000000   321.38000000   0.93000000   -43.72000000   25.73212659   99.73401834   1.34008376   -0.26707791   
7.78000000   321.38000000   0.93000000   -43.72000000   25.72389506   99.74870991   1.01579074   -0.04224076   
7.78000000   321.38000000   0.93000000   -43.72000000   25.72674409   99.74662907   1.15940877   -0.06132665   
7.78000000   321.38000000   0.93000000   -43.72000000   25.74170399   99.74129633   1.04550803   -0.15502879   
7.78000000   321.38000000   0.93000000   -43.72000000   25.70067023   99.77415989   1.04181839   -0.27422161   
7.78000000   321.38000000   0.93000000   -43.72000000   25.70694201   99.78081518   1.22732246   -0.39464490   
7.78000000   321.38000000   0.93000000   -43.72000000   25.71655384   99.77394558   1.33375377   -0.37285637   
7.78000000   321.38000000   0.93000000   -43.72000000   25.70333896   99.76952220   1.60311606   -0.33264430   
7.78000000   321.38000000   0.93000000   -43.72000000   25.71469930   99.75618007   1.22600224   -0.26351736   
7.78000000   321.38000000   0.93000000   -43.72000000   25.72431669   99.76613953   1.23977479   -0.17305859   
7.78000000   321.38000000   0.93000000   -43.72000000   25.74117881   99.74631351   1.46093724   -0.23855238   
7.78000000   321.38000000   0.93000000   -43.72000000   25.73343548   99.74701820   1.59726994   -0.19822503   
7.78000000   321.38000000   0.93000000   -43.72000000   25.70765468   99.71740056   1.16763302   -0.38960071   
7.78000000   321.38000000   0.93000000   -43.72000000   25.71519944   99.72393240   1.42440660   -0.41342633   
7.78000000   321.38000000   0.93000000   -43.72000000   25.72427466   99.72355006   1.68087325   -0.48018260   
7.78000000   321.38000000   0.93000000   -43.72000000   25.73999932   99.72999854   1.74386899   -0.40231134   
7.78000000   321.38000000   0.93000000   -43.72000000   25.73979790   99.74963783   1.10574539   -0.35408201   
7.78000000   321.38000000   0.93000000   -43.72000000   25.73983756   99.74691200   1.39564505   -0.24264797   
7.78000000   321.38000000   0.93000000   -43.72000000   25.74893592   99.74541760   1.81852839   -0.30173554   
7.78000000   321.38000000   0.93000000   -43.72000000   25.74123500   99.73404354   1.91957779   -0.20299520   
7.78000000   321.38000000   0.93000000   -43.72000000   25.74778627   99.73331025   2.57882402   -0.31411006   
7.78000000   321.38000000   0.93000000   -43.72000000   25.74739855   99.72658979   2.72435685   -0.36764559   
7.78000000   321.38000000   0.93000000   -43.72000000   25.73570999   99.73479951   3.08505922   -0.45851933   
7.78000000   321.38000000   0.93000000   -43.72000000   25.73284016   99.72895399   2.85267085   -0.54310188   
7.78000000   321.38000000   0.93000000   -43.72000000   25.74064175   99.72103012   2.31201615   -0.59345382   
7.78000000   321.38000000   0.93000000   -43.72000000   25.72667020   99.72151520   1.86899715   -0.75858306   
7.78000000   321.38000000   0.93000000   -43.72000000   25.74941368   99.72703754   1.62157623   -0.61164273   
7.78000000   321.38000000   0.93000000   -43.72000000   25.75250301   99.72378200   1.68379085   -0.51764945   
7.78000000   321.38000000   0.93000000   -43.72000000   25.73895846   99.73670887   1.64626662   -0.47004304   
7.78000000   321.38000000   0.93000000   -43.72000000   25.73965841   99.74276939   1.58960450   -0.52852485   
7.78000000   321.38000000   0.93000000   -43.72000000   25.74274682   99.73506242   1.14690269   -0.51001699   
7.78000000   321.38000000   0.93000000   -43.72000000   25.73662640   99.75661595   1.02435204   -0.56512575   
7.78000000   321.38000000   0.93000000   -43.72000000   25.74130042   99.73759801   1.12084478   -0.60463384   
7.78000000   321.38000000   0.93000000   -43.72000000   25.73811244   99.74178177   1.52161283   -0.57936186   
7.78000000   321.38000000   0.93000000   -43.72000000   25.72228479   99.76334293   1.23104985   -0.48219397   
7.78000000   321.38000000   0.93000000   -43.72000000   25.71075137   99.73566329   1.42067082   -0.40415457   
7.78000000   321.38000000   0.93000000   -43.72000000   25.71546429   99.74885766   1.12098449   -0.27483955   
7.78000000   321.38000000   0.93000000   -43.72000000   25.72630044   99.74125894   1.17480396   -0.33752795   
7.78000000   321.38000000   0.93000000   -43.72000000   25.73309214   99.73954230   1.05311351   -0.29011561   
7.78000000   321.38000000   0.93000000   -43.72000000   25.73224825   99.74711064   1.41688681   -0.37694018   
7.78000000   321.38000000   0.93000000   -43.72000000   25.71450119   99.72696394   1.68508592   -0.44182023   
7.78000000   321.38000000   0.93000000   -43.72000000   25.73238071   99.75881986   1.44419086   -0.42156128   
7.78000000   321.38000000   0.93000000   -43.72000000   25.72881929   99.74764424   1.57998431   -0.33729865   
7.78000000   321.38000000   0.93000000   -43.72000000   25.71358363   99.73864241   1.73548335   -0.41334628   
7.78000000   321.38000000   0.93000000   -43.72000000   25.72153182   99.74723894   1.70705003   -0.52544474   
7.78000000   321.38000000   0.93000000   -43.72000000   25.71284742   99.75306446   1.29635308   -0.42768352   
7.78000000   321.38000000   0.93000000   -43.72000000   25.71801935   99.73135665   1.02398388   -0.41740020   
7.78000000   321.38000000   0.93000000   -43.72000000   25.71924398   99.74585608   1.50309686   -0.41035756   
7.78000000   321.38000000   0.93000000   -43.72000000   25.74479961   99.73758908   1.70363780   -0.42269664   
7.78000000   321.38000000   0.93000000   -43.72000000   25.73502594   99.72715261   1.60763825   -0.43815365   
7.78000000   321.38000000   0.93000000   -43.72000000   25.72001660   99.73830266   1.27422758   -0.34785284   
7.78000000   321.38000000   0.93000000   -43.72000000   25.72984583   99.72001495   1.47720342   -0.29852392   
7.78000000   321.38000000   0.93000000   -43.72000000   25.72315354   99.72336115   2.02104867   -0.33210925   
7.78000000   321.38000000   0.93000000   -43.72000000   25.71168026   99.73292994   1.08729237   -0.28496333   
7.78000000   321.38000000   0.93000000   -43.72000000   25.74345393   99.75700275   1.48257309   -0.34645468   
7.78000000   321.38000000   0.93000000   -43.72000000   25.71825898   99.76285370   1.50184499   -0.30167467   
7.78000000   321.38000000   0.93000000   -43.72000000   25.72191699   99.73399018   1.74439754   -0.29761663   
7.78000000   321.38000000   0.93000000   -43.72000000   25.71047629   99.74999331   1.73354671   -0.10414409   
7.78000000   321.38000000   0.93000000   -43.72000000   25.73640377   99.74719142   1.55607145   -0.33266076   
7.78000000   321.38000000   0.93000000   -43.72000000   25.73678854   99.73509598   1.34525148   -0.38450111   
7.78000000   321.38000000   0.93000000   -43.72000000   25.72970190   99.72961125   1.61608876   -0.39817071   
7.78000000   321.38000000   0.93000000   -43.72000000   25.73251543   99.73879093   1.49117673   -0.34341640   
7.78000000   321.38000000   0.93000000   -43.72000000   25.74862093   99.75334874   1.39959498   -0.48854673   
7.78000000   321.38000000   0.93000000   -43.72000000   25.74612582   99.74928893   1.85953038   -0.50782991   
7.78000000   321.38000000   0.93000000   -43.72000000   25.75090645   99.74911997   1.29813624   -0.50836822   
7.78000000   321.38000000   0.93000000   -43.72000000   25.73944412   99.74974492   1.29017147   -0.53850287   
7.78000000   321.38000000   0.93000000   -43.72000000   25.74274811   99.73945026   1.14848269   -0.55229043   
7.78000000   321.38000000   0.93000000   -43.72000000   25.71919315   99.74280360   1.22982778   -0.62915973   
7.78000000   321.38000000   0.93000000   -43.72000000   25.73996821   99.73295333   1.15720876   -0.59176516   
7.78000000   321.38000000   0.93000000   -43.72000000   25.73967751   99.72870717   1.43136123   -0.48913396   
7.78000000   321.38000000   0.93000000   -43.72000000   25.73799782   99.73623713   1.27899099   -0.61865317   
7.78000000   321.38000000   0.93000000   -43.72000000   25.74762194   99.72834455   1.53415932   -0.62054169   
7.78000000   321.38000000   0.93000000   -43.72000000   25.74613477   99.72741417   1.65700853   -0.71995494   
7.78000000   321.38000000   0.93000000   -43.72000000   25.74924051   99.73422142   1.59206051   -0.68800482   
7.78000000   321.38000000   0.93000000   -43.72000000   25.73371871   99.73371151   1.49726755   -0.67896311   
7.78000000   321.38000000   0.93000000   -43.72000000   25.74420247   99.72687359   1.54105603   -0.49424765   
7.78000000   321.38000000   0.93000000   -43.72000000   25.70813185   99.72300985   1.21609888   -0.59397726   
7.78000000   321.38000000   0.93000000   -43.72000000   25.72077359   99.72381404   1.07648475   -0.69969446   
7.78000000   321.38000000   0.93000000   -43.72000000   25.73451342   99.72076244   1.10631760   -0.70807484   
7.78000000   321.38000000   0.93000000   -43.72000000   25.75106150   99.73037978   1.03177947   -0.75993070   
7.78000000   321.38000000   0.93000000   -43.72000000   25.72500232   99.73182106   1.10421069   -0.71953436   
7.78000000   321.38000000   0.93000000   -43.72000000   25.73226242   99.73206881   1.50788533   -0.67232070   
7.78000000   321.38000000   0.93000000   -43.72000000   25.70844934   99.72614353   1.19814770   -0.77821499   
7.78000000   321.38000000   0.93000000   -43.72000000   25.70090579   99.74367097   1.01773214   -0.85652056   
7.78000000   321.38000000   0.93000000   -43.72000000   25.70877048   99.71873749   1.16738572   -0.94167554   
7.78000000   321.38000000   0.93000000   -43.72000000   25.70913860   99.72889378   1.06410593   -1.01236712   
7.78000000   321.38000000   0.93000000   -43.72000000   25.72102937   99.72023050   1.06265281   -0.97969103   
7.78000000   321.38000000   0.93000000   -43.72000000   25.71523348   99.74387480   1.04506415   -0.86138045   
7.78000000   321.38000000   0.93000000   -43.72000000   25.74263986   99.73383890   1.58956045   -0.80442636   
7.78000000   321.38000000   0.93000000   -43.72000000   25.75182122   99.72384528   1.13677046   -0.84259621   
7.78000000   321.38000000   0.93000000   -43.72000000   25.76233305   99.73823593   1.00335322   -1.02505224   
7.78000000   321.38000000   0.93000000   -43.72000000   25.73481869   99.73478389   1.03861584   -0.97607794   
7.78000000   321.38000000   0.93000000   -43.72000000   25.75506337   99.72334859   1.18067594   -0.99333966   
7.78000000   321.38000000   0.93000000   -43.72000000   25.74773258   99.70391019   1.11997844   -1.07732070   
7.78000000   321.38000000   0.93000000   -43.72000000   25.72029073   99.71270301   1.09022966   -1.05497866   
7.78000000   321.38000000   0.93000000   -43.72000000   25.74281356   99.72636787   1.14777536   -1.00389413   
7.78000000   321.38000000   0.93000000   -43.72000000   25.74047934   99.71081428   1.20197761   -0.89098419   
7.78000000   321.38000000   0.93000000   -43.72000000   25.73244989   99.72753311   1.19737955   -0.90345311   
7.78000000   321.38000000   0.93000000   -43.72000000   25.73975075   99.71307643   1.04207947   -1.03686988   
7.78000000   321.38000000   0.93000000   -43.72000000   25.72400805   99.72754851   1.28792564   -0.88877154   
7.78000000   321.38000000   0.93000000   -43.72000000   25.72317316   99.74149902   1.15659576   -0.81396821   
7.78000000   321.38000000   0.93000000   -43.72000000   25.74285283   99.76169238   1.07399480   -0.72993739   
7.78000000   321.38000000   0.93000000   -43.72000000   25.73107180   99.76046672   1.12150813   -0.61405420   
7.78000000   321.38000000   0.93000000   -43.72000000   25.73038828   99.72995032   1.39663472   -0.59670713   
7.78000000   321.38000000   0.93000000   -43.72000000   25.73422540   99.72254188   1.08953706   -0.63955551   
7.78000000   321.38000000   0.93000000   -43.72000000   25.73431880   99.74351834   1.04166870   -0.56442843   
7.78000000   321.38000000   0.93000000   -43.72000000   25.71075684   99.73626492   1.46396293   -0.63143306   
7.78000000   321.38000000   0.93000000   -43.72000000   25.71517668   99.73614794   1.65596797   -0.52318357   
7.78000000   321.38000000   0.93000000   -43.72000000   25.73176042   99.74057475   1.37156270   -0.39096927   
7.78000000   321.38000000   0.93000000   -43.72000000   25.74537394   99.73209082   1.18677236   -0.30298014   
7.78000000   321.38000000   0.93000000   -43.72000000   25.71641246   99.73371227   1.45637711   -0.29364259   
7.78000000   321.38000000   0.93000000   -43.72000000   25.72550108   99.74076922   1.51702131   -0.41678320   
7.78000000   321.38000000   0.93000000   -43.72000000   25.71749415   99.75946236   1.15339490   -0.31990227   
7.78000000   321.38000000   0.93000000   -43.72000000   25.71533947   99.76850813   1.03300765   -0.29940821   
7.78000000   321.38000000   0.93000000   -43.72000000   25.74700917   99.73852228   1.10856277   -0.27639328   
7.78000000   321.38000000   0.93000000   -43.72000000   25.73594161   99.74398535   1.11538877   -0.28040578   
7.78000000   321.38000000   0.93000000   -43.72000000   25.72604687   99.73983666   1.49751135   -0.27526758   
7.78000000   321.38000000   0.93000000   -43.72000000   25.73647435   99.75161230   1.43054850   -0.23373461   
7.78000000   321.38000000   0.93000000   -43.72000000   25.72316305   99.74719702   1.65185492   -0.26433504   
7.78000000   321.38000000   0.93000000   -43.72000000   25.74270443   99.74124039   1.33127858   -0.32093872   
7.78000000   321.38000000   0.93000000   -43.72000000   25.73580575   99.73854869   1.23062395   -0.38414102   
7.78000000   321.38000000   0.93000000   -43.72000000   25.74103046   99.73210142   1.13727532   -0.44314839   
7.78000000   321.38000000   0.93000000   -43.72000000   25.72502882   99.71022614   1.67842095   -0.41244346   
7.78000000   321.38000000   0.93000000   -43.72000000   25.72272522   99.70742377   1.22649306   -0.71192776   
7.78000000   321.38000000   0.93000000   -43.72000000   25.74877124   99.73000050   1.10968511   -0.69600623   
7.78000000   321.38000000   0.93000000   -43.72000000   25.71808585   99.75289007   1.62581192   -0.67953708   
7.78000000   321.38000000   0.93000000   -43.72000000   25.72725037   99.75269418   2.16873412   -0.76004305   
7.78000000   321.38000000   0.93000000   -43.72000000   25.73792308   99.73999708   2.14666290   -0.65166361   
7.78000000   321.38000000   0.93000000   -43.72000000   25.74831766   99.73630678   1.89460249   -0.61055556   
7.78000000   321.38000000   0.93000000   -43.72000000   25.73693970   99.73504300   2.10861677   -0.59587489   
7.78000000   321.38000000   0.93000000   -43.72000000   25.74459188   99.73253031   2.49080379   -0.49142728   
7.78000000   321.38000000   0.93000000   -43.72000000   25.72774124   99.71485874   2.05165731   -0.45419236   
7.78000000   321.38000000   0.93000000   -43.72000000   25.73138056   99.73653029   2.26580176   -0.31516357   
7.78000000   321.38000000   0.93000000   -43.72000000   25.72685630   99.74196839   2.17004378   -0.36054278   
7.78000000   321.38000000   0.93000000   -43.72000000   25.72040119   99.73667044   1.79995157   -0.20310733   
7.78000000   321.38000000   0.93000000   -43.72000000   25.73066039   99.73632450   1.49692803   -0.02129477   
7.78000000   321.38000000   0.93000000   -43.72000000   25.72587600   99.74569299   1.05822715   0.04982105   
7.78000000   321.38000000   0.93000000   -43.72000000   25.69963115   99.74045855   1.19018687   -0.06913585   
7.78000000   321.38000000   0.93000000   -43.72000000   25.69794334   99.75089442   1.63148064   -0.13416967   
7.78000000   321.38000000   0.93000000   -43.72000000   25.71825793   99.74421314   2.80763332   -0.22952396   
7.78000000   321.38000000   0.93000000   -43.72000000   25.72000186   99.71277879   2.80100057   -0.14572404   
7.78000000   321.38000000   0.93000000   -43.72000000   25.73773743   99.72127253   2.96100892   -0.17306988   
7.78000000   321.38000000   0.93000000   -43.72000000   25.73556314   99.71232142   2.69564371   -0.25343977   
7.78000000   321.38000000   0.93000000   -43.72000000   25.70628129   99.72899949   2.35147410   -0.20385288   
7.78000000   321.38000000   0.93000000   -43.72000000   25.71738565   99.73562447   1.82605719   -0.28047991   
7.78000000   321.38000000   0.93000000   -43.72000000   25.70325402   99.72871390   1.32891666   -0.41268358   
7.78000000   321.38000000   0.93000000   -43.72000000   25.72966453   99.74928652   1.33761806   -0.41592896   
7.78000000   321.38000000   0.93000000   -43.72000000   25.72476231   99.74684135   1.55723663   -0.54329836   
7.78000000   321.38000000   0.93000000   -43.72000000   25.71222375   99.72211384   1.48366254   -0.51658673   
7.78000000   321.38000000   0.93000000   -43.72000000   25.70792260   99.73745491   2.18993807   -0.45458590   
7.78000000   321.38000000   0.93000000   -43.72000000   25.72528281   99.74554617   1.36147421   -0.52163442   
7.78000000   321.38000000   0.93000000   -43.72000000   25.72826506   99.74047003   1.92273978   -0.46705500   
7.78000000   321.38000000   0.93000000   -43.72000000   25.72333266   99.73245873   2.07711608   -0.41498072   
7.78000000   321.38000000   0.93000000   -43.72000000   25.73411036   99.74709047   1.62559041   -0.45346530   
7.78000000   321.38000000   0.93000000   -43.72000000   25.74286852   99.71799768   1.85689946   -0.48943659   
7.78000000   321.38000000   0.93000000   -43.72000000   25.75109541   99.72711775   1.87499113   -0.65697420   
7.78000000   321.38000000   0.93000000   -43.72000000   25.71185965   99.71345892   1.57325917   -0.73148946   
7.78000000   321.38000000   0.93000000   -43.72000000   25.72899981   99.71016058   1.46365293   -0.59807663   
7.78000000   321.38000000   0.93000000   -43.72000000   25.72922515   99.72678304   1.37536233   -0.57767254   
7.78000000   321.38000000   0.93000000   -43.72000000   25.74402498   99.71093549   1.22549625   -0.77610960   
7.78000000   321.38000000   0.93000000   -43.72000000   25.73771951   99.71643760   1.39645923   -0.69922688   
7.78000000   321.38000000   0.93000000   -43.72000000   25.74790234   99.72403366   1.15052647   -0.72870881   
7.78000000   321.38000000   0.93000000   -43.72000000   25.74467666   99.71759997   1.19044092   -0.78101743   
7.78000000   321.38000000   0.93000000   -43.72000000   25.75790863   99.72049335   1.14276249   -0.78129390   
7.78000000   321.38000000   0.93000000   -43.72000000   25.74553316   99.72723033   1.67941371   -0.56274026   
7.78000000   321.38000000   0.93000000   -43.72000000   25.72016159   99.73910027   1.75161821   -0.61358168   
7.78000000   321.38000000   0.93000000   -43.72000000   25.75634009   99.73596824   1.68743933   -0.83244907   
7.78000000   321.38000000   0.93000000   -43.72000000   25.78404966   99.72319325   1.97192092   -0.75650013   
7.78000000   321.38000000   0.93000000   -43.72000000   25.75942039   99.70946291   1.98139274   -0.70145850   
7.78000000   321.38000000   0.93000000   -43.72000000   25.76953569   99.72625844   1.76139022   -0.73546346   
7.78000000   321.38000000   0.93000000   -43.72000000   25.75326684   99.72109242   2.48167740   -0.65597556   
7.78000000   321.38000000   0.93000000   -43.72000000   25.74406645   99.73300961   2.69661436   -0.61293473   
7.78000000   321.38000000   0.93000000   -43.72000000   25.74660468   99.74011855   2.00065703   -0.47059847   
7.78000000   321.38000000   0.93000000   -43.72000000   25.71664013   99.73641555   1.38444362   -0.23976453   
7.78000000   321.38000000   0.93000000   -43.72000000   25.71079197   99.72523143   1.58213193   -0.29941306   
7.78000000   321.38000000   0.93000000   -43.72000000   25.72192310   99.75221721   1.38983720   -0.07326369   
7.78000000   321.38000000   0.93000000   -43.72000000   25.69349674   99.76586943   1.70147059   -0.01148620   
7.78000000   321.38000000   0.93000000   -43.72000000   25.70380638   99.75674173   1.71777442   -0.00522058   
7.78000000   321.38000000   0.93000000   -43.72000000   25.71979845   99.73252852   1.69825336   -0.06636994   
