1775.63872257   
1773.70781626   
1563.24272532   
1426.83413658   
1404.48371231   
1400.24705305   
1341.14910013   
1339.33024109   
1264.79703562   
1265.48334080   
1251.04698011   
1248.05766044   
1238.95270005   
1230.91543622   
1230.75529907   
1214.82227586   
1216.38655088   
1216.18470166   
1204.11761209   
1198.34350814   
1201.45282710   
1196.54528347   
1195.85394182   
1190.50522609   
1191.06866441   
1184.10000952   
1176.43987382   
1175.07409871   
1168.83778474   
1168.31617983   
1167.60154369   
1164.51711705   
1161.36666314   
1161.94571857   
1164.63382612   
1163.82889721   
1163.61545141   
1165.07871735   
1163.52602962   
1172.01901797   
1162.58749246   
1163.28087853   
1163.43017541   
1169.17347320   
1172.40537321   
1172.08127655   
1167.03635143   
1165.80282466   
1165.83211161   
1162.53421600   
1162.20742289   
1166.03483994   
1164.13201474   
1162.37497507   
1162.38246484   
1167.14224419   
1170.07308516   
1166.30935267   
1165.06163055   
1162.68155531   
1165.99101396   
1160.27973085   
1160.06541036   
1167.66112228   
1168.08554793   
1166.34096995   
1166.41528088   
1165.21188777   
1168.20003076   
1171.73405428   
1172.96588884   
1166.39914804   
1165.14614342   
1164.43474001   
1169.91035109   
1168.47074309   
1163.36096485   
1160.47389676   
1162.74531683   
1165.69108161   
1165.93367820   
1163.13788479   
1162.69596114   
1165.24529753   
1164.45291858   
1166.69118210   
1163.77272796   
1163.32410093   
1163.64115751   
1162.59757898   
1162.79816675   
1165.22469667   
1163.13805064   
1165.07974690   
1163.86935630   
1164.48913382   
1166.39478114   
1165.98817334   
1165.98859055   
1172.52176714   
1176.01675244   
1167.67880033   
1167.21460597   
1166.39050470   
1177.40356369   
1177.10638320   
1176.35508824   
1177.09635845   
1163.60196498   
1164.65012936   
1167.78909671   
1165.31515644   
1167.09010826   
1166.91514725   
1164.00543186   
1165.28450825   
1164.99076280   
1168.39802983   
1167.62431383   
1164.91586336   
1165.59418810   
1164.42213162   
1167.10515982   
1166.02136397   
1166.44108184   
1165.24168704   
1171.56089870   
1163.03393525   
1161.43123529   
1161.91168313   
1160.90660964   
1160.03852549   
