612.47802732   
602.22187124   
600.37170741   
599.07455224   
602.06739475   
603.63507354   
602.24846832   
602.76663253   
598.95748377   
603.26550588   
596.34104005   
594.53987904   
590.54403600   
595.21973354   
593.32266534   
590.06788991   
585.74651917   
584.70494273   
583.89898911   
582.80989527   
583.11419729   
581.45847623   
583.26808863   
581.26416842   
582.90946782   
580.85136814   
578.25617713   
577.69167279   
575.20039524   
573.22566169   
568.94403300   
568.49552435   
568.51059995   
565.68939495   
564.94919460   
563.89906679   
563.42749564   
566.16911968   
561.13043827   
557.96674993   
557.69165872   
557.08605108   
551.56204247   
550.10490612   
551.70837097   
552.30984486   
551.93814060   
551.17210852   
554.44266258   
555.16434194   
556.78385526   
557.07565441   
552.18255241   
550.56435313   
548.14492828   
546.81923809   
541.73447217   
542.53998794   
540.14806005   
540.64677523   
538.87715023   
540.19309230   
544.61526422   
545.53059648   
536.11343189   
536.80114895   
532.87708479   
535.32476846   
536.94736221   
533.20164786   
531.93776872   
532.27915028   
533.59187777   
530.38954256   
532.23857908   
531.87127074   
528.52856836   
526.06277235   
532.51732398   
532.91194354   
527.34429391   
529.95692533   
528.17095606   
528.14555295   
533.22990819   
529.92478826   
525.03753009   
525.45014054   
524.02257930   
524.19149041   
523.68847806   
523.74045447   
525.36603286   
531.26150469   
529.71932206   
530.11887998   
527.54453033   
527.28538476   
528.00282980   
521.96530583   
525.56314195   
521.91565231   
522.45457927   
523.24439626   
522.57943305   
525.59278823   
522.98066645   
525.29851415   
527.19206087   
527.84324779   
521.46263387   
519.21680522   
520.13247127   
527.86424879   
525.59040800   
527.45762859   
520.82417054   
519.38438010   
518.46177497   
519.13327492   
519.14092709   
518.60956684   
516.88098809   
524.17327892   
522.59426686   
519.99421279   
518.76123557   
523.81475441   
518.50721196   
522.19727346   
520.24213219   
518.15602593   
519.77823820   
520.69789658   
520.29379890   
524.37973029   
521.35326833   
521.05152076   
518.59882757   
519.35896937   
523.23977812   
520.13058529   
519.05160760   
523.18632303   
523.93468850   
525.62035997   
523.61621434   
529.28690117   
527.54592273   
527.00717693   
527.13595757   
519.47495353   
520.17788994   
523.11285292   
519.59820734   
523.18208150   
519.13839218   
518.81109906   
519.49778265   
519.98224163   
520.52735561   
520.13345402   
520.00932988   
522.06118069   
525.24243721   
523.95684575   
522.88242872   
523.96305972   
520.42193609   
518.98001490   
518.00007896   
519.81606543   
526.95212488   
521.93123019   
520.73725546   
520.99633160   
523.21918960   
522.71777562   
520.11062566   
517.44908139   
516.71299027   
522.23357301   
517.56035693   
517.78398391   
518.05860151   
521.21518973   
522.66426930   
521.72586695   
521.68188206   
521.90529607   
521.68476049   
521.52271048   
527.64297031   
526.95702078   
524.59092128   
527.18764788   
526.71524306   
526.24457027   
525.67698291   
518.32495014   
516.10381530   
517.36878883   
518.92292357   
518.13942969   
521.27930800   
520.38037697   
518.40979601   
518.00741285   
520.68589209   
521.75384851   
522.13526170   
523.08911965   
521.60249017   
521.43148455   
519.53498958   
519.44502299   
520.99030241   
522.85185901   
521.54669436   
520.77033374   
521.68842925   
525.95005384   
524.40112636   
520.47413931   
521.48093266   
521.40224357   
522.08231863   
519.94351589   
518.80055094   
520.88485089   
522.78970722   
523.74595582   
520.49163560   
520.72149526   
520.58845385   
524.15966901   
520.04018533   
520.16185611   
523.22997813   
525.67328818   
522.03174763   
521.56291687   
525.72353515   
530.21504285   
528.39438135   
524.56493601   
527.53325486   
527.48729421   
523.63978661   
525.48083526   
523.79071740   
525.37852939   
527.12436621   
522.46254238   
521.96380264   
522.05420416   
518.91707684   
517.97189336   
520.83888575   
521.10372938   
521.05574993   
518.24171469   
523.58119391   
522.77304493   
521.54216571   
519.80596558   
520.40510877   
519.66707970   
519.31501817   
519.53463833   
522.47266488   
519.59332881   
518.52654434   
517.87071849   
517.07889647   
517.69288346   
521.31858860   
524.93420728   
522.21277771   
522.48194096   
525.04560245   
522.45622485   
521.41517722   
521.38301440   
519.57838597   
518.54304972   
518.85814414   
526.62900116   
526.61337770   
526.43163242   
522.98285355   
523.83324073   
526.46395865   
534.06126972   
532.74573517   
535.32911049   
529.74224011   
525.33433217   
520.49903261   
517.00144467   
517.81792739   
518.89685417   
521.16607170   
519.90466678   
519.88455095   
518.25777932   
518.56382355   
519.06520547   
516.92270453   
521.77426846   
520.01622772   
522.19402464   
522.34885850   
519.20741600   
524.02579831   
521.04327875   
521.84570829   
522.99732624   
522.01035646   
521.31519545   
520.12186847   
518.66860448   
520.92114548   
517.39409168   
518.35455047   
519.58241800   
519.80632935   
524.39325098   
521.02828082   
522.28242536   
521.84995915   
521.41572418   
519.77708300   
519.37855170   
521.96306145   
520.96733133   
522.47247018   
528.74807192   
528.65458697   
525.43221945   
523.08044289   
524.82039678   
521.49727142   
518.38278569   
521.00784896   
522.61077818   
525.91219647   
525.93092785   
530.16866658   
527.69131791   
523.32162789   
520.12137384   
519.02877421   
516.48944057   
516.86263528   
518.22719031   
516.24782864   
519.98861454   
517.83202790   
523.46516486   
526.36934330   
522.34178357   
518.25760719   
515.71090322   
517.46712862   
517.54105560   
520.06289581   
518.00657080   
517.58524080   
515.87212907   
518.07401359   
518.05115516   
519.07369575   
519.08319393   
517.88876494   
516.76670559   
523.69946376   
524.03105975   
520.27028581   
520.54355010   
523.13864115   
526.42421625   
520.26793449   
519.89005680   
519.48038381   
521.33857443   
520.15451282   
523.61573204   
523.54143953   
523.31012932   
527.95210268   
525.70747996   
521.20767672   
526.97938293   
525.43038391   
523.73852157   
521.26370357   
521.65868561   
520.63445134   
521.23192467   
516.87674597   
516.39308738   
521.77921080   
521.35761470   
522.65837831   
519.00018294   
519.15682174   
520.00580738   
517.09637071   
520.66896744   
517.45879417   
519.77012662   
529.71724537   
530.90701041   
524.58301285   
521.91789504   
520.45687698   
519.29953994   
516.76245991   
516.65324727   
516.44629525   
517.84345253   
520.85161113   
518.50702031   
520.73522498   
516.44197152   
515.97652728   
518.79737330   
518.25242767   
518.41293321   
518.70609046   
516.36576496   
520.01665704   
521.12713867   
522.65137401   
520.97254154   
521.55323057   
521.28301702   
