1895.42706546   
2050.50061184   
1919.13387691   
2050.08528622   
1862.41917607   
1709.03724521   
1803.93016148   
1692.38198315   
1708.09549380   
1811.41469907   
1638.76669550   
1828.63341739   
1568.99719585   
1613.63146760   
1555.56421186   
1661.48604572   
1736.11247300   
1503.02985945   
1424.86354842   
1509.78284077   
1404.68493406   
1422.16775245   
1405.35443421   
1456.60574808   
1404.51958402   
1369.23866132   
1421.87765227   
1366.54075313   
1314.19765461   
1325.44058684   
1454.88628104   
1380.59670057   
1283.22722903   
1346.37429283   
1309.84357622   
1267.06987314   
1254.01437291   
1241.48356669   
1269.40364156   
1226.60415894   
1322.32560634   
1213.30247577   
1207.46480284   
1200.15250504   
1225.57322800   
1213.26696001   
1187.38682396   
1202.68443498   
1226.57408586   
1185.33558421   
1184.71156842   
1188.70647029   
1190.95642450   
1188.55207300   
1190.98638830   
1192.20011875   
1207.05839972   
1206.57768024   
1174.19435616   
1199.27340201   
1177.32791313   
1180.28609091   
1185.47584408   
1168.04314264   
1172.21605466   
1169.32711335   
1162.63198738   
1171.85258551   
1171.55539923   
1167.73880206   
1184.13808345   
1183.59184325   
1168.95241423   
1178.12843261   
1187.45181932   
1186.57405346   
1176.78925745   
1167.81697559   
1183.10266292   
1165.27721280   
1201.50540049   
1167.44531082   
1184.42805950   
1215.15639089   
1173.70334284   
1174.98293865   
1174.23733830   
1179.00926669   
1169.25792417   
1171.85336941   
1181.15049973   
1193.38658755   
1169.55721376   
1197.91256324   
1179.88520757   
1171.40274202   
1173.27431197   
1186.46877841   
1180.01246361   
1205.49080919   
1174.48873221   
1189.54817062   
1201.39620143   
1187.86364620   
1167.42102765   
1168.48995854   
1174.57300643   
1175.82366768   
1166.25660115   
1169.27980487   
1179.39744203   
1181.70457265   
1167.28596917   
1169.20975321   
1185.13345614   
1168.39742692   
1185.23518982   
1201.28389118   
1177.10360721   
1187.47906501   
1191.27050841   
1217.19075117   
1189.70348637   
1189.32068667   
1191.03006974   
1177.20196836   
1193.56697272   
1181.35611305   
1177.73155396   
1176.66291388   
1181.40237143   
1200.34975902   
1209.28153948   
1178.33794453   
1172.54331178   
1173.22307295   
1183.54525896   
1183.95199259   
1176.30873047   
1183.78348437   
1171.46929697   
1187.19170228   
1177.73842080   
1175.54553843   
1187.17693124   
1182.21988088   
1173.94505096   
1177.50177551   
1171.80552949   
1176.23997339   
1165.55386516   
1174.45643153   
1188.42066996   
1185.39540453   
1173.81727101   
1181.34144033   
1170.46329448   
1177.61796417   
1177.02754163   
1182.08639991   
1185.45476471   
1187.32300538   
1178.35830858   
1171.09714001   
1168.83478503   
1182.10351746   
1173.19816018   
1177.70190655   
1180.52782585   
1189.72017800   
1172.52105233   
1180.46445886   
1180.70384853   
1178.43412281   
1176.08850520   
1176.62018901   
1178.97045396   
1202.18316552   
1177.59558552   
1171.69480906   
1176.33698710   
1181.34439643   
1222.19667673   
1169.01353289   
1171.48804616   
1187.26920652   
1179.59290981   
1180.90976746   
1176.02865386   
1196.33833351   
1174.78247757   
1189.88726508   
1175.55239137   
1169.54336492   
1183.84738291   
1173.00714327   
1173.58789558   
1178.44788105   
1181.62095532   
1178.80130582   
1164.53465924   
1184.77827036   
1176.15857251   
1182.61296724   
1178.91213573   
1200.17541093   
1163.54045971   
1179.45413063   
1170.96772445   
1172.71558588   
1167.12540982   
1163.56276666   
1191.12139833   
1162.98378798   
1176.44578067   
1170.98831414   
1175.94288481   
1165.70504029   
1184.31336628   
1195.42606941   
1164.39592218   
1191.05765839   
1185.36642207   
1177.23080107   
1166.05033554   
1181.68897299   
1177.32288572   
1170.59192207   
1178.32861356   
1174.31260454   
1188.00155318   
1179.34031846   
1176.54007300   
1172.98499647   
1186.13888028   
1171.02409560   
1224.25123635   
1197.31602173   
1208.08616730   
1201.35585075   
1247.02042920   
1199.80818382   
1168.57037493   
1174.96335478   
1176.39296279   
1191.46694813   
1164.36347197   
1175.45153864   
1171.83996622   
1166.64046998   
1183.26486447   
1181.53503281   
1181.53259492   
1188.10926752   
1185.21627950   
1189.57110432   
1180.55874074   
1170.71622686   
1182.75047114   
1178.14801197   
1171.29516048   
1174.82960914   
1181.47876869   
1183.18116535   
1171.62884852   
1181.45716700   
1170.97272628   
1170.36516739   
1172.23934862   
1173.86942676   
1177.41430130   
1175.14237095   
1172.27091443   
1166.22839632   
1170.06495700   
1187.47208886   
1172.78418127   
1165.04502802   
1225.68247313   
1182.58557360   
1181.07026146   
1208.29482621   
1175.47695564   
1172.88036273   
1172.50540625   
1184.54653172   
1181.42594409   
1196.42069638   
1172.48605527   
1187.95064611   
1178.69411562   
1175.00006105   
1169.77751570   
1164.12741318   
1172.42297355   
1183.23661634   
1179.03619217   
1175.25636775   
1177.01745002   
1180.32016252   
1172.49511916   
1173.71671183   
1165.16104953   
1171.18961291   
1178.02624329   
1170.26838680   
1180.13169036   
1171.82847134   
1183.42748121   
1168.43082286   
1190.97603117   
1170.47996742   
1199.62796884   
1172.21871291   
1167.37093897   
1170.62892592   
1174.66688923   
1164.91075163   
1201.37172227   
1170.13656712   
1165.91502153   
1180.95690241   
1186.79074828   
1172.22036537   
1173.61246431   
1171.59131568   
1168.55306012   
1168.59814646   
1168.45147398   
1176.02071095   
1179.86693270   
1171.88846560   
1190.95339162   
1168.17305926   
1166.04440707   
1181.75742477   
1186.96235526   
1169.05348708   
1208.41684735   
1171.69072794   
1173.84980184   
1215.81050292   
1175.78163532   
1173.04699272   
1179.44470362   
1186.81050874   
1167.95420973   
1170.66457320   
1181.17684155   
1177.91391167   
1165.90390133   
1172.48350757   
1165.07043782   
1171.96242734   
1167.55352115   
1189.59244967   
1192.18013436   
1183.91442678   
1172.33103514   
1169.27936849   
1183.19450571   
1169.52174743   
1176.36624502   
1177.42991135   
1179.54319921   
1172.41319713   
1197.76041324   
1182.92528449   
1173.89424252   
1174.79861812   
1169.47879872   
1178.38874665   
1185.91217951   
1168.84798867   
1170.88384478   
1168.71258261   
1170.23271460   
1176.11150365   
1188.99266977   
1209.13368207   
1164.90119843   
1201.36353839   
1210.74077962   
1203.73922775   
1170.95928500   
1197.43970293   
1184.93272297   
1171.30510005   
1165.32304926   
1170.83444328   
1167.69160271   
1188.16374814   
1206.80095961   
1170.64989701   
1166.64544921   
1189.48609220   
1167.79399788   
1168.96946632   
1208.54994579   
1185.27031206   
1175.44831580   
1166.60443871   
1162.54045909   
1178.72159395   
1167.65896753   
1169.10709747   
1199.39681449   
1188.92191986   
1173.07672907   
1162.45679210   
1179.54550184   
1185.04750732   
1176.24850186   
1170.97215025   
1185.76427947   
1183.65436541   
1169.46923582   
1200.59309487   
1172.48682862   
1178.51088914   
1180.83705893   
1181.08809329   
1176.82422509   
1175.83609173   
1173.14126995   
1230.84254130   
1162.61402992   
1199.09888592   
1169.25452344   
1182.64311863   
1176.58981174   
1172.18758192   
1172.41685709   
1171.63593511   
1195.94679219   
1180.19164486   
1197.07861704   
1185.51954175   
1185.79587439   
1221.02636266   
1174.68749766   
1197.12037590   
1176.60103695   
1171.47916351   
1173.31094841   
1178.26635673   
1173.33860698   
1178.48528407   
1170.63618399   
1186.62575132   
1173.89092072   
1169.89064325   
1166.35530946   
1168.81761830   
1186.95381201   
1171.90451338   
1184.90153681   
1170.66478041   
1175.70336085   
1181.43371912   
1162.68933441   
1174.73349910   
1175.97640938   
1176.06340215   
1177.66665356   
1176.69976053   
1173.41814075   
1183.28729129   
1169.37253131   
1204.90744467   
1178.15601573   
1178.68541496   
1166.96387338   
1169.87590994   
1182.30990746   
1180.71268489   
1169.70330926   
1175.19406236   
1190.01475683   
1173.11387484   
1179.43670452   
1190.92735098   
1210.07675386   
1178.69145092   
1174.83967728   
1185.64000192   
1201.78814953   
1202.63152766   
1169.55383826   
1176.92446404   
1183.29821069   
1163.84813879   
1193.96163331   
1182.91165674   
1224.73050898   
1174.37141033   
1177.46203875   
1191.42027637   
1180.12428129   
1185.03700304   
1173.02515977   
1161.84378722   
1169.72083980   
1188.11092814   
1166.50254056   
1188.61716665   
1188.25079663   
1176.07692435   
1176.12187646   
1183.02536732   
1185.27166101   
1184.12137894   
1167.91883573   
1176.25401691   
1169.58125113   
1169.15501174   
1230.55498839   
1189.67160988   
1165.42399598   
1161.92372834   
1162.56706929   
1162.96315392   
1176.15116076   
1172.66943411   
1173.55644905   
1173.26002112   
1164.50838814   
1176.56727155   
1168.97820163   
1172.87419499   
1162.99950461   
1168.94110049   
1174.13532967   
1170.01503487   
1175.29612492   
1216.54759079   
1188.30988202   
1178.21857131   
1173.03809437   
1186.79771317   
1176.21094142   
1162.60521956   
1169.34133535   
1167.09274496   
1184.88874343   
1180.93486612   
1163.36782530   
1170.95755033   
1169.16809579   
1176.79039461   
1200.84111829   
1198.97442670   
1172.81119845   
1183.49252008   
1181.28315608   
1185.77824337   
1181.47013755   
1222.84697048   
1175.50030795   
1180.39171540   
1162.44198004   
1169.06295485   
1183.04109638   
1164.90966533   
1174.21426062   
1183.47308866   
1203.10742715   
1170.59134069   
1188.19245215   
1181.03088524   
1172.08953153   
1188.58901420   
1170.76450685   
1169.77132810   
1171.30209018   
1179.52036922   
1178.34047881   
1170.21763549   
1187.83390387   
1178.77121698   
1166.98987731   
1184.94510300   
1190.97003369   
1175.78175458   
1171.83933753   
1170.78115983   
1205.10237604   
1171.07918931   
1174.35949886   
1168.85323226   
1174.16272567   
1185.20476194   
1199.55292539   
1172.90651157   
1181.07657175   
1196.00130582   
1175.88017048   
1174.57045481   
1196.04807301   
1167.76842092   
1168.82199697   
1170.26311692   
1175.66837384   
1162.49593561   
1179.94722251   
1163.19215920   
1184.68616569   
1185.78830834   
1192.80038163   
1169.49072955   
1200.64838479   
1171.54048851   
1180.80955413   
1169.79634196   
1190.31835599   
1185.17099890   
1176.65158746   
1177.52163753   
1176.82206679   
1188.24973670   
1169.23931443   
1163.31905254   
1185.30219181   
1167.59884319   
1183.03914239   
1168.12803199   
1184.14649135   
1165.40629518   
1200.13511910   
1188.74293520   
1201.50830062   
1194.19568208   
1202.53856133   
1177.97526037   
1189.90704437   
1181.43360282   
1180.90315266   
1162.23118523   
1179.98805040   
1169.39043135   
1182.32872280   
1209.31249031   
1172.99722588   
1180.51938597   
1168.65877150   
1175.06120984   
1166.35556955   
1161.90800482   
1212.60852859   
1170.94766359   
1174.54468758   
1184.31825094   
1189.24651754   
1179.24874154   
1165.36000381   
1189.23339308   
1180.22554938   
1164.15917590   
1174.42331526   
1174.38593741   
1170.33990332   
1177.95572201   
1182.11941504   
1175.01203630   
1196.76893919   
1179.00190546   
1182.66616250   
1179.60452885   
1187.17661074   
1179.97353680   
1174.66365216   
1181.38612743   
1165.59346702   
1176.10557992   
1176.56103841   
1189.12777042   
1178.45193910   
1181.41780620   
1174.66031471   
1170.40953088   
1206.82491216   
1165.01268927   
1205.57995192   
1185.75379319   
1169.73756646   
1185.61137972   
1184.17646303   
1176.84607359   
1184.66101778   
1191.26383713   
1166.50682524   
1169.69506316   
1193.52573029   
1186.34544473   
1170.82317587   
1174.58565693   
1192.19936940   
1193.36162702   
1180.00285891   
1167.17164289   
1172.45979854   
1207.26234152   
1176.54832596   
1174.54100158   
1203.94654846   
1161.40469363   
1181.89182649   
1172.76201144   
1165.13765601   
1175.13786935   
1173.70800542   
1175.26554016   
1180.97671046   
1177.69375110   
1170.65421286   
1179.06223498   
1181.89635790   
1180.17574392   
1179.46791759   
1173.16575424   
1177.34596137   
1179.07860200   
1166.77180993   
1174.27435928   
1168.49251402   
1162.55027820   
1187.67178359   
1205.12573470   
1164.09133017   
1168.46404628   
1179.34490954   
1206.63713988   
1171.70725933   
1196.41065598   
1165.24220931   
1172.42101464   
1191.16653831   
1163.64849853   
1179.33745577   
1177.69199339   
1173.15589016   
1183.67400853   
1177.05144415   
1179.28351421   
1173.97132360   
1184.08002347   
1188.58400838   
1190.97097699   
1169.99880596   
1186.05971613   
1205.24455431   
1171.96739900   
1172.64547387   
1175.63029538   
1172.14723536   
1169.09171317   
1177.63888019   
1175.36657376   
1164.58010386   
1169.50949009   
1165.95229081   
1166.39995985   
1177.80283507   
1179.26055741   
1194.11310055   
1175.72778711   
1170.99553158   
1174.83733804   
1175.84971689   
1183.12138522   
1175.50629027   
1164.92747801   
1182.76548708   
1174.60773922   
1174.59743092   
1180.65766100   
1171.94531338   
1206.15040078   
1216.59480872   
1169.75345036   
1174.67485576   
1178.29511807   
1170.07455004   
1179.24563484   
1171.77096878   
1177.49634577   
1186.54891825   
1180.32710981   
1191.70556959   
1182.62585334   
1173.01853081   
1177.78558200   
1171.03646012   
1170.82321085   
1167.01721664   
1172.48357064   
1186.52550194   
1172.35470851   
1182.69009349   
1170.34977703   
1172.28904290   
1170.77482548   
1181.23865327   
1177.90417316   
1174.57526586   
1165.23192010   
1167.49874222   
1174.08244060   
1207.93601413   
1175.45461504   
1184.58997181   
1180.03338658   
1186.57625841   
1190.63517418   
1177.24646763   
1200.46716410   
1178.99498801   
1183.69759178   
1172.34015706   
1196.51003280   
1174.67191330   
1253.13608746   
1190.72323676   
1183.83385951   
1175.92081020   
1198.60082181   
1180.80049212   
1195.36734588   
1239.86865821   
1212.96170312   
1178.66699048   
1165.39751349   
1182.73569554   
1171.85825790   
1166.97239997   
1185.51337536   
1199.96852814   
1199.15519200   
1195.80376359   
1231.21897985   
1170.30851963   
1168.84770966   
1175.36696571   
1181.60555074   
1179.74923373   
1169.09688261   
1202.56142689   
1182.65023276   
1176.29532466   
1197.56272168   
1196.21379919   
1170.45665261   
1188.92475682   
1169.22453171   
1165.06151953   
1174.39734998   
1169.22859367   
1180.93463343   
1193.40655703   
1194.20807804   
1182.25304170   
1163.47253776   
1182.86932148   
1177.08784548   
1170.03936139   
1173.36114445   
1160.61316430   
1176.40885673   
1188.98431026   
1180.57395582   
1179.01503121   
1182.16959961   
1178.31850687   
1186.60495437   
1179.70430242   
1176.45513674   
1187.66331233   
1176.86912779   
1166.22431322   
1168.95944460   
1177.11194763   
1161.43040893   
1169.76212671   
1170.58431549   
1168.12869572   
1170.01706380   
1194.11304051   
1195.27726317   
1181.04481006   
1167.43693915   
1193.98932629   
1196.79963069   
1182.19400046   
1180.18300278   
1188.83149534   
1180.32862366   
1181.32160995   
1167.30239329   
1169.77394453   
1171.43108227   
1184.27848752   
1169.76238632   
1165.17677157   
1191.14709739   
1185.86224658   
1193.08639310   
1183.24223094   
1167.82814021   
1175.35065702   
1201.06902137   
1175.59206549   
1173.60818562   
1178.58650801   
1169.54903520   
1179.37145283   
1181.54008802   
1169.15524948   
1168.88076159   
1193.05512384   
1175.04973740   
1165.96126958   
1185.12316413   
1169.59064015   
1171.55521406   
1172.55496689   
1178.92297429   
1178.31202732   
1187.23239489   
1190.67548497   
1169.98449956   
1171.76400822   
1172.91985412   
1182.22069711   
1176.42602192   
1169.95612486   
1196.11049959   
1195.19020968   
1170.52665508   
1166.53533427   
1172.42867237   
1176.08373097   
1168.06206792   
1175.95438574   
1169.75391378   
1174.57247959   
1186.20383468   
1183.69524067   
1173.30214710   
1180.52162278   
1171.33842106   
1164.13961927   
1170.27546881   
1168.11447624   
1170.78202584   
1166.25297813   
1180.88097815   
1171.54103902   
1181.05043538   
1190.68020658   
1181.78828772   
1169.01117187   
1207.33192433   
1173.79108359   
1170.50728804   
1172.21400356   
1182.47762135   
1178.25948566   
1165.50836112   
1164.66225708   
1173.92950636   
1173.17224198   
1182.97250781   
1175.14385741   
1169.15244200   
1176.15606695   
1166.58982565   
1174.02406708   
1182.76337741   
1188.91705664   
1191.46601154   
1171.70482018   
1183.07256496   
1202.56106139   
1162.83202632   
1169.98468914   
1169.14968918   
1183.60853120   
1169.93013685   
1185.67075693   
1183.05565829   
1165.23641973   
1194.41695076   
1181.65365750   
1188.55988341   
1176.77028382   
1169.68509512   
1193.49699338   
1186.49308391   
1166.34536153   
1201.66202966   
1181.44530216   
1183.66526922   
1188.49882780   
1181.81486402   
1201.80718722   
1190.51881245   
1172.50552021   
1163.01321256   
1166.22142710   
1185.52902179   
1171.94949058   
1173.99720282   
1177.98040834   
1166.31242611   
1174.98223129   
1174.35179528   
1204.46653593   
1169.58115549   
1180.71305056   
1173.23147223   
1168.81428475   
1186.89369137   
1230.35887927   
1173.45902199   
1193.61688243   
1163.89617354   
1171.01565778   
1167.54736277   
1182.28541504   
1181.96869714   
1176.12191256   
1179.55210137   
1203.20679042   
1169.82688209   
1162.04377701   
1174.98567355   
1176.13403558   
1188.67250698   
1175.39007252   
1169.65385824   
1176.69755775   
1185.55533064   
1197.22617497   
1182.87100945   
1182.44343415   
1174.56488461   
1176.07460076   
1176.88559281   
1180.27252649   
1187.35207635   
1182.31573503   
1166.98447032   
1171.39962132   
1198.12260753   
1175.77837794   
1168.43777963   
1178.80894711   
1215.34633822   
1178.57463905   
1206.18477446   
1182.61100614   
1209.44600811   
1174.39852109   
1172.23294353   
1208.93745100   
1175.74789203   
1164.68158485   
1180.17883086   
1180.87967201   
1170.37997900   
1188.10097856   
1171.08395647   
1172.79829580   
1176.72776398   
1206.13073967   
1174.66468895   
1174.74886525   
1165.32221218   
1174.73207866   
1164.90229109   
1175.46877085   
1163.31516398   
1171.21960763   
1169.70583256   
1177.58485819   
1168.28189898   
1164.37282532   
1195.26436534   
1182.59143588   
1186.49902437   
1205.86048904   
1170.40160019   
1178.79355180   
1161.45448923   
1174.21265731   
1165.72766447   
1164.09036546   
1209.12785497   
1169.69205718   
1173.27803269   
1167.77329672   
1183.37675329   
1198.49653021   
1179.84810413   
1195.48612266   
1192.04089501   
1170.68394374   
1164.34131012   
1192.37669643   
1166.19904997   
1163.82661876   
1196.51922685   
1174.72554293   
1168.78794531   
1163.72202432   
1182.05845349   
1166.75632782   
1161.04564752   
1211.20185380   
1162.51261841   
1162.31429807   
1174.05938546   
1181.85406170   
1176.11613514   
1182.14273391   
1163.96320280   
1194.41966587   
1177.69248386   
1179.94119175   
1189.62728235   
1169.52896588   
1167.19700053   
1186.83846900   
1181.38798862   
1174.31392692   
1173.72931279   
1172.70607322   
1181.33859304   
1160.87521052   
1171.63516282   
1174.88462290   
1171.57609302   
1185.73441555   
1197.73308634   
1160.62620796   
1169.71996046   
1185.25946545   
1184.96499965   
1169.54536427   
1186.65531390   
1167.37400250   
1181.59771010   
1188.79272836   
1189.73451907   
1176.17839763   
1172.55019027   
1165.22120655   
1168.62503653   
1185.96778077   
1178.26653014   
1219.68638404   
1172.55571181   
1163.24903021   
1161.83939536   
1191.12926511   
1186.38020259   
1174.88815275   
1192.47303265   
1183.19473296   
1174.46257772   
1183.42723635   
1170.63782595   
1166.17187051   
1166.84418254   
1175.67901984   
1172.49803715   
1178.82396205   
1185.63318963   
1165.05691105   
1175.92841434   
1172.90173441   
1176.21160657   
1162.46410082   
1184.13929888   
1172.09963237   
1172.66234122   
1190.56575988   
1174.05441260   
1163.83991179   
1162.02808287   
1162.02521505   
1169.39232477   
1165.12476394   
1171.09310423   
1193.45326194   
1170.54474569   
1172.33189165   
1175.08332830   
1239.64610514   
1217.09726621   
1201.19318765   
1219.91856824   
1198.35012893   
1177.59517807   
1220.11605637   
1204.23140525   
1197.68371363   
1175.11725620   
1174.30400237   
1185.98953000   
1206.28758313   
1215.66144309   
1178.37046026   
1184.51473384   
1198.41809442   
1169.15055472   
1172.49884348   
1215.63553209   
1231.83904214   
1208.79736352   
1190.93499323   
1168.35155077   
