2222.72256850   
2042.12284992   
1926.00857708   
1797.07882623   
1685.25505370   
1473.70568768   
1397.46037619   
1380.13286296   
1299.08199510   
1242.04773560   
1231.01867837   
1200.37208154   
1196.41301604   
1190.19529491   
1181.56525313   
1180.89792052   
1174.59204811   
1173.07288371   
1176.98034032   
1175.19438519   
1178.71865772   
1181.01509339   
1166.46169735   
1165.54656257   
1165.88602953   
1164.85206210   
1168.51390400   
1168.04942631   
1167.61797633   
1163.66952024   
1165.21880198   
1170.26502368   
1170.37661241   
1163.44736703   
1161.23748378   
1163.49032671   
1163.64881746   
1163.42816127   
1163.50676442   
1163.40128434   
1170.00736825   
1166.73443948   
1163.75240466   
1167.59614258   
1168.11898955   
1168.37431120   
1168.68768637   
1166.63453182   
1166.76342304   
1163.01436319   
1164.52001633   
1169.02571416   
1165.34742902   
1171.22866347   
1165.09524041   
1163.13188107   
1163.58347051   
1164.07691084   
1170.02238785   
1173.38707388   
1173.58558905   
1168.10625414   
1171.79190748   
1171.08247764   
1170.20243257   
1167.84844043   
1169.43086783   
1171.15464464   
1170.15307233   
1162.37195629   
1161.95639357   
1164.62634727   
1168.38735225   
1167.90846845   
1165.49391894   
1164.42654388   
1162.85934179   
1169.72963366   
1164.01780836   
1162.46082166   
1161.67792177   
1165.53711012   
1166.89331672   
1168.71279098   
1174.77486734   
1175.66155814   
1173.10299126   
1173.68831751   
1174.36294728   
1171.44640654   
1164.87199109   
1169.23256300   
1165.43632230   
1172.28448134   
1169.77650274   
1169.69596409   
1170.42436187   
1169.12932321   
1167.38337865   
1162.31536953   
1161.16383326   
1163.26641478   
1165.59329562   
1164.99283118   
1161.49427055   
1166.33562255   
1168.54407731   
1169.69993450   
1160.32302363   
1164.02225153   
1159.35671201   
1163.79653797   
1168.58591357   
1166.41869891   
1167.46264740   
1171.46784770   
1174.17004955   
1175.30813412   
1166.93595269   
1167.17544147   
1166.32675764   
1167.21228617   
1166.94243383   
1170.99685504   
1169.59985079   
1168.95923980   
1172.30198262   
1169.95473963   
1168.00696496   
1160.59319389   
1162.30811222   
1161.54257289   
1161.46091745   
1167.24030463   
1168.36081876   
1162.52722317   
1162.62895837   
1162.93344280   
1163.68275773   
1164.14160896   
