6.51000000   102.32000000   10.91000000   -119.35000000   25.52154678   99.98704905   14.57295126   -0.23523820   
6.51000000   102.32000000   10.91000000   -119.35000000   25.52382297   99.99033915   14.43456435   -0.15710229   
6.51000000   102.32000000   10.91000000   -119.35000000   25.51962807   99.98545724   13.82628120   -0.18541509   
6.51000000   102.32000000   10.91000000   -119.35000000   25.50193436   99.94539408   14.10297768   -0.25695443   
6.51000000   102.32000000   10.91000000   -119.35000000   25.51258635   99.94313039   14.05351633   -0.10594092   
6.51000000   102.32000000   10.91000000   -119.35000000   25.51894861   99.91233867   14.38918802   -0.18066504   
6.51000000   102.32000000   10.91000000   -119.35000000   25.53634356   99.93178128   14.14418130   -0.20606878   
6.51000000   102.32000000   10.91000000   -119.35000000   25.53651808   99.89643480   13.12767259   -0.16165668   
6.51000000   102.32000000   10.91000000   -119.35000000   25.54219373   99.86686122   12.88737641   -0.06979642   
6.51000000   102.32000000   10.91000000   -119.35000000   25.54234227   99.85795858   12.83988051   -0.04526010   
6.51000000   102.32000000   10.91000000   -119.35000000   25.54547397   99.87489930   12.47430333   0.08782971   
6.51000000   102.32000000   10.91000000   -119.35000000   25.57256978   99.86951377   12.73457128   0.19291617   
6.51000000   102.32000000   10.91000000   -119.35000000   25.58184475   99.84798068   13.38817292   0.28929883   
6.51000000   102.32000000   10.91000000   -119.35000000   25.61993464   99.86734322   13.50842840   0.14532609   
6.51000000   102.32000000   10.91000000   -119.35000000   25.65089520   99.86403105   13.67320456   0.17455882   
6.51000000   102.32000000   10.91000000   -119.35000000   25.66554925   99.85909333   13.56453007   0.38866709   
6.51000000   102.32000000   10.91000000   -119.35000000   25.66442250   99.85967911   13.51661563   0.52680124   
6.51000000   102.32000000   10.91000000   -119.35000000   25.66296476   99.83023383   13.50952567   0.51041236   
6.51000000   102.32000000   10.91000000   -119.35000000   25.65412136   99.80778400   13.54356328   0.64228681   
6.51000000   102.32000000   10.91000000   -119.35000000   25.65012868   99.80902559   12.80889085   0.76451512   
6.51000000   102.32000000   10.91000000   -119.35000000   25.66054518   99.78357432   12.44743443   0.82589658   
6.51000000   102.32000000   10.91000000   -119.35000000   25.68575604   99.76282338   13.02855062   0.94615292   
6.51000000   102.32000000   10.91000000   -119.35000000   25.67756727   99.74804615   11.95159969   0.83970704   
6.51000000   102.32000000   10.91000000   -119.35000000   25.71947786   99.71636233   12.31013796   0.66149179   
6.51000000   102.32000000   10.91000000   -119.35000000   25.72512315   99.70458088   12.56547002   0.77598091   
6.51000000   102.32000000   10.91000000   -119.35000000   25.73947641   99.70867440   12.26302498   0.78113003   
6.51000000   102.32000000   10.91000000   -119.35000000   25.73798513   99.74299095   11.92908389   0.60391135   
6.51000000   102.32000000   10.91000000   -119.35000000   25.74660970   99.75994803   11.41672100   0.66626589   
6.51000000   102.32000000   10.91000000   -119.35000000   25.73495569   99.74385468   10.90423319   0.78736365   
6.51000000   102.32000000   10.91000000   -119.35000000   25.74020494   99.70809535   10.89762472   0.79909278   
6.51000000   102.32000000   10.91000000   -119.35000000   25.74573791   99.72877307   9.83193420   0.73693745   
6.51000000   102.32000000   10.91000000   -119.35000000   25.75991196   99.73679577   9.55938245   0.60842632   
6.51000000   102.32000000   10.91000000   -119.35000000   25.73310480   99.74938263   9.57880427   0.44600550   
6.51000000   102.32000000   10.91000000   -119.35000000   25.74551654   99.71529972   9.56142321   0.22385340   
6.51000000   102.32000000   10.91000000   -119.35000000   25.76514290   99.74098484   9.52298294   0.32696607   
6.51000000   102.32000000   10.91000000   -119.35000000   25.76747351   99.72615579   10.26644466   0.33212533   
6.51000000   102.32000000   10.91000000   -119.35000000   25.76815074   99.74212469   9.23304298   0.36537509   
6.51000000   102.32000000   10.91000000   -119.35000000   25.77365811   99.74513717   9.02894889   0.34617826   
6.51000000   102.32000000   10.91000000   -119.35000000   25.77441765   99.74765471   8.54948030   0.38463415   
6.51000000   102.32000000   10.91000000   -119.35000000   25.75450072   99.72234508   7.65766420   0.45689442   
6.51000000   102.32000000   10.91000000   -119.35000000   25.75586509   99.73371928   7.33494341   0.48166625   
6.51000000   102.32000000   10.91000000   -119.35000000   25.76259955   99.75302794   6.79020324   0.48969002   
6.51000000   102.32000000   10.91000000   -119.35000000   25.73601417   99.76409813   6.50424671   0.53766168   
6.51000000   102.32000000   10.91000000   -119.35000000   25.71425029   99.74943907   6.55416781   0.66319014   
6.51000000   102.32000000   10.91000000   -119.35000000   25.71701204   99.73213162   5.86263935   0.66768492   
6.51000000   102.32000000   10.91000000   -119.35000000   25.69479883   99.75238329   5.83631738   0.52382947   
6.51000000   102.32000000   10.91000000   -119.35000000   25.71325863   99.74030095   5.36916842   0.68845787   
6.51000000   102.32000000   10.91000000   -119.35000000   25.71326747   99.73460431   5.69255291   0.71190386   
6.51000000   102.32000000   10.91000000   -119.35000000   25.73720943   99.72272259   6.24369774   0.66409412   
6.51000000   102.32000000   10.91000000   -119.35000000   25.73967159   99.74228372   5.79099641   0.64827317   
6.51000000   102.32000000   10.91000000   -119.35000000   25.74927275   99.73545300   5.22864249   0.48995008   
6.51000000   102.32000000   10.91000000   -119.35000000   25.73921281   99.72800824   4.83598179   0.55493481   
6.51000000   102.32000000   10.91000000   -119.35000000   25.73874319   99.74040846   5.07334723   0.45129842   
6.51000000   102.32000000   10.91000000   -119.35000000   25.73623430   99.72539366   4.67404789   0.44144478   
6.51000000   102.32000000   10.91000000   -119.35000000   25.73667858   99.75224849   5.16563760   0.47225615   
6.51000000   102.32000000   10.91000000   -119.35000000   25.75713755   99.75172179   4.81649102   0.59162943   
6.51000000   102.32000000   10.91000000   -119.35000000   25.72925334   99.73055816   5.85240965   0.50477266   
6.51000000   102.32000000   10.91000000   -119.35000000   25.73122663   99.72881767   6.11922723   0.45661650   
6.51000000   102.32000000   10.91000000   -119.35000000   25.73704482   99.72753160   6.59173247   0.34047219   
6.51000000   102.32000000   10.91000000   -119.35000000   25.74877172   99.73992717   7.11869584   0.44160235   
6.51000000   102.32000000   10.91000000   -119.35000000   25.74482504   99.73641735   7.37485270   0.46870126   
6.51000000   102.32000000   10.91000000   -119.35000000   25.74895955   99.72538031   7.09888887   0.38222374   
6.51000000   102.32000000   10.91000000   -119.35000000   25.76697307   99.73593694   6.73785937   0.37622579   
6.51000000   102.32000000   10.91000000   -119.35000000   25.77597732   99.73593319   5.70557193   0.41923698   
6.51000000   102.32000000   10.91000000   -119.35000000   25.74874123   99.72735244   5.55284801   0.49723555   
6.51000000   102.32000000   10.91000000   -119.35000000   25.75091431   99.75821995   5.25587423   0.42894058   
6.51000000   102.32000000   10.91000000   -119.35000000   25.74802442   99.77170936   5.61979287   0.43375456   
6.51000000   102.32000000   10.91000000   -119.35000000   25.74725349   99.76352793   5.21840308   0.45856014   
6.51000000   102.32000000   10.91000000   -119.35000000   25.74674885   99.74532298   4.43887969   0.40084363   
6.51000000   102.32000000   10.91000000   -119.35000000   25.73517677   99.75937125   4.12346953   0.40186618   
6.51000000   102.32000000   10.91000000   -119.35000000   25.71960856   99.74261312   3.34137103   0.29766386   
6.51000000   102.32000000   10.91000000   -119.35000000   25.71603959   99.74528273   2.66413878   0.17767640   
6.51000000   102.32000000   10.91000000   -119.35000000   25.73719680   99.74335173   2.33362038   0.04406033   
6.51000000   102.32000000   10.91000000   -119.35000000   25.72015242   99.74872770   1.97512624   -0.16747977   
6.51000000   102.32000000   10.91000000   -119.35000000   25.71809139   99.74167555   1.75208365   -0.19963491   
6.51000000   102.32000000   10.91000000   -119.35000000   25.73128407   99.74835901   1.48420787   -0.16958463   
6.51000000   102.32000000   10.91000000   -119.35000000   25.71317379   99.75554628   1.70911525   -0.20776007   
6.51000000   102.32000000   10.91000000   -119.35000000   25.70581533   99.76054562   1.14687892   -0.13562605   
6.51000000   102.32000000   10.91000000   -119.35000000   25.72304736   99.74656082   1.48366770   -0.08679168   
6.51000000   102.32000000   10.91000000   -119.35000000   25.70933920   99.75701331   1.29375960   -0.08705468   
6.51000000   102.32000000   10.91000000   -119.35000000   25.73289341   99.75919573   1.34335977   -0.13395532   
6.51000000   102.32000000   10.91000000   -119.35000000   25.72889225   99.76598570   1.12147516   -0.20377452   
6.51000000   102.32000000   10.91000000   -119.35000000   25.71818990   99.74447740   1.10266125   -0.32527027   
6.51000000   102.32000000   10.91000000   -119.35000000   25.69546777   99.76292517   1.16010955   -0.43936107   
6.51000000   102.32000000   10.91000000   -119.35000000   25.72155284   99.77673438   1.19423823   -0.43136361   
6.51000000   102.32000000   10.91000000   -119.35000000   25.70464827   99.76705075   1.20403724   -0.24004402   
6.51000000   102.32000000   10.91000000   -119.35000000   25.70833199   99.74714835   1.26129577   -0.24319276   
6.51000000   102.32000000   10.91000000   -119.35000000   25.72803538   99.77202616   1.04137570   -0.19077148   
6.51000000   102.32000000   10.91000000   -119.35000000   25.71833730   99.76785914   1.32606829   -0.26731410   
6.51000000   102.32000000   10.91000000   -119.35000000   25.70062686   99.76249542   1.55842006   -0.26594815   
6.51000000   102.32000000   10.91000000   -119.35000000   25.74087607   99.73417779   1.25945328   -0.30197657   
6.51000000   102.32000000   10.91000000   -119.35000000   25.69771045   99.74541338   1.43425563   -0.20456121   
6.51000000   102.32000000   10.91000000   -119.35000000   25.72972763   99.74990058   1.64023498   -0.30976973   
6.51000000   102.32000000   10.91000000   -119.35000000   25.73892914   99.75030061   1.78136001   -0.26198672   
6.51000000   102.32000000   10.91000000   -119.35000000   25.70766302   99.75809510   1.57737479   -0.19525922   
6.51000000   102.32000000   10.91000000   -119.35000000   25.71187850   99.76806624   1.43797064   -0.18341330   
6.51000000   102.32000000   10.91000000   -119.35000000   25.71142105   99.75550638   1.28528627   -0.30538723   
6.51000000   102.32000000   10.91000000   -119.35000000   25.74073011   99.71758335   1.81779486   -0.41635945   
6.51000000   102.32000000   10.91000000   -119.35000000   25.73919249   99.73144714   2.13927574   -0.44437703   
6.51000000   102.32000000   10.91000000   -119.35000000   25.72281382   99.70949845   2.11442074   -0.39993593   
6.51000000   102.32000000   10.91000000   -119.35000000   25.73120165   99.71808715   2.09812433   -0.41360400   
6.51000000   102.32000000   10.91000000   -119.35000000   25.73641785   99.76860194   1.38537846   -0.38720048   
6.51000000   102.32000000   10.91000000   -119.35000000   25.71628465   99.77053630   1.55116354   -0.21216222   
6.51000000   102.32000000   10.91000000   -119.35000000   25.70412376   99.74988794   1.32969563   -0.26724054   
6.51000000   102.32000000   10.91000000   -119.35000000   25.72635806   99.73439472   1.20183026   -0.16187746   
6.51000000   102.32000000   10.91000000   -119.35000000   25.72113968   99.74767487   1.45803778   -0.02368049   
6.51000000   102.32000000   10.91000000   -119.35000000   25.73558086   99.75640313   1.04076936   0.01985158   
6.51000000   102.32000000   10.91000000   -119.35000000   25.75611112   99.75959844   1.16178697   0.08772256   
6.51000000   102.32000000   10.91000000   -119.35000000   25.75273326   99.73781581   1.60264838   0.03694336   
6.51000000   102.32000000   10.91000000   -119.35000000   25.73070405   99.78313271   1.28769029   0.08131655   
6.51000000   102.32000000   10.91000000   -119.35000000   25.73623118   99.77745440   1.69726840   0.29897667   
6.51000000   102.32000000   10.91000000   -119.35000000   25.71523121   99.76222819   1.43371363   0.31937840   
6.51000000   102.32000000   10.91000000   -119.35000000   25.74857748   99.74980029   1.65430295   0.17496860   
6.51000000   102.32000000   10.91000000   -119.35000000   25.73545230   99.75463916   1.58328195   0.21702472   
6.51000000   102.32000000   10.91000000   -119.35000000   25.72449647   99.73084604   1.76507144   0.15953995   
6.51000000   102.32000000   10.91000000   -119.35000000   25.72931083   99.74863688   1.46333652   0.08879521   
6.51000000   102.32000000   10.91000000   -119.35000000   25.73759365   99.73472963   2.31116700   -0.03614818   
6.51000000   102.32000000   10.91000000   -119.35000000   25.70931852   99.73299692   1.50907371   -0.13294579   
6.51000000   102.32000000   10.91000000   -119.35000000   25.73376242   99.73974354   1.02038258   0.03748464   
6.51000000   102.32000000   10.91000000   -119.35000000   25.71797138   99.73308844   1.39292415   -0.03490550   
6.51000000   102.32000000   10.91000000   -119.35000000   25.73257589   99.74464822   1.00508493   0.04214003   
6.51000000   102.32000000   10.91000000   -119.35000000   25.73603211   99.77905363   1.02432123   0.05775389   
6.51000000   102.32000000   10.91000000   -119.35000000   25.73765636   99.76589112   1.56427942   -0.15687838   
6.51000000   102.32000000   10.91000000   -119.35000000   25.72883031   99.76739774   1.66879112   -0.09790798   
6.51000000   102.32000000   10.91000000   -119.35000000   25.72372150   99.76951353   1.58934693   -0.01050277   
6.51000000   102.32000000   10.91000000   -119.35000000   25.70963689   99.77132821   1.02160239   -0.06717444   
6.51000000   102.32000000   10.91000000   -119.35000000   25.72361451   99.76380641   1.04754293   -0.05067469   
6.51000000   102.32000000   10.91000000   -119.35000000   25.71773490   99.77480586   1.04368985   -0.17006422   
6.51000000   102.32000000   10.91000000   -119.35000000   25.70954166   99.76737970   1.36853433   -0.28047998   
6.51000000   102.32000000   10.91000000   -119.35000000   25.70401275   99.77005041   1.10268005   -0.44633817   
6.51000000   102.32000000   10.91000000   -119.35000000   25.70701758   99.75971769   1.47208778   -0.43733905   
6.51000000   102.32000000   10.91000000   -119.35000000   25.72243388   99.75512633   1.91963108   -0.50911465   
6.51000000   102.32000000   10.91000000   -119.35000000   25.73621621   99.75811033   1.95321137   -0.43961926   
6.51000000   102.32000000   10.91000000   -119.35000000   25.73461537   99.75719389   2.06520232   -0.43913659   
6.51000000   102.32000000   10.91000000   -119.35000000   25.75154543   99.72554037   1.57391753   -0.48976692   
6.51000000   102.32000000   10.91000000   -119.35000000   25.75623559   99.72920491   2.51117441   -0.55784324   
6.51000000   102.32000000   10.91000000   -119.35000000   25.72010475   99.71452027   2.72476394   -0.36961441   
6.51000000   102.32000000   10.91000000   -119.35000000   25.72030856   99.73714316   2.55806375   -0.34490599   
6.51000000   102.32000000   10.91000000   -119.35000000   25.72157422   99.71415755   2.73385683   -0.34820007   
6.51000000   102.32000000   10.91000000   -119.35000000   25.73757668   99.71685005   2.43209511   -0.26471461   
6.51000000   102.32000000   10.91000000   -119.35000000   25.71316367   99.73728785   1.37707079   -0.32111820   
6.51000000   102.32000000   10.91000000   -119.35000000   25.73958891   99.74168932   1.32437157   -0.40205797   
6.51000000   102.32000000   10.91000000   -119.35000000   25.75085300   99.74367256   1.52355778   -0.32565406   
6.51000000   102.32000000   10.91000000   -119.35000000   25.74983426   99.73486383   1.76596738   -0.41423645   
6.51000000   102.32000000   10.91000000   -119.35000000   25.75893777   99.72812871   1.71707552   -0.35131999   
6.51000000   102.32000000   10.91000000   -119.35000000   25.73629676   99.75657299   2.04404796   -0.39121001   
6.51000000   102.32000000   10.91000000   -119.35000000   25.73579771   99.75670092   2.02240628   -0.42005612   
6.51000000   102.32000000   10.91000000   -119.35000000   25.72404704   99.74600567   1.66825013   -0.31501915   
6.51000000   102.32000000   10.91000000   -119.35000000   25.72565576   99.74569244   1.20623759   -0.44040124   
6.51000000   102.32000000   10.91000000   -119.35000000   25.71714240   99.75032860   1.46265418   -0.35029628   
6.51000000   102.32000000   10.91000000   -119.35000000   25.72056199   99.74618240   2.25545968   -0.52782738   
6.51000000   102.32000000   10.91000000   -119.35000000   25.72640298   99.72622875   2.60239747   -0.38229311   
6.51000000   102.32000000   10.91000000   -119.35000000   25.71380197   99.74160828   2.52917501   -0.43484426   
6.51000000   102.32000000   10.91000000   -119.35000000   25.71455625   99.73417206   2.70325879   -0.31191294   
6.51000000   102.32000000   10.91000000   -119.35000000   25.70597670   99.72654033   2.59987811   -0.23788654   
6.51000000   102.32000000   10.91000000   -119.35000000   25.71483557   99.74823833   2.89983243   -0.27526964   
6.51000000   102.32000000   10.91000000   -119.35000000   25.72629393   99.72275126   1.99105427   -0.19614036   
6.51000000   102.32000000   10.91000000   -119.35000000   25.74822420   99.76663305   1.23174567   -0.08873627   
6.51000000   102.32000000   10.91000000   -119.35000000   25.73311317   99.77109185   1.46630593   -0.18260457   
6.51000000   102.32000000   10.91000000   -119.35000000   25.71073755   99.74343457   2.14953262   -0.23686338   
6.51000000   102.32000000   10.91000000   -119.35000000   25.73241313   99.73374425   2.03575440   -0.13844959   
6.51000000   102.32000000   10.91000000   -119.35000000   25.74064314   99.74904956   1.65645453   -0.07898275   
6.51000000   102.32000000   10.91000000   -119.35000000   25.73744472   99.77469290   1.32985330   -0.20182497   
6.51000000   102.32000000   10.91000000   -119.35000000   25.72260914   99.76658645   1.11652717   -0.17963142   
6.51000000   102.32000000   10.91000000   -119.35000000   25.72659960   99.76212392   1.02711498   -0.23734349   
6.51000000   102.32000000   10.91000000   -119.35000000   25.71786609   99.75372336   1.22462236   -0.25811992   
6.51000000   102.32000000   10.91000000   -119.35000000   25.71377422   99.73808764   1.16023116   -0.25836192   
6.51000000   102.32000000   10.91000000   -119.35000000   25.72355780   99.74758327   1.31408050   -0.16149256   
6.51000000   102.32000000   10.91000000   -119.35000000   25.69750808   99.75115921   1.16819308   -0.10056215   
6.51000000   102.32000000   10.91000000   -119.35000000   25.73000549   99.73854001   1.17813841   -0.17227227   
6.51000000   102.32000000   10.91000000   -119.35000000   25.73155268   99.74458574   1.44673568   -0.21337780   
6.51000000   102.32000000   10.91000000   -119.35000000   25.72834863   99.75442775   1.24472906   -0.16301742   
6.51000000   102.32000000   10.91000000   -119.35000000   25.74382989   99.73994649   1.34696594   -0.13456808   
6.51000000   102.32000000   10.91000000   -119.35000000   25.72919541   99.75738717   2.07754942   -0.15525659   
6.51000000   102.32000000   10.91000000   -119.35000000   25.72456774   99.75697145   1.60847743   -0.09983059   
6.51000000   102.32000000   10.91000000   -119.35000000   25.72266922   99.74790696   2.10461931   -0.06873818   
6.51000000   102.32000000   10.91000000   -119.35000000   25.72594330   99.75828831   1.77676975   -0.27845422   
6.51000000   102.32000000   10.91000000   -119.35000000   25.72817099   99.73304212   1.70306846   -0.32904978   
6.51000000   102.32000000   10.91000000   -119.35000000   25.75103769   99.73599793   1.14348909   -0.43125109   
6.51000000   102.32000000   10.91000000   -119.35000000   25.72924658   99.75732597   1.15415191   -0.41265416   
6.51000000   102.32000000   10.91000000   -119.35000000   25.72605833   99.74149828   1.24238391   -0.49903631   
6.51000000   102.32000000   10.91000000   -119.35000000   25.73731569   99.73818409   1.52095418   -0.35897609   
6.51000000   102.32000000   10.91000000   -119.35000000   25.73261066   99.75439403   1.57927058   -0.17839165   
6.51000000   102.32000000   10.91000000   -119.35000000   25.73892476   99.73612521   1.95684808   -0.16856386   
6.51000000   102.32000000   10.91000000   -119.35000000   25.71709480   99.74311707   2.40964409   -0.04573329   
6.51000000   102.32000000   10.91000000   -119.35000000   25.71510642   99.73925180   2.10379918   0.06126959   
6.51000000   102.32000000   10.91000000   -119.35000000   25.71912364   99.73583510   2.62638513   0.10958219   
6.51000000   102.32000000   10.91000000   -119.35000000   25.73826714   99.75979737   2.10835339   0.19411298   
6.51000000   102.32000000   10.91000000   -119.35000000   25.74050893   99.77553978   1.11756637   0.17615061   
6.51000000   102.32000000   10.91000000   -119.35000000   25.74154543   99.78636273   1.19626165   0.09542280   
6.51000000   102.32000000   10.91000000   -119.35000000   25.72552959   99.74041678   1.01245935   0.17927291   
6.51000000   102.32000000   10.91000000   -119.35000000   25.70713201   99.74976472   1.48878302   0.12890027   
6.51000000   102.32000000   10.91000000   -119.35000000   25.69150462   99.74225379   1.49413406   0.08713369   
6.51000000   102.32000000   10.91000000   -119.35000000   25.71234430   99.74666285   1.31314104   -0.11117149   
6.51000000   102.32000000   10.91000000   -119.35000000   25.71948095   99.75499947   1.43019386   -0.12756348   
6.51000000   102.32000000   10.91000000   -119.35000000   25.72045588   99.75477910   1.06021054   -0.20446293   
6.51000000   102.32000000   10.91000000   -119.35000000   25.71153169   99.74306059   1.14678580   0.02484253   
6.51000000   102.32000000   10.91000000   -119.35000000   25.69215186   99.75205065   1.12003572   0.06728891   
6.51000000   102.32000000   10.91000000   -119.35000000   25.68324606   99.74091015   1.08011295   -0.22066206   
6.51000000   102.32000000   10.91000000   -119.35000000   25.68760639   99.74307322   1.09245845   -0.02326728   
6.51000000   102.32000000   10.91000000   -119.35000000   25.73515718   99.75205010   1.68497833   0.04171653   
6.51000000   102.32000000   10.91000000   -119.35000000   25.73989061   99.74046221   1.43342744   0.09695800   
6.51000000   102.32000000   10.91000000   -119.35000000   25.74116287   99.75470084   1.72607697   0.08858026   
6.51000000   102.32000000   10.91000000   -119.35000000   25.73758327   99.74121868   1.84309128   0.12502226   
6.51000000   102.32000000   10.91000000   -119.35000000   25.72929424   99.77554899   2.13175701   0.03277721   
6.51000000   102.32000000   10.91000000   -119.35000000   25.72445591   99.73763215   1.24874847   0.03518864   
6.51000000   102.32000000   10.91000000   -119.35000000   25.73193711   99.75702410   1.29873323   0.20247835   
6.51000000   102.32000000   10.91000000   -119.35000000   25.74053420   99.75288730   1.10748140   0.28498196   
6.51000000   102.32000000   10.91000000   -119.35000000   25.72049231   99.75748282   1.43330583   0.39532272   
6.51000000   102.32000000   10.91000000   -119.35000000   25.71891503   99.75093367   2.03892884   0.29168237   
6.51000000   102.32000000   10.91000000   -119.35000000   25.74434412   99.73062842   1.69319435   0.14641541   
6.51000000   102.32000000   10.91000000   -119.35000000   25.72070701   99.77068297   1.99325450   0.05725501   
6.51000000   102.32000000   10.91000000   -119.35000000   25.73059218   99.73001795   2.17511285   0.10107220   
6.51000000   102.32000000   10.91000000   -119.35000000   25.73998328   99.77593084   2.06101014   0.10858279   
6.51000000   102.32000000   10.91000000   -119.35000000   25.70952752   99.77702594   1.51165180   0.14520348   
6.51000000   102.32000000   10.91000000   -119.35000000   25.70527121   99.77079867   1.35198995   0.09165657   
6.51000000   102.32000000   10.91000000   -119.35000000   25.72100007   99.78280563   1.72163509   0.04798114   
6.51000000   102.32000000   10.91000000   -119.35000000   25.73946045   99.76381223   1.09900617   -0.08241476   
6.51000000   102.32000000   10.91000000   -119.35000000   25.73157606   99.77136353   1.14178884   -0.15251214   
6.51000000   102.32000000   10.91000000   -119.35000000   25.74494623   99.76481629   1.20459350   -0.21207069   
6.51000000   102.32000000   10.91000000   -119.35000000   25.71604970   99.74772500   1.22074363   -0.06691191   
6.51000000   102.32000000   10.91000000   -119.35000000   25.71749035   99.78739369   1.24229464   -0.06035213   
6.51000000   102.32000000   10.91000000   -119.35000000   25.71755136   99.79572214   1.08211425   0.04996715   
6.51000000   102.32000000   10.91000000   -119.35000000   25.73776478   99.80669232   1.03937437   -0.04352106   
6.51000000   102.32000000   10.91000000   -119.35000000   25.76703033   99.78761216   1.14910564   0.01328395   
6.51000000   102.32000000   10.91000000   -119.35000000   25.74864538   99.78667330   1.28186168   -0.09124321   
6.51000000   102.32000000   10.91000000   -119.35000000   25.73083853   99.78382032   1.81145670   -0.12501985   
6.51000000   102.32000000   10.91000000   -119.35000000   25.70619206   99.77843954   2.42137367   -0.14889718   
6.51000000   102.32000000   10.91000000   -119.35000000   25.67980089   99.76341614   2.10625288   -0.21582279   
6.51000000   102.32000000   10.91000000   -119.35000000   25.67459082   99.74695618   1.63174235   -0.23576915   
6.51000000   102.32000000   10.91000000   -119.35000000   25.67051957   99.77064728   1.14748631   -0.18416085   
6.51000000   102.32000000   10.91000000   -119.35000000   25.67643546   99.77189865   1.63944632   -0.20870345   
6.51000000   102.32000000   10.91000000   -119.35000000   25.67501413   99.77507341   1.21414774   -0.16233629   
6.51000000   102.32000000   10.91000000   -119.35000000   25.68840535   99.75170531   1.12866431   -0.07698919   
6.51000000   102.32000000   10.91000000   -119.35000000   25.70168300   99.77691025   1.41698097   -0.06962091   
6.51000000   102.32000000   10.91000000   -119.35000000   25.70454722   99.78220376   1.29411094   -0.10332119   
6.51000000   102.32000000   10.91000000   -119.35000000   25.71707763   99.76617143   1.21609385   -0.18851713   
6.51000000   102.32000000   10.91000000   -119.35000000   25.71856593   99.75999226   1.11973206   -0.18475824   
6.51000000   102.32000000   10.91000000   -119.35000000   25.72178230   99.74588787   1.04991562   -0.25318627   
6.51000000   102.32000000   10.91000000   -119.35000000   25.72104488   99.74329518   1.07144482   -0.25938148   
6.51000000   102.32000000   10.91000000   -119.35000000   25.72331520   99.74204274   1.05698346   -0.24447449   
6.51000000   102.32000000   10.91000000   -119.35000000   25.69761178   99.74487414   1.04851906   -0.30510581   
6.51000000   102.32000000   10.91000000   -119.35000000   25.70575253   99.73444794   1.12459829   -0.41258216   
6.51000000   102.32000000   10.91000000   -119.35000000   25.71048878   99.73324091   1.11763683   -0.48175559   
6.51000000   102.32000000   10.91000000   -119.35000000   25.75650213   99.73563683   1.12043431   -0.58533417   
6.51000000   102.32000000   10.91000000   -119.35000000   25.72355001   99.74275663   2.08951849   -0.55522198   
6.51000000   102.32000000   10.91000000   -119.35000000   25.74550117   99.72998352   1.71513856   -0.42818704   
6.51000000   102.32000000   10.91000000   -119.35000000   25.71510245   99.75510431   1.62808866   -0.42457397   
6.51000000   102.32000000   10.91000000   -119.35000000   25.72691632   99.72738906   1.62910336   -0.47185393   
6.51000000   102.32000000   10.91000000   -119.35000000   25.73279856   99.71383245   1.74832589   -0.37822085   
6.51000000   102.32000000   10.91000000   -119.35000000   25.75805020   99.72075723   1.57702167   -0.60777271   
6.51000000   102.32000000   10.91000000   -119.35000000   25.77424918   99.73441370   1.16971165   -0.71707021   
6.51000000   102.32000000   10.91000000   -119.35000000   25.75525393   99.75295382   1.33581995   -0.71450283   
6.51000000   102.32000000   10.91000000   -119.35000000   25.72294602   99.74370409   1.08017486   -0.76064997   
6.51000000   102.32000000   10.91000000   -119.35000000   25.74470110   99.74225893   1.17840950   -0.81215142   
6.51000000   102.32000000   10.91000000   -119.35000000   25.72830366   99.72249249   1.13368692   -0.78339455   
6.51000000   102.32000000   10.91000000   -119.35000000   25.73635526   99.74134348   1.03062357   -0.80781354   
6.51000000   102.32000000   10.91000000   -119.35000000   25.72099050   99.72704361   1.02246151   -0.66931114   
6.51000000   102.32000000   10.91000000   -119.35000000   25.73110726   99.73651285   1.62148778   -0.61907139   
6.51000000   102.32000000   10.91000000   -119.35000000   25.72941685   99.73191044   1.13698605   -0.71136960   
6.51000000   102.32000000   10.91000000   -119.35000000   25.73570254   99.74021926   1.61324306   -0.62085241   
6.51000000   102.32000000   10.91000000   -119.35000000   25.73059882   99.73272612   1.52691823   -0.76605029   
6.51000000   102.32000000   10.91000000   -119.35000000   25.70235788   99.72891952   1.00291741   -0.65361256   
6.51000000   102.32000000   10.91000000   -119.35000000   25.70182926   99.74592244   1.00091056   -0.59194835   
6.51000000   102.32000000   10.91000000   -119.35000000   25.70280289   99.74765866   1.62889348   -0.50308969   
6.51000000   102.32000000   10.91000000   -119.35000000   25.70920966   99.73998849   1.02255018   -0.52783491   
6.51000000   102.32000000   10.91000000   -119.35000000   25.73047533   99.72900941   1.19956409   -0.50198250   
6.51000000   102.32000000   10.91000000   -119.35000000   25.73192069   99.75049085   1.04118305   -0.51452715   
6.51000000   102.32000000   10.91000000   -119.35000000   25.73502746   99.75712501   2.42255016   -0.40411844   
6.51000000   102.32000000   10.91000000   -119.35000000   25.75705381   99.74800693   1.59071006   -0.40067772   
6.51000000   102.32000000   10.91000000   -119.35000000   25.72474301   99.73406806   1.48390001   -0.49048590   
6.51000000   102.32000000   10.91000000   -119.35000000   25.74340874   99.73253879   1.60620634   -0.33514569   
6.51000000   102.32000000   10.91000000   -119.35000000   25.73180191   99.70231228   1.52007059   -0.40806037   
6.51000000   102.32000000   10.91000000   -119.35000000   25.71061015   99.71974460   1.37769574   -0.33385412   
6.51000000   102.32000000   10.91000000   -119.35000000   25.68433155   99.73643656   1.08889253   -0.37872141   
6.51000000   102.32000000   10.91000000   -119.35000000   25.68853259   99.71964356   1.06232869   -0.38121210   
6.51000000   102.32000000   10.91000000   -119.35000000   25.69709898   99.72862365   1.23903304   -0.30703974   
6.51000000   102.32000000   10.91000000   -119.35000000   25.71022587   99.73675234   1.88470258   -0.42500201   
6.51000000   102.32000000   10.91000000   -119.35000000   25.73683677   99.73675046   1.73512410   -0.35232101   
6.51000000   102.32000000   10.91000000   -119.35000000   25.74496670   99.74371039   1.72741191   -0.39982169   
6.51000000   102.32000000   10.91000000   -119.35000000   25.72336563   99.74628965   1.02657044   -0.55173300   
6.51000000   102.32000000   10.91000000   -119.35000000   25.72302506   99.74515082   1.30209129   -0.63096659   
6.51000000   102.32000000   10.91000000   -119.35000000   25.73157742   99.73168408   1.87363352   -0.51340428   
6.51000000   102.32000000   10.91000000   -119.35000000   25.76375800   99.73068540   1.58440648   -0.68139495   
6.51000000   102.32000000   10.91000000   -119.35000000   25.73967455   99.72046694   1.27068999   -0.65610142   
6.51000000   102.32000000   10.91000000   -119.35000000   25.73887401   99.71485402   1.75976263   -0.55211557   
6.51000000   102.32000000   10.91000000   -119.35000000   25.75049597   99.73254270   1.27172913   -0.44462575   
6.51000000   102.32000000   10.91000000   -119.35000000   25.76325573   99.74168211   1.23849022   -0.38826317   
6.51000000   102.32000000   10.91000000   -119.35000000   25.74229644   99.72133714   2.06118977   -0.33175392   
6.51000000   102.32000000   10.91000000   -119.35000000   25.73865988   99.71623212   1.44783524   -0.35248737   
6.51000000   102.32000000   10.91000000   -119.35000000   25.72140429   99.74331650   1.46636424   -0.34166019   
6.51000000   102.32000000   10.91000000   -119.35000000   25.72733500   99.73729324   1.50816561   -0.35685592   
6.51000000   102.32000000   10.91000000   -119.35000000   25.72889587   99.73293740   1.32442854   -0.34425829   
6.51000000   102.32000000   10.91000000   -119.35000000   25.72227223   99.71583911   1.40667005   -0.18659856   
6.51000000   102.32000000   10.91000000   -119.35000000   25.71600634   99.75986885   1.07193711   -0.10380497   
6.51000000   102.32000000   10.91000000   -119.35000000   25.70829222   99.73939870   1.19415630   -0.05115268   
6.51000000   102.32000000   10.91000000   -119.35000000   25.71010304   99.74758056   1.88881054   -0.12395891   
6.51000000   102.32000000   10.91000000   -119.35000000   25.68449709   99.75073728   2.08886755   -0.26046209   
6.51000000   102.32000000   10.91000000   -119.35000000   25.69297338   99.74798445   1.76570881   -0.22712151   
6.51000000   102.32000000   10.91000000   -119.35000000   25.69998696   99.73176140   1.38330027   -0.32544676   
6.51000000   102.32000000   10.91000000   -119.35000000   25.72501720   99.74024661   1.20423152   -0.40009887   
6.51000000   102.32000000   10.91000000   -119.35000000   25.71086682   99.71896904   1.17014223   -0.34967539   
6.51000000   102.32000000   10.91000000   -119.35000000   25.71585733   99.76046299   1.30638326   -0.32177100   
6.51000000   102.32000000   10.91000000   -119.35000000   25.73287465   99.75770324   1.31477457   -0.47312058   
6.51000000   102.32000000   10.91000000   -119.35000000   25.73683226   99.75130122   1.18656532   -0.64420768   
6.51000000   102.32000000   10.91000000   -119.35000000   25.71415344   99.72530848   1.57458232   -0.64249554   
6.51000000   102.32000000   10.91000000   -119.35000000   25.72683324   99.73673844   1.35827838   -0.70007828   
6.51000000   102.32000000   10.91000000   -119.35000000   25.74908755   99.73131052   2.00602665   -0.60516002   
6.51000000   102.32000000   10.91000000   -119.35000000   25.75218445   99.73953309   1.62578370   -0.60893800   
6.51000000   102.32000000   10.91000000   -119.35000000   25.74186993   99.72394589   1.24164308   -0.66373203   
6.51000000   102.32000000   10.91000000   -119.35000000   25.71599998   99.73002490   1.13480840   -0.68395302   
6.51000000   102.32000000   10.91000000   -119.35000000   25.72254216   99.73570621   1.20240209   -0.59029695   
6.51000000   102.32000000   10.91000000   -119.35000000   25.71641898   99.71038935   1.35476198   -0.53429382   
6.51000000   102.32000000   10.91000000   -119.35000000   25.70744254   99.72480461   1.00235960   -0.69225576   
6.51000000   102.32000000   10.91000000   -119.35000000   25.74915772   99.72972925   1.18730193   -0.83507262   
6.51000000   102.32000000   10.91000000   -119.35000000   25.75491998   99.73840248   1.14488921   -0.68112563   
6.51000000   102.32000000   10.91000000   -119.35000000   25.72186099   99.73668325   1.15472099   -0.73653421   
6.51000000   102.32000000   10.91000000   -119.35000000   25.72738607   99.75055248   1.09408410   -0.74363142   
6.51000000   102.32000000   10.91000000   -119.35000000   25.74150313   99.72742156   1.08712994   -0.76644129   
6.51000000   102.32000000   10.91000000   -119.35000000   25.75857439   99.71504543   1.20059263   -0.78147413   
6.51000000   102.32000000   10.91000000   -119.35000000   25.76176214   99.71582925   1.22190421   -0.90973320   
6.51000000   102.32000000   10.91000000   -119.35000000   25.76482957   99.74278678   1.07684334   -0.78658604   
6.51000000   102.32000000   10.91000000   -119.35000000   25.73903140   99.72931407   1.56821341   -0.74727528   
6.51000000   102.32000000   10.91000000   -119.35000000   25.74386821   99.72393466   1.49291368   -0.84932872   
6.51000000   102.32000000   10.91000000   -119.35000000   25.74971513   99.71174063   1.00657414   -0.70779993   
6.51000000   102.32000000   10.91000000   -119.35000000   25.74677362   99.72143189   1.46748790   -0.76660727   
6.51000000   102.32000000   10.91000000   -119.35000000   25.75379059   99.72748369   2.07022876   -0.75934715   
6.51000000   102.32000000   10.91000000   -119.35000000   25.74744125   99.73458325   2.07802603   -0.68704805   
6.51000000   102.32000000   10.91000000   -119.35000000   25.73510445   99.71053279   1.74633557   -0.62092082   
6.51000000   102.32000000   10.91000000   -119.35000000   25.70779213   99.73318301   1.24440808   -0.58078424   
6.51000000   102.32000000   10.91000000   -119.35000000   25.72995633   99.75400270   1.63034855   -0.54306780   
6.51000000   102.32000000   10.91000000   -119.35000000   25.71341398   99.74802036   1.20700328   -0.67736259   
6.51000000   102.32000000   10.91000000   -119.35000000   25.73435296   99.71385230   1.55957942   -0.70943889   
6.51000000   102.32000000   10.91000000   -119.35000000   25.70852795   99.72018189   1.38608113   -0.66518633   
6.51000000   102.32000000   10.91000000   -119.35000000   25.71017858   99.71467539   1.31715610   -0.65595339   
6.51000000   102.32000000   10.91000000   -119.35000000   25.72152810   99.73236406   1.06031018   -0.71334339   
6.51000000   102.32000000   10.91000000   -119.35000000   25.71690210   99.72304352   1.40221763   -0.53122354   
6.51000000   102.32000000   10.91000000   -119.35000000   25.71283763   99.72273440   1.57803261   -0.46226026   
6.51000000   102.32000000   10.91000000   -119.35000000   25.72861491   99.72138925   2.07734799   -0.40379784   
6.51000000   102.32000000   10.91000000   -119.35000000   25.73169908   99.73436867   2.04228381   -0.25569890   
6.51000000   102.32000000   10.91000000   -119.35000000   25.70390707   99.74122561   1.56822733   -0.36516424   
6.51000000   102.32000000   10.91000000   -119.35000000   25.70587231   99.72635497   1.79502842   -0.31623709   
6.51000000   102.32000000   10.91000000   -119.35000000   25.69360750   99.73054402   1.42137519   -0.39999069   
6.51000000   102.32000000   10.91000000   -119.35000000   25.69660189   99.73475178   1.47293335   -0.57157100   
6.51000000   102.32000000   10.91000000   -119.35000000   25.72900501   99.73232916   1.19125943   -0.51075622   
6.51000000   102.32000000   10.91000000   -119.35000000   25.71656543   99.73097154   1.70629928   -0.54242567   
6.51000000   102.32000000   10.91000000   -119.35000000   25.72141771   99.75047274   1.62426667   -0.76056358   
6.51000000   102.32000000   10.91000000   -119.35000000   25.72083425   99.73455248   1.31735907   -0.57589895   
6.51000000   102.32000000   10.91000000   -119.35000000   25.74080242   99.71796548   1.19041152   -0.46614289   
6.51000000   102.32000000   10.91000000   -119.35000000   25.75841191   99.72434032   1.02211042   -0.51032032   
6.51000000   102.32000000   10.91000000   -119.35000000   25.74478312   99.74912212   1.22634492   -0.49400263   
6.51000000   102.32000000   10.91000000   -119.35000000   25.73859463   99.75323969   1.59124905   -0.40247911   
6.51000000   102.32000000   10.91000000   -119.35000000   25.72556716   99.73927826   1.15423467   -0.46564196   
6.51000000   102.32000000   10.91000000   -119.35000000   25.74319809   99.73196368   1.52505953   -0.59416970   
6.51000000   102.32000000   10.91000000   -119.35000000   25.73876496   99.72922850   1.79327347   -0.42604439   
6.51000000   102.32000000   10.91000000   -119.35000000   25.74782583   99.72559783   1.72470632   -0.56577117   
6.51000000   102.32000000   10.91000000   -119.35000000   25.72969702   99.70758150   1.17283034   -0.49912034   
6.51000000   102.32000000   10.91000000   -119.35000000   25.71111660   99.74744354   1.73102590   -0.53871010   
6.51000000   102.32000000   10.91000000   -119.35000000   25.69309968   99.74240818   1.68122120   -0.43989191   
6.51000000   102.32000000   10.91000000   -119.35000000   25.69360300   99.73772888   1.55861988   -0.25282981   
6.51000000   102.32000000   10.91000000   -119.35000000   25.71397770   99.74049090   1.87836900   -0.08893920   
6.51000000   102.32000000   10.91000000   -119.35000000   25.75288726   99.74414076   1.16164000   0.04506389   
6.51000000   102.32000000   10.91000000   -119.35000000   25.73122046   99.73826143   1.59309559   0.11049120   
6.51000000   102.32000000   10.91000000   -119.35000000   25.74019490   99.74003337   1.26293814   0.02734887   
6.51000000   102.32000000   10.91000000   -119.35000000   25.72793132   99.74611533   1.17275938   -0.02636416   
6.51000000   102.32000000   10.91000000   -119.35000000   25.70530851   99.74014217   1.27656094   -0.15814848   
6.51000000   102.32000000   10.91000000   -119.35000000   25.72383464   99.73912652   1.11500294   -0.07082177   
6.51000000   102.32000000   10.91000000   -119.35000000   25.72982334   99.77728950   1.02112213   -0.07863697   
6.51000000   102.32000000   10.91000000   -119.35000000   25.72113479   99.76812699   1.31094982   -0.02022328   
6.51000000   102.32000000   10.91000000   -119.35000000   25.70577437   99.75801357   1.16137356   -0.11659574   
6.51000000   102.32000000   10.91000000   -119.35000000   25.69898563   99.74493052   1.11194088   -0.05430536   
6.51000000   102.32000000   10.91000000   -119.35000000   25.71643515   99.74762914   1.09514335   0.07895332   
6.51000000   102.32000000   10.91000000   -119.35000000   25.70820823   99.74046916   1.00727578   0.11114668   
6.51000000   102.32000000   10.91000000   -119.35000000   25.73735907   99.76290556   2.03869742   0.04734143   
6.51000000   102.32000000   10.91000000   -119.35000000   25.72259119   99.74974566   2.10939600   -0.12528458   
6.51000000   102.32000000   10.91000000   -119.35000000   25.73616547   99.75826066   2.05433052   -0.24263837   
6.51000000   102.32000000   10.91000000   -119.35000000   25.73722493   99.71915848   2.02848122   -0.32745060   
6.51000000   102.32000000   10.91000000   -119.35000000   25.73662190   99.74545577   2.25527681   -0.31894238   
6.51000000   102.32000000   10.91000000   -119.35000000   25.72743992   99.75019014   2.36245070   -0.24312179   
6.51000000   102.32000000   10.91000000   -119.35000000   25.72581454   99.74061629   2.51535555   -0.29468228   
6.51000000   102.32000000   10.91000000   -119.35000000   25.73801446   99.74286182   2.04058463   -0.23599922   
6.51000000   102.32000000   10.91000000   -119.35000000   25.73310213   99.74067840   3.16782510   -0.16305630   
6.51000000   102.32000000   10.91000000   -119.35000000   25.75038959   99.75926958   3.63018179   -0.11509965   
6.51000000   102.32000000   10.91000000   -119.35000000   25.72790575   99.75015271   3.39972784   -0.20823426   
6.51000000   102.32000000   10.91000000   -119.35000000   25.71604873   99.74213142   3.50444696   -0.25619882   
6.51000000   102.32000000   10.91000000   -119.35000000   25.73040775   99.75450456   3.34260139   -0.17009531   
6.51000000   102.32000000   10.91000000   -119.35000000   25.71262536   99.78827611   2.73839191   -0.32450926   
6.51000000   102.32000000   10.91000000   -119.35000000   25.70395504   99.78369829   3.14033706   -0.34906081   
6.51000000   102.32000000   10.91000000   -119.35000000   25.67931403   99.76935772   3.19749672   -0.32809255   
6.51000000   102.32000000   10.91000000   -119.35000000   25.70499301   99.77402905   3.30364027   -0.38028964   
6.51000000   102.32000000   10.91000000   -119.35000000   25.69688836   99.73002135   3.79799987   -0.39223040   
6.51000000   102.32000000   10.91000000   -119.35000000   25.70591226   99.73070948   3.48309016   -0.40370726   
6.51000000   102.32000000   10.91000000   -119.35000000   25.71577145   99.72702268   2.86106907   -0.41290036   
6.51000000   102.32000000   10.91000000   -119.35000000   25.71490129   99.72769331   3.03980202   -0.60301607   
6.51000000   102.32000000   10.91000000   -119.35000000   25.71219066   99.73092697   2.97162820   -0.48198827   
6.51000000   102.32000000   10.91000000   -119.35000000   25.71867563   99.71385531   2.87885610   -0.61535867   
6.51000000   102.32000000   10.91000000   -119.35000000   25.70520531   99.72060475   3.09956436   -0.64245630   
6.51000000   102.32000000   10.91000000   -119.35000000   25.70808753   99.70990691   1.71645353   -0.81199101   
6.51000000   102.32000000   10.91000000   -119.35000000   25.73827610   99.71009567   2.04240439   -0.72993632   
6.51000000   102.32000000   10.91000000   -119.35000000   25.72327175   99.74493167   2.18937061   -0.70318200   
6.51000000   102.32000000   10.91000000   -119.35000000   25.70368258   99.74159601   1.64541123   -0.55805362   
6.51000000   102.32000000   10.91000000   -119.35000000   25.72041097   99.70984514   1.21454068   -0.59321799   
6.51000000   102.32000000   10.91000000   -119.35000000   25.72493660   99.71353755   1.11506999   -0.46953128   
6.51000000   102.32000000   10.91000000   -119.35000000   25.72635258   99.72697404   1.00987844   -0.56873511   
6.51000000   102.32000000   10.91000000   -119.35000000   25.73006000   99.70775553   1.46189267   -0.53811192   
6.51000000   102.32000000   10.91000000   -119.35000000   25.70793368   99.72518754   1.14177266   -0.71107447   
6.51000000   102.32000000   10.91000000   -119.35000000   25.71491405   99.72231209   1.47224446   -0.68760040   
6.51000000   102.32000000   10.91000000   -119.35000000   25.70307493   99.73570704   1.16130553   -0.71258108   
6.51000000   102.32000000   10.91000000   -119.35000000   25.71669888   99.74084887   1.28352163   -0.60440680   
6.51000000   102.32000000   10.91000000   -119.35000000   25.71248796   99.74147953   1.82888399   -0.59447462   
6.51000000   102.32000000   10.91000000   -119.35000000   25.73087797   99.75450394   1.63035852   -0.37873251   
6.51000000   102.32000000   10.91000000   -119.35000000   25.72754562   99.74931180   1.73450512   -0.30840991   
6.51000000   102.32000000   10.91000000   -119.35000000   25.70833126   99.72471846   1.58824405   -0.17897863   
6.51000000   102.32000000   10.91000000   -119.35000000   25.70537746   99.72912940   1.37542443   -0.13883199   
6.51000000   102.32000000   10.91000000   -119.35000000   25.71876125   99.73628241   1.90157782   -0.16118472   
6.51000000   102.32000000   10.91000000   -119.35000000   25.72352933   99.76320835   2.35490519   -0.09741643   
6.51000000   102.32000000   10.91000000   -119.35000000   25.73303497   99.77311208   1.51445217   -0.22315206   
6.51000000   102.32000000   10.91000000   -119.35000000   25.72700525   99.78449151   1.13410026   -0.12683834   
6.51000000   102.32000000   10.91000000   -119.35000000   25.74918480   99.76343705   1.26028870   -0.22389736   
6.51000000   102.32000000   10.91000000   -119.35000000   25.72078354   99.73939634   1.44181493   -0.30147407   
6.51000000   102.32000000   10.91000000   -119.35000000   25.71665365   99.74739484   1.31814193   -0.32940194   
6.51000000   102.32000000   10.91000000   -119.35000000   25.75605752   99.76697197   1.14939324   -0.36600251   
6.51000000   102.32000000   10.91000000   -119.35000000   25.76268220   99.72811626   1.36936115   -0.40594545   
6.51000000   102.32000000   10.91000000   -119.35000000   25.74118031   99.73213680   1.09280400   -0.36394659   
6.51000000   102.32000000   10.91000000   -119.35000000   25.70878363   99.74910585   1.14685152   -0.44551763   
6.51000000   102.32000000   10.91000000   -119.35000000   25.72704996   99.74430935   1.53041080   -0.49017825   
6.51000000   102.32000000   10.91000000   -119.35000000   25.72819215   99.73195344   2.17597685   -0.52967380   
6.51000000   102.32000000   10.91000000   -119.35000000   25.74655159   99.76542706   1.74533507   -0.29071149   
6.51000000   102.32000000   10.91000000   -119.35000000   25.73655528   99.75833970   1.80664327   -0.23184272   
6.51000000   102.32000000   10.91000000   -119.35000000   25.70546618   99.74229447   1.03206759   -0.30049129   
6.51000000   102.32000000   10.91000000   -119.35000000   25.72135003   99.72154409   1.34203576   -0.33825989   
6.51000000   102.32000000   10.91000000   -119.35000000   25.70914161   99.72272362   1.48929124   -0.25917946   
6.51000000   102.32000000   10.91000000   -119.35000000   25.70830166   99.76645791   1.47525342   -0.19399943   
6.51000000   102.32000000   10.91000000   -119.35000000   25.71338255   99.76949515   1.42839966   -0.21973066   
6.51000000   102.32000000   10.91000000   -119.35000000   25.69755700   99.74981125   1.51215763   -0.31514713   
6.51000000   102.32000000   10.91000000   -119.35000000   25.69986705   99.74254100   1.11840368   -0.15868628   
6.51000000   102.32000000   10.91000000   -119.35000000   25.72012461   99.75130347   1.09199193   0.05595255   
6.51000000   102.32000000   10.91000000   -119.35000000   25.70749011   99.75028640   1.17172501   0.08503864   
6.51000000   102.32000000   10.91000000   -119.35000000   25.70443657   99.75482721   1.21785606   -0.07843754   
6.51000000   102.32000000   10.91000000   -119.35000000   25.75555186   99.75584438   1.74137931   -0.18312916   
6.51000000   102.32000000   10.91000000   -119.35000000   25.76626500   99.75849661   1.67278147   -0.22310361   
6.51000000   102.32000000   10.91000000   -119.35000000   25.75371173   99.74719972   1.32885518   -0.21123226   
6.51000000   102.32000000   10.91000000   -119.35000000   25.71922747   99.76720186   1.43731145   -0.13758900   
6.51000000   102.32000000   10.91000000   -119.35000000   25.71136406   99.76749608   1.00414103   0.02512965   
6.51000000   102.32000000   10.91000000   -119.35000000   25.71433904   99.76012127   1.27897627   -0.26864154   
6.51000000   102.32000000   10.91000000   -119.35000000   25.70437626   99.74795180   1.10203921   -0.24979835   
6.51000000   102.32000000   10.91000000   -119.35000000   25.74724848   99.75781124   1.68397296   -0.27981028   
6.51000000   102.32000000   10.91000000   -119.35000000   25.73666984   99.76442075   1.46148194   -0.38981166   
6.51000000   102.32000000   10.91000000   -119.35000000   25.71237424   99.74924352   1.17490050   -0.51888772   
6.51000000   102.32000000   10.91000000   -119.35000000   25.74497329   99.72886574   1.05408776   -0.57960331   
6.51000000   102.32000000   10.91000000   -119.35000000   25.72829667   99.73533768   1.20910030   -0.56062272   
6.51000000   102.32000000   10.91000000   -119.35000000   25.73502470   99.73763010   1.12809233   -0.56698694   
6.51000000   102.32000000   10.91000000   -119.35000000   25.74443493   99.76290123   1.05566166   -0.43021230   
6.51000000   102.32000000   10.91000000   -119.35000000   25.74655257   99.76004334   1.31633366   -0.50594854   
6.51000000   102.32000000   10.91000000   -119.35000000   25.72509585   99.75442310   1.29524297   -0.42752077   
6.51000000   102.32000000   10.91000000   -119.35000000   25.72368208   99.74179512   1.10047565   -0.62074348   
6.51000000   102.32000000   10.91000000   -119.35000000   25.73715843   99.73557375   1.36017479   -0.57785611   
6.51000000   102.32000000   10.91000000   -119.35000000   25.73576944   99.72610381   1.29253892   -0.59202032   
6.51000000   102.32000000   10.91000000   -119.35000000   25.71885013   99.72301723   1.60798803   -0.53380291   
6.51000000   102.32000000   10.91000000   -119.35000000   25.71052332   99.74643115   1.54420415   -0.18818312   
6.51000000   102.32000000   10.91000000   -119.35000000   25.74436559   99.74025152   1.92261123   -0.10187612   
6.51000000   102.32000000   10.91000000   -119.35000000   25.74517117   99.73847661   1.95617519   -0.13802539   
6.51000000   102.32000000   10.91000000   -119.35000000   25.74705494   99.74944794   1.78694359   -0.16508383   
6.51000000   102.32000000   10.91000000   -119.35000000   25.75877825   99.76037585   1.32643261   -0.32086389   
6.51000000   102.32000000   10.91000000   -119.35000000   25.75568688   99.75465164   1.61175688   -0.38230745   
6.51000000   102.32000000   10.91000000   -119.35000000   25.72580400   99.75400858   1.86311537   -0.51645306   
6.51000000   102.32000000   10.91000000   -119.35000000   25.72258475   99.75489610   2.22759661   -0.45073804   
6.51000000   102.32000000   10.91000000   -119.35000000   25.73468438   99.76723898   1.52105360   -0.41820105   
6.51000000   102.32000000   10.91000000   -119.35000000   25.73686672   99.75774483   1.48520990   -0.31804204   
6.51000000   102.32000000   10.91000000   -119.35000000   25.71203262   99.74342714   1.08562203   -0.34985819   
6.51000000   102.32000000   10.91000000   -119.35000000   25.71939536   99.73364344   1.10640634   -0.35721639   
6.51000000   102.32000000   10.91000000   -119.35000000   25.72670174   99.72638248   1.12364942   -0.47696102   
6.51000000   102.32000000   10.91000000   -119.35000000   25.72567180   99.73255400   1.32090240   -0.46061144   
6.51000000   102.32000000   10.91000000   -119.35000000   25.71088827   99.71912274   1.24413531   -0.44256447   
6.51000000   102.32000000   10.91000000   -119.35000000   25.72585404   99.74432564   1.09430084   -0.45046664   
6.51000000   102.32000000   10.91000000   -119.35000000   25.71573409   99.74064106   1.12451993   -0.50124669   
6.51000000   102.32000000   10.91000000   -119.35000000   25.72108678   99.73815616   1.08881921   -0.52200394   
6.51000000   102.32000000   10.91000000   -119.35000000   25.73332853   99.75642567   1.15015305   -0.61527213   
