1396.17224388   
1388.24481651   
1373.01476595   
1298.18551159   
1246.43744069   
1175.42455667   
1177.96734533   
1061.30642717   
975.96941269   
958.34495722   
956.90810607   
888.79535446   
846.93768334   
840.40811888   
798.63415353   
757.31165955   
747.94944745   
705.83387032   
678.67926243   
671.51508288   
632.69446003   
605.90117387   
598.74800361   
580.63736847   
576.41298903   
576.02941744   
576.76883026   
578.58981632   
571.36366320   
571.05532354   
564.85404887   
563.10957454   
565.58338638   
561.25843608   
564.07177212   
567.46115931   
561.96918296   
563.85557828   
563.66137936   
555.21215930   
553.83667859   
554.70526137   
552.97354561   
552.83451689   
551.20164084   
554.09089041   
550.24016903   
552.16576454   
554.11391660   
549.38588321   
545.95437575   
548.86327001   
544.16023337   
543.94536356   
542.96352921   
550.42388712   
547.48403875   
547.57805828   
547.88092372   
550.89700777   
552.57952024   
550.61902347   
552.05608050   
553.26561828   
549.32550168   
548.64443885   
549.96535958   
546.92958946   
541.85460308   
538.52566670   
535.10470425   
529.70969767   
527.36064455   
522.86403447   
522.96347421   
520.66972441   
520.97338987   
519.69503067   
520.67597570   
521.40138511   
521.85213739   
518.47103999   
517.15512352   
522.26354048   
522.23443022   
520.23457052   
521.42073721   
520.99933076   
522.40547154   
523.33640849   
520.94965066   
522.06879740   
518.76898806   
522.94427496   
521.95388219   
522.35860904   
521.32440359   
523.36392299   
521.48572305   
525.74504518   
523.91588815   
522.41733294   
523.48361707   
522.20705036   
519.90868967   
522.02117126   
521.11126711   
528.84418887   
529.51647219   
527.60534673   
530.56630334   
527.90003284   
528.99637316   
527.23795969   
530.35874492   
523.94493991   
527.99901500   
524.31820100   
524.16128616   
523.77634258   
522.48481582   
524.47438801   
522.24642251   
523.24048598   
522.78582029   
521.76610012   
519.74031110   
520.48340613   
522.23927519   
522.04561733   
524.56812674   
524.83938686   
523.97766651   
523.80539211   
521.49692298   
525.91203600   
526.96969909   
525.88687126   
526.44917440   
527.72032759   
519.80654706   
519.02860991   
521.72440255   
522.56980860   
525.01057340   
523.25186404   
523.98581092   
518.93848304   
516.65168325   
519.37779446   
526.78461629   
525.30980944   
526.67254465   
527.24054365   
528.05402415   
528.98947676   
525.62185683   
523.62057508   
523.25222929   
523.62280936   
524.18025803   
522.08776666   
524.85337706   
519.41403192   
518.47928974   
517.85478882   
517.18431932   
520.23516799   
519.93967873   
519.11379559   
520.32433781   
517.65763940   
523.49255133   
524.14271952   
521.52412177   
523.82311381   
523.83362242   
519.79166685   
519.28206935   
518.28497084   
516.69231990   
520.43711324   
521.05826373   
523.31997657   
526.15339373   
526.78651718   
529.30796585   
529.31365662   
526.28292751   
527.42734949   
526.70416791   
524.98629882   
528.59356696   
521.34441666   
520.41785572   
518.17077145   
522.44543699   
525.77800210   
525.85934638   
525.92416526   
523.15340969   
527.31544922   
525.14448870   
527.55703018   
526.60396937   
523.75525752   
526.63802158   
530.17789987   
530.29026999   
529.46852468   
531.62056671   
526.47674795   
529.55995224   
529.95344291   
526.89475745   
524.79279436   
526.55001727   
520.11655097   
519.80568066   
520.71452500   
518.86556201   
524.21334154   
528.19458406   
534.98720021   
536.18779914   
530.87172770   
531.08294931   
534.34462552   
534.89377242   
531.54165275   
531.44328642   
534.06410671   
531.13537753   
523.59174868   
526.89396562   
526.07944513   
519.19176854   
518.65341976   
517.31383527   
518.81606073   
517.51999092   
519.08045530   
518.86307699   
519.18204214   
519.67425297   
523.06111604   
520.34082414   
521.46393335   
520.53000579   
523.62630414   
523.49766144   
524.38719923   
525.11434764   
518.99233476   
518.02128972   
518.29700645   
518.42422955   
517.81853350   
519.04849820   
517.61449081   
519.93907914   
520.92503331   
521.26948882   
520.53346761   
522.83437103   
518.19605669   
516.32498872   
516.48233457   
527.23746106   
522.29986623   
519.71072848   
520.64086743   
527.82915101   
523.73548572   
524.40852519   
527.39712825   
522.92620055   
522.97617641   
518.44790367   
520.40925395   
516.13160483   
520.50934021   
521.78267785   
523.07826077   
521.21301844   
525.18665591   
522.72825811   
522.17422112   
523.97311689   
523.07604638   
520.54116908   
518.66002750   
519.28542822   
526.32833040   
518.84154978   
521.29400370   
522.44938598   
530.71575659   
527.16819847   
523.30300580   
516.47977212   
521.49393669   
520.44233707   
521.29236754   
518.11788069   
521.56274238   
519.60861682   
522.74419097   
520.89882818   
518.22457578   
518.95781660   
516.26451533   
522.87074631   
520.36392139   
517.63761725   
518.88784154   
517.42209340   
518.39257691   
517.11105595   
521.60942397   
522.40296151   
520.81743119   
519.92339691   
520.36715033   
521.08452627   
521.79682423   
524.79295681   
523.76746451   
522.03136955   
518.66204383   
521.58590584   
518.08357409   
521.49956269   
523.00083273   
524.52693225   
517.43993989   
519.99658737   
522.48872975   
522.90238753   
521.59221628   
522.03690053   
525.50831986   
525.65072727   
524.45650330   
517.21071385   
520.23912542   
523.32055201   
519.56713929   
520.29664084   
521.63265479   
517.49305847   
519.66771270   
516.60373381   
519.27803663   
522.08288822   
520.23333154   
521.18043014   
519.90671077   
524.84229982   
524.45446326   
524.60280726   
527.27510103   
527.15278791   
525.99889532   
520.46458903   
521.95812440   
520.19448212   
522.48420227   
523.00456574   
519.81532658   
522.42328925   
522.50758317   
524.53010474   
525.74942740   
523.70447884   
523.57063099   
525.05467557   
525.47440919   
525.04060569   
525.08489626   
521.67975577   
526.04244174   
535.52556429   
532.13448715   
532.50425835   
532.74504746   
539.47967708   
544.95844221   
548.11944064   
547.10917484   
541.04369228   
536.68022670   
528.22230651   
529.80356614   
529.88852002   
530.86801455   
534.78723820   
527.48060205   
524.52904226   
525.65457521   
523.13294458   
521.88120364   
521.52253379   
517.50275087   
522.35638356   
519.63639381   
521.40677569   
520.85711658   
521.22066277   
524.72940931   
519.75116358   
519.72061566   
525.32929424   
524.48557768   
524.47326279   
526.61857839   
524.33004921   
523.73292896   
523.81556281   
519.25754808   
520.29713344   
524.09464542   
524.31194306   
518.80279121   
518.57189118   
519.45428790   
522.25858123   
522.63580421   
523.22165211   
519.88480462   
522.36238867   
524.22512147   
522.92711041   
523.29991862   
523.29966852   
520.83112856   
520.95703490   
521.69440837   
520.06697018   
525.71312165   
527.84938583   
524.17702580   
521.49629508   
520.85812899   
522.00524334   
519.29460511   
523.12986704   
523.18951863   
519.53523101   
517.13515773   
516.34466777   
515.99922422   
520.49205667   
522.17427098   
520.22779151   
516.47802311   
519.10951747   
519.29056400   
520.48223232   
520.31313572   
525.19814566   
524.29442756   
524.47150618   
525.49250849   
522.71406492   
524.39902158   
523.79072278   
523.07158984   
520.40932247   
518.49992826   
517.71981126   
517.71418636   
518.40788840   
520.46456909   
516.78382069   
517.34077416   
517.39523145   
518.67694016   
