1709.92157234   
1927.68049349   
1751.67603919   
1696.81192851   
1609.04438418   
1598.17222112   
1582.18516803   
1645.00524530   
1556.38244049   
1505.00020468   
1442.23725692   
1486.67958833   
1340.59709925   
1344.81024264   
1298.16120717   
1262.65879291   
1312.73334196   
1250.08742443   
1240.28971905   
1239.92349883   
1248.92381460   
1267.55367404   
1226.83566650   
1216.37406104   
1239.37754140   
1234.74901948   
1218.37543211   
1204.97275000   
1212.55518213   
1271.45344172   
1203.46435955   
1200.64159887   
1218.49441933   
1217.25407257   
1213.86295124   
1194.16937403   
1196.82979446   
1205.74191658   
1211.43990570   
1208.96126667   
1206.21929489   
1216.41945255   
1235.89426468   
1188.26370156   
1210.49829603   
1209.47829221   
1188.95662187   
1200.99809473   
1195.93961521   
1202.87220086   
1192.81088834   
1226.67109391   
1189.30914325   
1192.19576396   
1193.82862100   
1212.71072529   
1190.99485603   
1196.89418477   
1211.81268625   
1195.93211411   
1196.64367189   
1190.78889843   
1196.69188032   
1203.66532703   
1193.72382161   
1196.63822570   
1191.16814540   
1186.76807026   
1224.65471769   
1185.07438445   
1211.06863440   
1207.47933254   
1195.21436679   
1207.66499244   
1177.54401810   
1205.54607501   
1189.72081357   
1186.27377502   
1181.33774329   
1216.84404730   
1215.27355373   
1207.64359388   
1212.07528856   
1181.09959296   
1207.74051643   
1178.52904650   
1181.87373120   
1217.64136293   
1196.94530168   
1183.02166990   
1187.63724526   
1208.62151658   
1180.86988855   
1176.74995437   
1178.29669506   
1175.19774587   
1186.13953227   
1191.08993228   
1179.97999035   
1176.77023118   
1181.82462510   
1209.05262335   
1177.23315280   
1179.65781169   
1187.87497118   
1191.46095618   
1183.41513959   
1171.39516893   
1186.02752436   
1184.43029466   
1183.01891310   
1167.73552808   
1185.70298741   
1175.42393323   
1170.02750684   
1171.87567211   
1167.47477929   
1180.96945516   
1187.55765749   
1186.10689790   
1180.43599565   
1203.81523575   
1185.15270078   
1171.94762153   
1176.80362287   
1179.50146102   
1188.16758284   
1183.73243636   
1194.99483308   
1163.11767171   
1194.39191928   
1183.55313343   
1181.50757543   
1173.38781954   
1179.33549879   
1177.09863275   
1173.58966754   
1193.21941124   
1164.68230248   
1181.39927865   
1174.10807593   
1189.56942679   
1177.01588946   
1181.18228593   
1169.07581244   
1172.18630169   
1179.02122241   
1170.76283284   
1178.02262055   
1185.89518636   
1169.06863563   
1174.39142507   
1177.80965915   
1178.98640538   
1173.50427578   
1175.99974892   
1196.05922790   
1163.90143427   
1168.69052348   
1174.45984129   
1179.05419724   
1189.84701297   
1167.53564142   
1165.67451702   
1197.59208811   
1176.81743879   
1187.76083510   
1181.15035999   
1174.63386366   
1169.96045553   
1174.88516951   
1164.44697994   
1188.70069657   
1193.56951072   
1171.99984987   
1168.85109244   
1182.67286144   
1170.77588835   
1165.75208695   
1177.53126435   
1166.95468161   
1163.19103366   
1189.39295158   
1172.02818800   
1167.64462446   
1187.48847771   
1165.05184318   
1177.63333705   
1191.12515350   
1174.34184718   
1187.40475152   
1179.83994803   
1183.67872483   
1173.16950459   
1183.15612990   
1172.73859658   
1166.70803073   
1163.61526628   
1175.19826915   
1220.44575965   
1199.15337725   
1179.48480819   
1206.56781635   
1171.67979553   
1177.57139601   
1210.39070670   
1184.44758814   
1182.45515722   
1191.10159760   
1209.76790232   
1167.00253702   
1169.17571812   
1213.40326186   
1205.24638312   
1171.88565481   
1164.58592664   
1187.66816540   
1177.55678632   
1166.86936941   
1176.13968780   
1174.05099622   
1177.51348645   
1173.66476133   
1198.46602572   
1167.79078198   
1170.25430195   
1171.32308977   
1186.41232823   
1189.43860853   
1186.46749954   
1196.80645207   
1166.02795104   
1182.44217431   
1173.14661939   
1186.71736947   
1197.14786957   
1185.46816624   
1179.56412717   
1173.00652137   
1224.90636214   
1160.73534872   
1164.98402308   
1185.34842863   
1173.93180241   
1181.14206001   
1162.69464153   
1169.32195011   
1170.15848270   
1168.47673366   
1194.89373086   
1165.13768452   
1170.92829625   
1166.93385426   
1187.08364956   
1162.67974001   
1177.22751701   
1167.01158215   
1164.95102571   
1172.05321479   
1173.26651739   
1183.62211963   
1169.08820280   
1189.19303718   
1182.08044400   
1174.41306531   
1177.05249605   
1174.63537593   
1170.46749976   
1195.14471724   
1165.11745545   
1174.37564906   
1172.49411106   
1169.37797181   
1186.13898452   
1183.12574454   
1175.14220010   
1178.33518018   
1180.16810497   
1167.68531746   
1173.50609038   
1176.30505520   
1175.92109916   
1185.49556667   
1170.65201660   
1175.97221563   
1190.82850748   
1170.48463917   
1176.72701476   
1176.79568979   
1170.20493261   
1180.64176024   
1179.31951197   
1189.23968686   
1186.60997084   
1181.47983225   
1170.15262002   
1176.68508294   
1179.77418515   
1168.68750985   
1170.88502176   
1181.48100748   
1197.00602272   
1177.57607478   
1160.80081752   
1177.85520006   
1164.05482527   
1168.91618911   
1183.31103771   
1163.67756059   
1174.39939496   
1177.60305296   
1189.91474859   
1164.43950530   
1173.49551284   
1171.69201746   
1177.86598223   
1173.03756467   
1176.34701763   
1170.27247137   
1169.40236304   
1172.72538291   
1186.51043716   
1169.33623430   
1179.95596622   
1163.35677857   
1170.65110406   
1193.05112647   
1180.94675692   
1176.20469231   
1173.41549584   
1162.12990189   
1174.71870819   
1170.23575884   
1162.66430007   
1169.66586650   
1177.59844191   
1165.48066067   
1171.25553202   
1180.02986498   
1166.15890792   
1171.40022191   
1180.88305395   
1194.80339225   
1165.53544509   
1172.80370716   
1189.26349116   
1230.37166458   
1197.77270095   
1199.71157756   
1170.09770376   
1208.30587059   
1199.27317795   
1173.42574298   
1177.23906529   
1172.59087320   
1169.33953380   
1179.08158632   
1186.58563929   
1176.62002022   
1222.47529027   
1180.89255484   
1221.75071715   
1184.85788100   
1181.28914881   
1182.06281274   
1204.41492207   
1213.86584333   
1189.40912939   
1169.61321551   
1197.17781875   
1191.90586707   
1181.52691990   
1179.42243630   
1180.29842914   
1170.75438258   
1173.04744766   
1185.38306124   
1170.42114799   
1192.64504220   
1206.18570423   
1191.80384978   
1176.63992145   
1203.81364815   
1205.86513658   
1185.56169469   
1217.03609252   
1196.18036889   
1176.27468596   
1193.60848662   
1200.40181196   
1184.39361184   
1170.04854054   
1186.76208010   
1174.77067689   
1171.20957268   
1210.35885114   
1161.35234187   
1192.91221621   
1180.57113911   
1185.20528556   
1179.77156926   
1190.45465102   
1162.85673364   
1161.92683949   
1171.08798553   
1182.37257179   
1188.03702243   
1174.22301576   
1170.57893353   
1175.83777769   
1181.14209104   
1191.04349835   
1176.04558909   
1185.26292918   
1176.03793542   
1171.13061530   
1172.59015292   
1182.59190980   
1172.60194411   
1176.53435548   
1176.78901240   
1181.08581344   
1181.64685005   
1174.77316832   
1181.11314058   
1172.47793074   
1178.27891511   
1164.58782617   
1172.58372800   
1169.03345488   
1174.82475159   
1178.26044171   
1205.44361644   
1167.50212992   
1194.79792186   
1187.75073524   
1167.23445981   
1215.55746324   
1169.10656457   
1189.68773389   
1173.55254446   
1169.64840825   
1200.10892711   
1175.97209659   
1165.27535789   
1184.91650436   
1186.81537154   
1190.66524397   
1181.39026983   
1169.02294928   
1175.03012035   
1177.60540681   
1187.09724417   
1179.48966624   
1174.44471516   
1188.82675921   
1174.98747202   
1196.10945750   
1177.33353276   
1175.00209459   
1171.65609324   
1199.02162164   
1188.95663836   
1172.05929255   
1175.60130123   
1183.47796981   
1180.91084308   
1198.11425522   
1198.36523451   
1171.42816664   
1170.04386654   
1177.14845269   
1192.15197498   
1172.60177434   
1168.31649056   
1184.08833645   
1215.86502236   
1199.73356949   
1174.88999333   
1170.23578827   
1222.08795570   
1168.29429201   
1182.91773282   
1172.03021120   
1175.32227187   
1172.23389671   
1175.91077035   
1168.88463667   
1209.92769011   
1171.67464536   
1180.78907422   
1209.39666923   
1177.04597931   
1204.47904948   
1227.13233177   
1196.54187577   
1177.94703578   
1193.19322490   
1195.11605469   
1181.28395497   
1184.67808828   
1196.65248264   
1176.07234930   
1184.86521715   
1176.89973666   
1190.42604975   
1171.22384064   
1163.05092692   
1165.36657272   
1205.15337996   
1184.27052586   
1181.65430636   
1176.57232572   
1176.17130356   
1168.32803583   
1169.59525569   
1188.98989556   
1163.37551972   
1162.25799618   
1182.47738244   
1172.84537160   
1193.96077183   
1186.21411026   
1172.86401749   
1169.10600660   
1176.36739850   
1172.59072086   
1177.12832750   
1166.11069757   
1167.89310522   
1184.10898205   
1178.63926255   
1177.59915146   
1182.63521652   
1201.62362742   
1169.28739755   
1192.01855946   
1192.77077491   
1189.57679522   
1180.84417475   
1188.83980438   
1174.84187418   
1188.71073363   
1175.91743506   
1179.13118799   
1181.97520214   
1176.17242845   
1172.49672115   
1175.80475324   
1182.81270719   
1166.27033046   
1185.78055207   
1173.53758233   
1188.63337723   
1178.48252222   
1198.52400998   
1178.08471411   
1190.41639782   
1172.57494820   
1168.82158724   
1179.08493916   
1192.39354484   
1172.28180599   
1169.05879381   
1177.49704594   
1180.83545910   
1178.84419065   
1176.21453334   
1167.36780704   
1193.99118992   
1169.35065894   
1179.27599961   
1172.93048716   
1181.21305190   
1174.94213722   
1185.53744483   
1180.67889159   
1164.49739524   
1194.77917478   
1166.29450985   
1185.11448167   
1164.33631062   
1191.11198782   
1185.64328108   
1184.95674349   
1181.36674827   
1180.98165400   
1174.52131038   
1167.88292300   
1185.63817426   
1176.42400055   
1163.16204538   
1171.12238354   
1186.57232456   
1172.38298737   
1193.75745252   
1197.12593456   
1180.97750280   
1180.88041647   
1166.67812368   
1169.63773942   
1175.34197365   
1217.25318453   
1212.16138308   
1176.71345502   
1164.41195375   
1189.57864692   
1181.42860973   
1169.25302199   
1170.99650344   
1170.54426451   
1181.94702087   
1168.48162188   
1176.17163436   
1172.41308572   
1181.08626872   
1187.23565214   
1185.66825140   
1169.61940771   
1201.90369763   
1180.53726318   
1189.89534589   
1203.28918189   
1180.22394878   
1177.92037510   
1205.22229553   
1181.01869024   
1196.76189478   
1217.91791882   
1178.42362445   
1172.31394547   
1198.37384329   
1191.34088889   
1166.07319271   
1189.89727466   
1173.38803438   
1175.27242744   
1174.00626361   
1180.39448626   
1179.56600301   
1169.25559686   
1171.25517102   
1180.58715510   
1170.18471123   
1168.36623241   
1176.71865671   
1177.18831536   
1180.34254795   
1172.24744345   
1172.86752750   
1178.34672293   
1172.15592769   
1168.83811965   
1195.66280702   
1163.17554816   
1167.52541103   
1171.66677588   
1169.68814313   
1163.01280682   
1173.76259827   
1181.46524061   
1181.43536181   
1181.35191162   
1193.58019240   
1161.64684177   
1174.25544203   
1167.01877376   
1163.92314470   
1173.38035712   
1179.80800049   
1179.33444966   
1179.03491623   
1183.38874216   
1167.58223613   
1164.45578881   
1172.08013231   
1168.83943976   
1164.28509675   
1164.87733195   
1182.68062983   
1165.29763154   
1183.30451791   
1167.23127098   
1167.49806942   
1193.17795901   
1177.97406334   
1206.85321644   
1170.12943366   
1179.98239094   
1177.15145710   
1175.72397433   
1204.64194838   
1185.66914214   
1210.75530682   
1173.36864400   
1177.63781561   
1247.40517206   
1185.67195612   
1170.51137862   
1171.56611137   
1202.19307584   
1189.63477367   
1166.38235758   
1205.74934786   
1182.41982243   
1172.76206837   
1167.55227705   
1202.72322907   
1171.23682576   
1184.73354761   
1183.47649528   
1203.35512666   
1170.11296816   
1171.84215041   
1168.68096551   
1189.29342327   
1193.60156843   
1198.61676314   
1185.01807512   
1178.73724176   
1187.55490003   
1200.78219871   
1179.81087743   
1217.62575237   
1187.17226846   
1193.53170520   
1179.80368008   
1184.18725322   
1173.06056726   
1172.56244970   
1188.02754307   
1187.33895562   
1195.26314872   
1185.41466221   
1195.21021033   
1173.64876575   
1169.07398893   
1176.42401553   
1211.52724416   
1174.93382811   
1187.92588527   
1174.15511072   
1212.45645705   
1179.20388220   
1188.43220591   
1178.29080207   
1181.16898012   
1187.30840307   
1182.36704731   
1169.32902731   
1169.52625684   
1179.67364916   
1165.20720646   
1184.69207268   
1176.86986994   
1182.41796382   
1167.29846338   
1181.86230106   
1164.74760867   
1187.10553882   
1168.44205989   
1223.64641363   
1177.10960856   
1195.07800962   
1177.46136682   
1169.28729877   
1187.78091628   
1185.49696519   
1188.98292768   
1170.72641253   
1195.67482456   
1191.81450429   
1178.26475226   
1181.23148360   
1165.96972810   
1199.23103910   
1165.47367582   
1181.42495460   
1190.81019732   
1210.57729606   
1175.07343630   
1184.26854257   
1182.68331170   
1168.42171982   
1188.73317084   
1187.23364107   
1185.39788213   
1175.02005540   
1195.02488520   
1172.48678730   
1200.40473723   
1203.47947057   
1167.79903288   
1162.15467161   
1178.59836336   
1171.19418518   
1162.47127332   
1178.00786109   
1165.16416669   
1174.69366113   
1171.61816833   
1203.40209460   
1171.40018028   
1195.99300958   
1169.07442073   
1163.01201443   
1178.98106518   
1219.60464324   
1182.69891001   
1170.38686796   
1180.47619956   
1174.26611640   
1181.87127524   
1173.53574118   
1178.36599059   
1181.48013683   
1177.18189735   
1170.88661042   
1185.53728482   
1166.61830093   
1188.55065334   
1180.76034206   
1169.63353443   
1171.24074851   
1173.70418635   
1180.63027939   
1171.23577163   
1163.42619030   
1180.16078527   
1168.04077200   
1198.09544641   
1180.41012820   
1175.62488492   
1173.80006329   
1168.84213255   
1175.01690695   
1170.92537945   
1180.78727639   
1193.53919755   
1189.68961762   
1216.32439216   
1195.67927084   
1173.51574188   
1180.09923638   
1184.77081742   
1176.22668236   
1171.20887108   
1178.40746779   
1176.57903483   
1174.69107573   
1184.48296251   
1172.61283025   
1175.38514845   
1176.62035328   
1175.25267859   
1177.66140675   
1189.98545892   
1171.14620969   
1171.14925985   
1175.28458040   
1200.07813336   
1175.68270795   
1170.08970433   
1173.38393559   
1189.18907885   
1184.70469004   
1182.31723797   
1177.20944055   
1173.62837260   
1183.27581495   
1181.30358119   
1172.97315507   
1183.87034067   
1197.21521079   
1169.31256661   
1169.67162637   
1182.27234150   
1169.97875196   
1174.72217476   
1173.92440281   
1167.87974304   
1193.55155007   
1185.70671673   
1170.90618876   
1178.95190129   
1190.89433006   
1185.86806197   
1174.22129601   
1166.77197963   
1175.67301114   
1172.90468034   
1172.33433361   
1170.56993774   
1204.91842973   
1171.93115869   
1169.52562912   
1181.88320712   
1172.74493633   
1191.61061979   
1173.55544341   
1169.97427959   
1173.32867837   
1173.09923944   
1162.09199642   
1180.18132774   
1166.41073562   
1175.74603953   
1185.03767529   
1190.39308284   
1197.76099943   
1170.76322172   
1174.60995014   
1196.81448496   
1224.69790813   
1166.74764021   
1181.52491314   
1173.20484127   
1173.47100419   
1176.33499470   
1182.29247855   
1171.03395809   
1175.41231404   
1170.02506103   
1187.82477267   
1170.41969438   
1181.92842056   
1180.22826771   
1167.20711894   
1173.88924624   
1176.24188863   
1181.13274412   
1170.42259470   
1171.00054386   
1187.24122894   
1172.32869368   
1170.06170863   
1175.90470414   
1205.42461196   
1241.21276771   
1171.21853442   
1179.50292231   
1178.72197068   
1177.10897037   
1170.44464562   
1181.55136313   
1187.78301331   
1194.46164934   
1166.18277678   
1170.73946855   
1172.40827558   
1171.87289023   
1169.82913226   
1174.70678310   
1168.44831503   
1203.81491711   
1172.08773997   
1173.40209918   
1176.68582762   
1167.36970788   
1171.84663785   
1175.45524590   
1186.12880006   
1171.23856972   
1175.46086658   
1171.41692572   
1180.29023830   
1172.82019690   
1170.33258835   
1169.58053477   
1174.98429290   
1176.48367960   
1170.82637852   
1188.49711541   
1170.90631830   
1164.10927034   
1175.89795973   
1170.39358642   
1179.85167818   
1170.93135374   
1178.96830349   
1181.04255595   
1165.52629150   
1188.78351984   
1180.47116790   
1175.05595177   
1164.01779833   
1178.36406067   
1170.99847998   
1180.62108970   
1174.03974271   
1185.75267612   
1193.65024232   
1175.90873871   
1170.41578211   
1182.15383222   
1164.59592777   
1172.53410423   
1175.69929755   
1183.89725223   
1163.55580589   
1188.43195115   
1172.00555290   
1166.80120650   
1196.66673778   
1193.82331303   
1182.78624399   
1169.53930904   
1166.30731633   
1189.75734018   
1165.24804171   
1173.87608035   
1169.78518559   
1177.08791304   
1175.31008441   
1166.37419585   
1167.72932366   
1170.22965308   
1167.39702671   
1206.34528846   
1185.13806427   
1169.27986766   
1183.92751946   
1169.55686445   
1207.29228990   
1171.60895629   
1164.63771069   
1168.23058015   
1199.66895418   
1170.47715040   
1166.80586358   
1200.73885250   
1168.96247293   
1175.02313327   
1173.83427939   
1188.19014789   
1196.75093097   
1181.78989746   
1196.69226527   
1170.27939979   
1185.71408889   
1181.50690242   
1205.44382692   
1231.43281904   
1181.87058033   
1204.68319942   
1162.37047289   
1184.10690685   
1163.79199234   
1180.43308164   
1174.86561372   
1179.54494953   
1162.95548184   
1167.54100456   
1183.62261935   
1170.64075030   
1172.90588611   
1164.10633532   
1211.37240476   
1169.82277691   
1176.76763540   
1171.28207219   
1168.13705028   
1168.37161622   
1168.35827578   
1190.77486871   
1164.78305218   
1179.02001886   
1183.19210699   
1165.20240770   
1167.84296265   
1183.23466267   
1181.63557591   
1199.09226483   
1202.53227065   
1221.02679802   
1196.20507665   
1180.11901339   
1165.17959175   
1169.17669415   
1168.60124655   
1163.42239316   
1170.01757000   
1164.47731242   
1169.39635998   
1180.42044785   
1172.69556607   
1169.82202926   
1172.70982406   
1178.15134508   
1181.69368173   
1170.32399443   
1168.75325065   
1165.49949415   
1189.72804791   
1164.21509952   
1180.03096852   
1186.03697090   
1170.30519908   
1179.75112078   
1201.48622418   
1176.32751917   
1169.06572323   
1189.31997138   
1176.68818232   
1197.95907415   
1187.22348409   
1175.10874802   
1202.46585159   
1189.08291588   
1188.90566228   
1177.83070085   
1193.14196468   
1181.33006816   
1180.54821194   
1174.88290841   
1179.89016324   
1171.85006874   
1185.08092171   
1175.16859474   
1165.84482653   
1174.01947094   
1196.32569318   
1169.19078863   
1165.27753595   
1195.08248851   
1181.66774494   
1185.46743821   
1179.61674386   
1182.78965058   
1171.13536912   
1186.84087812   
1182.88432544   
1163.66464778   
1179.49806012   
1212.96807978   
1167.32413516   
1168.87315595   
1188.95282629   
1177.26286620   
1165.42660229   
1216.02260092   
1168.07601096   
1182.51757271   
1170.76289790   
1202.28616242   
1169.34582085   
1232.89617046   
1168.28164670   
1176.25410543   
1186.04166931   
1182.98853117   
1206.35391439   
1170.87655189   
1184.57720185   
1173.50411732   
1207.60477041   
1183.74186631   
1200.44043223   
1186.71052148   
1189.80242259   
1171.94749157   
1181.72727115   
1176.38788291   
1223.23490618   
1165.48271551   
1197.40064413   
1166.98821483   
1204.22595682   
1183.85473915   
1185.33442718   
1197.03430885   
1223.46088367   
1162.47555331   
1175.22842992   
1180.58763647   
1182.97712323   
1186.63609565   
1174.33127341   
1196.05992526   
1169.73295187   
1175.54081560   
1166.76538607   
1177.01083984   
1172.64211292   
1163.92050082   
1189.19206979   
1177.16576683   
1176.23186404   
1168.03005184   
1165.88991866   
1163.27594804   
1168.78398743   
1170.59913903   
1160.49405546   
1177.71124751   
1194.57391173   
1215.59578068   
1173.28289638   
1186.86294155   
1191.96897359   
1164.02889102   
1172.25662826   
1166.06517867   
1183.94677149   
1166.74413049   
1175.96020532   
1172.21304932   
1179.44048664   
1175.03953389   
1170.65984029   
1173.88218779   
1176.42200145   
1167.44677322   
1166.78249408   
1164.18649713   
1214.88916000   
1168.73464900   
1166.79796556   
1196.98833367   
1194.12895251   
1187.73612046   
1174.81330237   
1169.68947931   
1165.45429412   
1178.60471229   
1169.27827880   
1178.21678459   
1164.48598907   
1165.79837318   
1176.57334041   
1188.96094952   
1170.99330780   
1184.38115264   
1170.60529256   
1168.85722656   
1169.97749269   
1178.82947513   
1197.88694041   
1167.63697932   
1166.80752354   
1177.58295246   
1178.54281787   
1160.76884532   
1204.57443155   
1170.52413172   
1168.93280519   
1173.66680148   
1193.28157376   
1188.99132977   
