6.65000000   -0.92200000   -0.03000000   -0.26900000   0.99500000   0.06200000   -0.07300000   25.64104737   99.91142217   5.91943844   0.13928916   
6.65000000   -0.92200000   -0.03000000   -0.26900000   0.99500000   0.06200000   -0.07300000   25.62112063   99.90730880   5.23280909   0.09397761   
6.65000000   -0.92200000   -0.03000000   -0.26900000   0.99500000   0.06200000   -0.07300000   25.62364560   99.89550612   5.20484839   0.33630846   
6.65000000   -0.92200000   -0.03000000   -0.26900000   0.99500000   0.06200000   -0.07300000   25.63475520   99.89834685   4.75139316   0.34414686   
6.65000000   -0.92200000   -0.03000000   -0.26900000   0.99500000   0.06200000   -0.07300000   25.64171481   99.90763209   4.29877837   0.48824345   
6.65000000   -0.92200000   -0.03000000   -0.26900000   0.99500000   0.06200000   -0.07300000   25.63486657   99.90609861   3.86577904   0.61077856   
6.65000000   -0.92200000   -0.03000000   -0.26900000   0.99500000   0.06200000   -0.07300000   25.62847318   99.88205014   3.92036098   0.41809587   
6.65000000   -0.92200000   -0.03000000   -0.26900000   0.99500000   0.06200000   -0.07300000   25.63259984   99.85682049   4.53431191   0.42538538   
6.65000000   -0.92200000   -0.03000000   -0.26900000   0.99500000   0.06200000   -0.07300000   25.68179607   99.84250809   4.69768913   0.39542094   
6.65000000   -0.92200000   -0.03000000   -0.26900000   0.99500000   0.06200000   -0.07300000   25.69907891   99.82582411   4.75116370   0.53731079   
6.65000000   -0.92200000   -0.03000000   -0.26900000   0.99500000   0.06200000   -0.07300000   25.71034318   99.81179247   4.41705872   0.70120704   
6.65000000   -0.92200000   -0.03000000   -0.26900000   0.99500000   0.06200000   -0.07300000   25.73518844   99.78915749   3.84802793   0.98085502   
6.65000000   -0.92200000   -0.03000000   -0.26900000   0.99500000   0.06200000   -0.07300000   25.73307958   99.78470332   4.21055980   0.84056100   
6.65000000   -0.92200000   -0.03000000   -0.26900000   0.99500000   0.06200000   -0.07300000   25.72489167   99.77053357   4.47413918   0.90436608   
6.65000000   -0.92200000   -0.03000000   -0.26900000   0.99500000   0.06200000   -0.07300000   25.74862359   99.75921071   3.72525747   0.65288574   
6.65000000   -0.92200000   -0.03000000   -0.26900000   0.99500000   0.06200000   -0.07300000   25.74535544   99.75346264   3.46924267   0.47615331   
6.65000000   -0.92200000   -0.03000000   -0.26900000   0.99500000   0.06200000   -0.07300000   25.74356166   99.76224093   2.81333457   0.37456041   
6.65000000   -0.92200000   -0.03000000   -0.26900000   0.99500000   0.06200000   -0.07300000   25.73504620   99.75143974   1.79579803   0.45032356   
6.65000000   -0.92200000   -0.03000000   -0.26900000   0.99500000   0.06200000   -0.07300000   25.73753903   99.76196223   1.21962950   0.45050404   
6.65000000   -0.92200000   -0.03000000   -0.26900000   0.99500000   0.06200000   -0.07300000   25.72152877   99.77810814   1.56190511   0.44219717   
6.65000000   -0.92200000   -0.03000000   -0.26900000   0.99500000   0.06200000   -0.07300000   25.73641195   99.76879936   2.02015824   0.19651787   
6.65000000   -0.92200000   -0.03000000   -0.26900000   0.99500000   0.06200000   -0.07300000   25.71155752   99.75390025   1.64886565   0.32630743   
6.65000000   -0.92200000   -0.03000000   -0.26900000   0.99500000   0.06200000   -0.07300000   25.72158367   99.76012510   1.82826656   0.41492922   
6.65000000   -0.92200000   -0.03000000   -0.26900000   0.99500000   0.06200000   -0.07300000   25.71963489   99.77235959   1.53741888   0.42324878   
6.65000000   -0.92200000   -0.03000000   -0.26900000   0.99500000   0.06200000   -0.07300000   25.70601929   99.78149220   1.35914438   0.36494848   
6.65000000   -0.92200000   -0.03000000   -0.26900000   0.99500000   0.06200000   -0.07300000   25.70793584   99.78838971   1.60588937   0.24914858   
6.65000000   -0.92200000   -0.03000000   -0.26900000   0.99500000   0.06200000   -0.07300000   25.73064101   99.78281657   1.48569677   0.02224150   
6.65000000   -0.92200000   -0.03000000   -0.26900000   0.99500000   0.06200000   -0.07300000   25.72522621   99.79234775   1.13456149   -0.11105844   
6.65000000   -0.92200000   -0.03000000   -0.26900000   0.99500000   0.06200000   -0.07300000   25.71730498   99.76487638   1.65918172   0.01806943   
6.65000000   -0.92200000   -0.03000000   -0.26900000   0.99500000   0.06200000   -0.07300000   25.72283183   99.77695450   1.72047254   -0.01473223   
6.65000000   -0.92200000   -0.03000000   -0.26900000   0.99500000   0.06200000   -0.07300000   25.72844374   99.75554896   1.93503866   0.00072752   
6.65000000   -0.92200000   -0.03000000   -0.26900000   0.99500000   0.06200000   -0.07300000   25.72978175   99.76050098   1.80562678   0.01310557   
6.65000000   -0.92200000   -0.03000000   -0.26900000   0.99500000   0.06200000   -0.07300000   25.73520856   99.75119647   1.89997442   0.03196648   
6.65000000   -0.92200000   -0.03000000   -0.26900000   0.99500000   0.06200000   -0.07300000   25.71791170   99.76536878   1.61683727   0.04696039   
6.65000000   -0.92200000   -0.03000000   -0.26900000   0.99500000   0.06200000   -0.07300000   25.73820659   99.75241426   1.73121358   -0.05676233   
6.65000000   -0.92200000   -0.03000000   -0.26900000   0.99500000   0.06200000   -0.07300000   25.72716274   99.75688336   1.69122869   -0.22981517   
6.65000000   -0.92200000   -0.03000000   -0.26900000   0.99500000   0.06200000   -0.07300000   25.73173574   99.73418513   1.53278292   -0.31300771   
6.65000000   -0.92200000   -0.03000000   -0.26900000   0.99500000   0.06200000   -0.07300000   25.70967129   99.76180013   1.16265551   -0.13178533   
6.65000000   -0.92200000   -0.03000000   -0.26900000   0.99500000   0.06200000   -0.07300000   25.71528678   99.74314783   1.17069682   -0.27086603   
6.65000000   -0.92200000   -0.03000000   -0.26900000   0.99500000   0.06200000   -0.07300000   25.71659830   99.73806207   1.12492769   -0.30642487   
6.65000000   -0.92200000   -0.03000000   -0.26900000   0.99500000   0.06200000   -0.07300000   25.71727466   99.73793698   1.17795290   -0.25330850   
6.65000000   -0.92200000   -0.03000000   -0.26900000   0.99500000   0.06200000   -0.07300000   25.72762301   99.73787755   1.06487597   -0.26643857   
6.65000000   -0.92200000   -0.03000000   -0.26900000   0.99500000   0.06200000   -0.07300000   25.72296749   99.75423855   1.12836882   -0.25375236   
6.65000000   -0.92200000   -0.03000000   -0.26900000   0.99500000   0.06200000   -0.07300000   25.72659095   99.74824345   1.16078412   -0.22673257   
6.65000000   -0.92200000   -0.03000000   -0.26900000   0.99500000   0.06200000   -0.07300000   25.73654595   99.75758785   1.23156209   -0.46175256   
6.65000000   -0.92200000   -0.03000000   -0.26900000   0.99500000   0.06200000   -0.07300000   25.74639131   99.74456678   1.04506834   -0.38394007   
6.65000000   -0.92200000   -0.03000000   -0.26900000   0.99500000   0.06200000   -0.07300000   25.71268580   99.73906768   1.05797729   -0.39406142   
6.65000000   -0.92200000   -0.03000000   -0.26900000   0.99500000   0.06200000   -0.07300000   25.73487272   99.73270396   1.35251730   -0.50205882   
6.65000000   -0.92200000   -0.03000000   -0.26900000   0.99500000   0.06200000   -0.07300000   25.72713661   99.73801196   1.53451387   -0.46701833   
6.65000000   -0.92200000   -0.03000000   -0.26900000   0.99500000   0.06200000   -0.07300000   25.70336188   99.74322960   1.10299257   -0.46913249   
6.65000000   -0.92200000   -0.03000000   -0.26900000   0.99500000   0.06200000   -0.07300000   25.72909350   99.74368422   1.06964373   -0.57479648   
6.65000000   -0.92200000   -0.03000000   -0.26900000   0.99500000   0.06200000   -0.07300000   25.73211852   99.74446539   1.01593651   -0.48917569   
6.65000000   -0.92200000   -0.03000000   -0.26900000   0.99500000   0.06200000   -0.07300000   25.72728886   99.75114286   1.34099276   -0.58435912   
6.65000000   -0.92200000   -0.03000000   -0.26900000   0.99500000   0.06200000   -0.07300000   25.73783234   99.72616704   1.47583474   -0.58145968   
6.65000000   -0.92200000   -0.03000000   -0.26900000   0.99500000   0.06200000   -0.07300000   25.72623434   99.73684603   1.17742675   -0.31182910   
6.65000000   -0.92200000   -0.03000000   -0.26900000   0.99500000   0.06200000   -0.07300000   25.72392350   99.74768772   1.39700389   -0.43091054   
6.65000000   -0.92200000   -0.03000000   -0.26900000   0.99500000   0.06200000   -0.07300000   25.71034952   99.75277320   1.67265237   -0.34333537   
6.65000000   -0.92200000   -0.03000000   -0.26900000   0.99500000   0.06200000   -0.07300000   25.70329522   99.76119457   1.31952517   -0.38402487   
6.65000000   -0.92200000   -0.03000000   -0.26900000   0.99500000   0.06200000   -0.07300000   25.70099789   99.73877433   1.17012324   -0.45758503   
6.65000000   -0.92200000   -0.03000000   -0.26900000   0.99500000   0.06200000   -0.07300000   25.72690407   99.73856761   1.58340994   -0.50895224   
6.65000000   -0.92200000   -0.03000000   -0.26900000   0.99500000   0.06200000   -0.07300000   25.72730172   99.73693499   1.09329683   -0.54026384   
6.65000000   -0.92200000   -0.03000000   -0.26900000   0.99500000   0.06200000   -0.07300000   25.72950270   99.73982564   1.11581395   -0.44004335   
6.65000000   -0.92200000   -0.03000000   -0.26900000   0.99500000   0.06200000   -0.07300000   25.74878897   99.72952312   1.13722035   -0.55166140   
6.65000000   -0.92200000   -0.03000000   -0.26900000   0.99500000   0.06200000   -0.07300000   25.73776082   99.73568054   1.09295393   -0.58422939   
6.65000000   -0.92200000   -0.03000000   -0.26900000   0.99500000   0.06200000   -0.07300000   25.72290675   99.74503494   1.14566258   -0.44865683   
6.65000000   -0.92200000   -0.03000000   -0.26900000   0.99500000   0.06200000   -0.07300000   25.70831952   99.73358284   1.14603425   -0.55334722   
6.65000000   -0.92200000   -0.03000000   -0.26900000   0.99500000   0.06200000   -0.07300000   25.71023234   99.74859180   1.14901374   -0.46221080   
6.65000000   -0.92200000   -0.03000000   -0.26900000   0.99500000   0.06200000   -0.07300000   25.71343336   99.72689600   1.71029910   -0.55784028   
6.65000000   -0.92200000   -0.03000000   -0.26900000   0.99500000   0.06200000   -0.07300000   25.73812456   99.73285323   1.49117489   -0.49130535   
6.65000000   -0.92200000   -0.03000000   -0.26900000   0.99500000   0.06200000   -0.07300000   25.72001140   99.72963035   1.20827994   -0.52131594   
6.65000000   -0.92200000   -0.03000000   -0.26900000   0.99500000   0.06200000   -0.07300000   25.72322534   99.73130524   1.19663983   -0.53560593   
6.65000000   -0.92200000   -0.03000000   -0.26900000   0.99500000   0.06200000   -0.07300000   25.74317201   99.72900464   1.00172439   -0.43621371   
6.65000000   -0.92200000   -0.03000000   -0.26900000   0.99500000   0.06200000   -0.07300000   25.73436149   99.74068566   1.67122714   -0.46323586   
6.65000000   -0.92200000   -0.03000000   -0.26900000   0.99500000   0.06200000   -0.07300000   25.72641271   99.74017119   1.38510635   -0.49514736   
6.65000000   -0.92200000   -0.03000000   -0.26900000   0.99500000   0.06200000   -0.07300000   25.73776152   99.73933650   1.45167145   -0.50034562   
6.65000000   -0.92200000   -0.03000000   -0.26900000   0.99500000   0.06200000   -0.07300000   25.73752591   99.73687115   1.87935865   -0.41179347   
6.65000000   -0.92200000   -0.03000000   -0.26900000   0.99500000   0.06200000   -0.07300000   25.72732600   99.75003222   1.53516802   -0.42551316   
6.65000000   -0.92200000   -0.03000000   -0.26900000   0.99500000   0.06200000   -0.07300000   25.73145821   99.75431396   1.02935806   -0.28236629   
6.65000000   -0.92200000   -0.03000000   -0.26900000   0.99500000   0.06200000   -0.07300000   25.70938895   99.76744483   1.05859026   -0.02185710   
6.65000000   -0.92200000   -0.03000000   -0.26900000   0.99500000   0.06200000   -0.07300000   25.73403676   99.73351745   1.34486511   -0.26283085   
6.65000000   -0.92200000   -0.03000000   -0.26900000   0.99500000   0.06200000   -0.07300000   25.73091653   99.74951264   1.06671813   -0.39414486   
6.65000000   -0.92200000   -0.03000000   -0.26900000   0.99500000   0.06200000   -0.07300000   25.74998881   99.74112330   1.12447668   -0.53768155   
6.65000000   -0.92200000   -0.03000000   -0.26900000   0.99500000   0.06200000   -0.07300000   25.72675192   99.72914484   1.22318862   -0.54323800   
6.65000000   -0.92200000   -0.03000000   -0.26900000   0.99500000   0.06200000   -0.07300000   25.73254516   99.73757092   1.17595030   -0.48401645   
6.65000000   -0.92200000   -0.03000000   -0.26900000   0.99500000   0.06200000   -0.07300000   25.75235904   99.74678370   1.05597843   -0.43524554   
6.65000000   -0.92200000   -0.03000000   -0.26900000   0.99500000   0.06200000   -0.07300000   25.73983836   99.74569332   1.25083977   -0.39039101   
6.65000000   -0.92200000   -0.03000000   -0.26900000   0.99500000   0.06200000   -0.07300000   25.74704035   99.74161472   1.22603468   -0.51143915   
6.65000000   -0.92200000   -0.03000000   -0.26900000   0.99500000   0.06200000   -0.07300000   25.74123267   99.75402086   1.03654000   -0.49154073   
6.65000000   -0.92200000   -0.03000000   -0.26900000   0.99500000   0.06200000   -0.07300000   25.73148620   99.74939129   1.04631736   -0.44313046   
6.65000000   -0.92200000   -0.03000000   -0.26900000   0.99500000   0.06200000   -0.07300000   25.72509629   99.74363584   1.09806527   -0.48495314   
6.65000000   -0.92200000   -0.03000000   -0.26900000   0.99500000   0.06200000   -0.07300000   25.73396609   99.72098123   1.20394729   -0.55548485   
6.65000000   -0.92200000   -0.03000000   -0.26900000   0.99500000   0.06200000   -0.07300000   25.71334066   99.72323225   1.19089372   -0.55089741   
6.65000000   -0.92200000   -0.03000000   -0.26900000   0.99500000   0.06200000   -0.07300000   25.71210435   99.74195196   1.69232392   -0.54474623   
6.65000000   -0.92200000   -0.03000000   -0.26900000   0.99500000   0.06200000   -0.07300000   25.72550430   99.71953384   1.20177584   -0.77971323   
6.65000000   -0.92200000   -0.03000000   -0.26900000   0.99500000   0.06200000   -0.07300000   25.72502732   99.74976475   1.65804068   -0.64782015   
6.65000000   -0.92200000   -0.03000000   -0.26900000   0.99500000   0.06200000   -0.07300000   25.72541936   99.72413900   1.59282281   -0.61443698   
6.65000000   -0.92200000   -0.03000000   -0.26900000   0.99500000   0.06200000   -0.07300000   25.72176970   99.73494317   1.51581956   -0.60165403   
6.65000000   -0.92200000   -0.03000000   -0.26900000   0.99500000   0.06200000   -0.07300000   25.72628304   99.73383185   1.10266383   -0.69316719   
6.65000000   -0.92200000   -0.03000000   -0.26900000   0.99500000   0.06200000   -0.07300000   25.72951835   99.72395460   1.06276736   -0.69711705   
6.65000000   -0.92200000   -0.03000000   -0.26900000   0.99500000   0.06200000   -0.07300000   25.73470102   99.73382368   1.02811711   -0.74237634   
6.65000000   -0.92200000   -0.03000000   -0.26900000   0.99500000   0.06200000   -0.07300000   25.74320693   99.73963772   1.00729039   -0.79238010   
6.65000000   -0.92200000   -0.03000000   -0.26900000   0.99500000   0.06200000   -0.07300000   25.74534453   99.72125374   1.21449602   -0.81039276   
6.65000000   -0.92200000   -0.03000000   -0.26900000   0.99500000   0.06200000   -0.07300000   25.71055223   99.74295897   1.15963703   -0.68805812   
6.65000000   -0.92200000   -0.03000000   -0.26900000   0.99500000   0.06200000   -0.07300000   25.71065547   99.75003748   1.24934434   -0.71853602   
6.65000000   -0.92200000   -0.03000000   -0.26900000   0.99500000   0.06200000   -0.07300000   25.72925360   99.72670310   1.37724498   -0.66536551   
6.65000000   -0.92200000   -0.03000000   -0.26900000   0.99500000   0.06200000   -0.07300000   25.70798496   99.74913411   1.14002446   -0.59755678   
6.65000000   -0.92200000   -0.03000000   -0.26900000   0.99500000   0.06200000   -0.07300000   25.71378693   99.73430131   1.03221216   -0.48781229   
6.65000000   -0.92200000   -0.03000000   -0.26900000   0.99500000   0.06200000   -0.07300000   25.71112101   99.73253400   1.20911315   -0.52247825   
6.65000000   -0.92200000   -0.03000000   -0.26900000   0.99500000   0.06200000   -0.07300000   25.71894110   99.74150353   1.73142276   -0.53885184   
6.65000000   -0.92200000   -0.03000000   -0.26900000   0.99500000   0.06200000   -0.07300000   25.72261291   99.73445847   1.67854275   -0.64095112   
6.65000000   -0.92200000   -0.03000000   -0.26900000   0.99500000   0.06200000   -0.07300000   25.73114073   99.73162034   2.07585847   -0.49688315   
6.65000000   -0.92200000   -0.03000000   -0.26900000   0.99500000   0.06200000   -0.07300000   25.72942883   99.72535491   1.47578936   -0.48882139   
6.65000000   -0.92200000   -0.03000000   -0.26900000   0.99500000   0.06200000   -0.07300000   25.70519797   99.72855447   1.12053377   -0.43687230   
6.65000000   -0.92200000   -0.03000000   -0.26900000   0.99500000   0.06200000   -0.07300000   25.72421866   99.73492554   1.18763298   -0.31900735   
6.65000000   -0.92200000   -0.03000000   -0.26900000   0.99500000   0.06200000   -0.07300000   25.72224042   99.75296830   1.00152126   -0.23138076   
6.65000000   -0.92200000   -0.03000000   -0.26900000   0.99500000   0.06200000   -0.07300000   25.71757301   99.74251418   1.68905905   -0.38255402   
6.65000000   -0.92200000   -0.03000000   -0.26900000   0.99500000   0.06200000   -0.07300000   25.72918603   99.72014605   1.38098838   -0.51514842   
6.65000000   -0.92200000   -0.03000000   -0.26900000   0.99500000   0.06200000   -0.07300000   25.70947440   99.74490468   1.02912652   -0.48135654   
6.65000000   -0.92200000   -0.03000000   -0.26900000   0.99500000   0.06200000   -0.07300000   25.70226976   99.74860193   1.14477366   -0.30311842   
6.65000000   -0.92200000   -0.03000000   -0.26900000   0.99500000   0.06200000   -0.07300000   25.73041087   99.73942847   1.11872893   -0.32547092   
6.65000000   -0.92200000   -0.03000000   -0.26900000   0.99500000   0.06200000   -0.07300000   25.72316205   99.73566612   1.00477563   -0.27828131   
6.65000000   -0.92200000   -0.03000000   -0.26900000   0.99500000   0.06200000   -0.07300000   25.71838295   99.74347396   1.10085051   -0.31093353   
6.65000000   -0.92200000   -0.03000000   -0.26900000   0.99500000   0.06200000   -0.07300000   25.71523101   99.73324090   1.07996942   -0.34512748   
6.65000000   -0.92200000   -0.03000000   -0.26900000   0.99500000   0.06200000   -0.07300000   25.73259194   99.74608798   1.22203059   -0.26571142   
6.65000000   -0.92200000   -0.03000000   -0.26900000   0.99500000   0.06200000   -0.07300000   25.72720858   99.73452067   1.19121054   -0.39108707   
6.65000000   -0.92200000   -0.03000000   -0.26900000   0.99500000   0.06200000   -0.07300000   25.73994999   99.73229341   1.24596038   -0.40273246   
6.65000000   -0.92200000   -0.03000000   -0.26900000   0.99500000   0.06200000   -0.07300000   25.72521862   99.72599797   1.00028755   -0.50182312   
6.65000000   -0.92200000   -0.03000000   -0.26900000   0.99500000   0.06200000   -0.07300000   25.70466220   99.73829443   1.03473169   -0.47330555   
6.65000000   -0.92200000   -0.03000000   -0.26900000   0.99500000   0.06200000   -0.07300000   25.71000045   99.71933522   1.04803355   -0.56538035   
6.65000000   -0.92200000   -0.03000000   -0.26900000   0.99500000   0.06200000   -0.07300000   25.73476904   99.72513588   1.12759513   -0.60065734   
6.65000000   -0.92200000   -0.03000000   -0.26900000   0.99500000   0.06200000   -0.07300000   25.73342565   99.72850734   1.11687178   -0.59028390   
6.65000000   -0.92200000   -0.03000000   -0.26900000   0.99500000   0.06200000   -0.07300000   25.73962373   99.74418555   1.10236567   -0.46171857   
6.65000000   -0.92200000   -0.03000000   -0.26900000   0.99500000   0.06200000   -0.07300000   25.73204378   99.73030794   1.26411205   -0.52121701   
6.65000000   -0.92200000   -0.03000000   -0.26900000   0.99500000   0.06200000   -0.07300000   25.71821518   99.73922926   1.49928803   -0.41969366   
6.65000000   -0.92200000   -0.03000000   -0.26900000   0.99500000   0.06200000   -0.07300000   25.72719072   99.74961859   1.24722251   -0.38063135   
6.65000000   -0.92200000   -0.03000000   -0.26900000   0.99500000   0.06200000   -0.07300000   25.70970764   99.74168099   1.16217444   -0.63824376   
6.65000000   -0.92200000   -0.03000000   -0.26900000   0.99500000   0.06200000   -0.07300000   25.72357222   99.74317630   1.12393254   -0.72334581   
6.65000000   -0.92200000   -0.03000000   -0.26900000   0.99500000   0.06200000   -0.07300000   25.72602209   99.73223125   1.30419119   -0.70631076   
6.65000000   -0.92200000   -0.03000000   -0.26900000   0.99500000   0.06200000   -0.07300000   25.72280111   99.71739575   1.02000754   -0.83219669   
6.65000000   -0.92200000   -0.03000000   -0.26900000   0.99500000   0.06200000   -0.07300000   25.73321122   99.72175814   1.13905169   -0.78880799   
6.65000000   -0.92200000   -0.03000000   -0.26900000   0.99500000   0.06200000   -0.07300000   25.74177836   99.73749670   1.19603980   -0.83381270   
6.65000000   -0.92200000   -0.03000000   -0.26900000   0.99500000   0.06200000   -0.07300000   25.74243822   99.73759664   1.11067263   -0.76596172   
6.65000000   -0.92200000   -0.03000000   -0.26900000   0.99500000   0.06200000   -0.07300000   25.74372604   99.73274561   1.11228248   -0.84022700   
6.65000000   -0.92200000   -0.03000000   -0.26900000   0.99500000   0.06200000   -0.07300000   25.74359018   99.71435520   1.04996464   -0.91141862   
6.65000000   -0.92200000   -0.03000000   -0.26900000   0.99500000   0.06200000   -0.07300000   25.74259694   99.72307705   1.28099983   -0.86857349   
6.65000000   -0.92200000   -0.03000000   -0.26900000   0.99500000   0.06200000   -0.07300000   25.74091798   99.71874819   1.15848525   -0.75016128   
6.65000000   -0.92200000   -0.03000000   -0.26900000   0.99500000   0.06200000   -0.07300000   25.72520371   99.73150451   1.11875934   -0.80830519   
6.65000000   -0.92200000   -0.03000000   -0.26900000   0.99500000   0.06200000   -0.07300000   25.72963610   99.74405041   1.23267016   -0.70224301   
6.65000000   -0.92200000   -0.03000000   -0.26900000   0.99500000   0.06200000   -0.07300000   25.72927275   99.72798396   1.61249793   -0.56640100   
6.65000000   -0.92200000   -0.03000000   -0.26900000   0.99500000   0.06200000   -0.07300000   25.74085992   99.75308951   1.20011572   -0.59837419   
6.65000000   -0.92200000   -0.03000000   -0.26900000   0.99500000   0.06200000   -0.07300000   25.73885814   99.73748470   1.10319391   -0.65190547   
6.65000000   -0.92200000   -0.03000000   -0.26900000   0.99500000   0.06200000   -0.07300000   25.72812759   99.74229490   1.04328530   -0.49341900   
6.65000000   -0.92200000   -0.03000000   -0.26900000   0.99500000   0.06200000   -0.07300000   25.72992540   99.74111082   1.24599427   -0.53208683   
6.65000000   -0.92200000   -0.03000000   -0.26900000   0.99500000   0.06200000   -0.07300000   25.72825549   99.74014545   1.10299002   -0.49219378   
