1242.20124260   
1229.25913369   
1213.32366757   
1152.34680153   
1131.43109273   
994.05201184   
923.29517659   
886.65885968   
848.91150336   
765.02305389   
754.19860351   
726.66484694   
707.21610204   
704.83516681   
688.34176527   
683.18366275   
678.02136287   
673.23939340   
671.88131207   
668.12549028   
662.86720851   
672.86787092   
667.58857710   
657.46835605   
659.20822045   
660.51401534   
657.73651369   
658.52236139   
659.06527842   
657.19450596   
641.55073835   
639.52031335   
632.85190944   
634.54983103   
633.28743579   
632.13261800   
618.81085553   
617.15809579   
616.81839349   
617.49180618   
613.22876595   
609.95922090   
604.96894853   
601.59127719   
600.84545961   
599.52788388   
596.06698236   
593.92663769   
591.59181540   
591.26809849   
589.23756522   
591.56230511   
590.46878348   
590.85119990   
586.07129507   
585.82007082   
585.70625472   
583.76874908   
585.34787510   
585.26390835   
585.73883971   
589.11798261   
586.92734065   
581.18759486   
576.66430961   
583.89899456   
582.18839952   
582.55613629   
582.57187017   
579.57674622   
575.60506846   
573.72488036   
573.09667885   
570.69369538   
575.56724215   
575.91831390   
570.21176617   
569.37792050   
565.05204442   
562.19522087   
561.54762550   
560.46518116   
560.28595263   
560.15900695   
561.17059382   
560.12558386   
559.41736210   
556.33390606   
554.02654318   
552.57220307   
550.79927446   
552.91638866   
546.85604305   
546.18574302   
544.90501603   
542.55410251   
542.90624425   
542.56342142   
541.03354901   
537.59690093   
533.97563651   
540.57640205   
540.14332342   
535.94650589   
531.34075429   
527.37257462   
529.22621471   
527.86339255   
531.26195164   
531.49910030   
526.73257812   
524.23984495   
521.64509857   
525.53935344   
526.03239654   
526.03804076   
529.83610940   
529.98704169   
530.98748839   
531.56202368   
523.95175016   
520.50035147   
524.36712882   
524.39779016   
526.61138968   
530.01381347   
529.36471042   
527.13662509   
527.05587004   
526.82479538   
527.44590438   
523.87686694   
526.07205200   
527.14673786   
528.59959558   
540.09198740   
536.83153168   
535.39437551   
533.19427669   
532.63887236   
532.41256761   
530.75973194   
531.13922731   
531.20485182   
530.42526114   
533.59637579   
533.56385346   
536.39519375   
538.50146720   
540.22738058   
537.06014030   
534.32295730   
526.50020624   
526.29562360   
527.50008411   
528.21740891   
525.60313379   
527.65930103   
527.26938601   
525.89941570   
525.51703910   
521.96921888   
525.57291451   
527.30607249   
528.81665498   
528.71296485   
530.53356536   
526.14307743   
522.86193567   
524.68098368   
524.21540068   
527.21238948   
522.84848805   
520.47879329   
520.45999371   
519.19880771   
518.55858761   
518.01134023   
517.99284258   
517.30034926   
520.09896801   
520.60633709   
524.02198289   
520.67454191   
522.55049387   
519.55019555   
519.32163734   
518.43889847   
524.93369973   
528.18732895   
526.06823045   
523.28202299   
523.80505575   
519.64181062   
517.34416627   
518.90404372   
522.84623473   
520.49549608   
521.86171504   
519.93087310   
521.85244266   
522.71313392   
520.60713482   
518.95368212   
520.34104071   
521.73336069   
526.61172766   
523.21421912   
523.27392479   
526.22652129   
525.18060434   
524.89842015   
525.08763011   
524.59282849   
519.76997691   
521.33322028   
523.23225393   
517.03127737   
517.43449374   
525.92554331   
521.46722628   
521.11670978   
520.21020349   
522.13805673   
523.68136158   
525.43190497   
523.06716810   
519.80701892   
521.99307073   
519.45866758   
519.01498121   
524.03093623   
520.53647885   
519.16800347   
516.77761395   
523.67279129   
526.23972759   
520.28735660   
520.43305272   
520.71102390   
518.68166500   
520.75701167   
520.53837438   
520.90177787   
519.31629323   
518.55368270   
518.65894251   
521.50225089   
520.11701553   
523.08001940   
516.33259256   
516.94605362   
521.38157175   
520.36919032   
517.57114097   
519.19427194   
518.30146812   
522.97154450   
523.69691044   
526.13816312   
523.51202495   
526.77381176   
525.45461488   
524.28602348   
525.19115901   
523.20968516   
520.76915284   
529.08969883   
531.22796439   
529.27253565   
524.89808644   
522.47851559   
523.20238720   
522.04022674   
522.37392078   
521.73687290   
521.57782112   
521.03923354   
521.93339857   
522.26637324   
522.17408330   
521.50427536   
520.61725828   
518.78464720   
522.40859081   
519.70336602   
522.60805930   
518.82460597   
519.19758142   
516.91900450   
517.86547980   
517.92626983   
520.67783616   
520.22598638   
520.34137828   
519.62663275   
519.86914467   
522.52122505   
519.81128481   
517.04404629   
518.80071859   
526.16288221   
525.46996241   
525.68084208   
523.89089125   
521.86877986   
524.65302769   
524.96979365   
523.65769912   
522.73972406   
525.28298074   
527.68726241   
529.07051404   
527.39916551   
527.66707872   
526.87926222   
525.08368437   
526.47157645   
521.87257664   
523.20174067   
521.88011226   
525.26314325   
525.92804640   
524.10124170   
522.48677301   
517.33344663   
517.15055840   
518.80190112   
519.47704701   
522.00473608   
518.30202895   
517.89928203   
522.42497883   
518.57170194   
517.33315814   
518.31889162   
518.85148342   
516.85664373   
517.02123143   
517.11292011   
517.67453732   
516.70912495   
516.63069538   
516.37036943   
517.23054199   
518.30702460   
517.41418659   
519.07439434   
521.95935435   
525.06351447   
526.54660083   
525.74555436   
527.93665068   
531.15431750   
532.37580266   
530.52706855   
530.79885317   
531.39399201   
534.37249244   
532.17923157   
535.10308236   
534.38306479   
540.25674683   
532.48199841   
536.21103874   
529.01086952   
528.81774850   
525.43284973   
526.70858836   
527.02950653   
523.75507998   
520.95230091   
522.98671463   
523.41661127   
525.71121285   
525.90514153   
521.28431327   
521.63217244   
521.86544466   
518.25866518   
515.91516192   
520.30045151   
519.47545116   
520.15996762   
519.59313434   
524.91967852   
527.32262639   
523.51913686   
522.50338760   
518.83410494   
522.93625183   
523.26866732   
519.52886164   
522.36919507   
524.75172834   
525.53981963   
522.12715607   
524.21097452   
521.92884485   
521.88054649   
518.64800951   
521.08854888   
520.63692391   
519.99436488   
518.60323642   
519.29763747   
519.25214071   
519.48960836   
519.59355874   
522.04424597   
516.27873587   
517.09882102   
518.16969214   
519.34447087   
521.56957613   
519.81868465   
519.47123855   
522.16668132   
526.56044191   
526.63526362   
527.93677896   
527.28545030   
530.18279131   
534.77711978   
534.71718334   
534.28178544   
527.94410384   
522.25910026   
523.72539683   
520.08425426   
521.49983283   
516.33844374   
518.70740408   
522.02777489   
520.65153537   
520.87096800   
519.27101752   
520.20604172   
519.97401166   
521.01629548   
521.12741551   
520.61415976   
519.74179181   
520.51313762   
520.39107161   
520.94930210   
520.53419309   
520.28448267   
521.93652749   
523.31254842   
521.42375874   
522.30732437   
520.88261359   
522.10737605   
521.45118326   
521.31949943   
521.35076284   
519.79719980   
519.52632741   
519.55561468   
523.11486503   
526.58997021   
521.85167633   
524.55505488   
526.35884391   
530.62004914   
523.19102430   
521.69849634   
522.91065958   
521.76215243   
520.63085392   
524.56474003   
524.34898217   
519.26237844   
521.07480277   
518.73122839   
521.60406946   
521.17844144   
525.46392512   
522.81124465   
523.47864598   
522.41137576   
525.85732430   
524.63664796   
523.86298787   
