5.72000000   183.64000000   0.71000000   138.17000000   25.59262015   99.84590943   24.68590983   -0.79879877   
5.72000000   183.64000000   0.71000000   138.17000000   25.60066632   99.83493613   24.85657747   -0.86135740   
5.72000000   183.64000000   0.71000000   138.17000000   25.60914541   99.84573432   25.08080009   -0.71324575   
5.72000000   183.64000000   0.71000000   138.17000000   25.61468112   99.82598953   25.01770693   -0.70171435   
5.72000000   183.64000000   0.71000000   138.17000000   25.61297753   99.82435745   25.88605248   -0.42910730   
5.72000000   183.64000000   0.71000000   138.17000000   25.67247434   99.80938953   26.11004221   -0.33893130   
5.72000000   183.64000000   0.71000000   138.17000000   25.67534718   99.76775663   26.14627782   -0.42959907   
5.72000000   183.64000000   0.71000000   138.17000000   25.68257321   99.76466715   25.49367178   -0.32900333   
5.72000000   183.64000000   0.71000000   138.17000000   25.68327961   99.73447847   25.50102226   -0.39577647   
5.72000000   183.64000000   0.71000000   138.17000000   25.71163191   99.72644869   24.64022142   -0.18111680   
5.72000000   183.64000000   0.71000000   138.17000000   25.72769999   99.72300323   24.75348152   -0.15154752   
5.72000000   183.64000000   0.71000000   138.17000000   25.74685279   99.72871603   24.00700691   -0.12044725   
5.72000000   183.64000000   0.71000000   138.17000000   25.73784127   99.71459882   23.94821177   0.02013713   
5.72000000   183.64000000   0.71000000   138.17000000   25.73980175   99.70903897   24.36410827   0.06503564   
5.72000000   183.64000000   0.71000000   138.17000000   25.74199199   99.70662726   24.68332941   0.22340941   
5.72000000   183.64000000   0.71000000   138.17000000   25.76722678   99.70676869   25.06978442   0.19969161   
5.72000000   183.64000000   0.71000000   138.17000000   25.79003420   99.71028157   26.12983467   0.40576627   
5.72000000   183.64000000   0.71000000   138.17000000   25.78644460   99.71462024   25.46923294   0.47106370   
5.72000000   183.64000000   0.71000000   138.17000000   25.75948321   99.70252665   24.54461082   0.29523804   
5.72000000   183.64000000   0.71000000   138.17000000   25.77628156   99.71435784   24.53608076   0.40534573   
5.72000000   183.64000000   0.71000000   138.17000000   25.80443834   99.70084052   25.32072205   0.41087659   
5.72000000   183.64000000   0.71000000   138.17000000   25.86482103   99.70508987   25.46294176   0.36525163   
5.72000000   183.64000000   0.71000000   138.17000000   25.85224213   99.70784289   25.67082606   0.45346233   
5.72000000   183.64000000   0.71000000   138.17000000   25.84839371   99.70092923   24.95694940   0.49053002   
5.72000000   183.64000000   0.71000000   138.17000000   25.83975353   99.70702717   25.17201003   0.51518748   
5.72000000   183.64000000   0.71000000   138.17000000   25.81751533   99.71064028   24.40839344   0.37898182   
5.72000000   183.64000000   0.71000000   138.17000000   25.80586343   99.71272040   23.62094031   0.28929103   
5.72000000   183.64000000   0.71000000   138.17000000   25.81948777   99.72931533   21.81037633   0.25481108   
5.72000000   183.64000000   0.71000000   138.17000000   25.80932906   99.72581978   22.34275956   0.28560845   
5.72000000   183.64000000   0.71000000   138.17000000   25.80277572   99.72871537   21.84868892   0.23586341   
5.72000000   183.64000000   0.71000000   138.17000000   25.82766259   99.70246760   22.06318102   0.22250091   
5.72000000   183.64000000   0.71000000   138.17000000   25.85567867   99.70815886   21.72556611   0.51093350   
5.72000000   183.64000000   0.71000000   138.17000000   25.83249179   99.70568571   21.78491460   0.55294487   
5.72000000   183.64000000   0.71000000   138.17000000   25.82673641   99.71634042   21.26048999   0.54907234   
5.72000000   183.64000000   0.71000000   138.17000000   25.81336307   99.72009081   20.91994192   0.46459103   
5.72000000   183.64000000   0.71000000   138.17000000   25.83397906   99.71845667   20.12808732   0.37872756   
5.72000000   183.64000000   0.71000000   138.17000000   25.80587251   99.70371240   20.06470771   0.35113423   
5.72000000   183.64000000   0.71000000   138.17000000   25.80255696   99.70603972   20.23044427   0.44130603   
5.72000000   183.64000000   0.71000000   138.17000000   25.83159077   99.70371069   19.58018886   0.61884208   
5.72000000   183.64000000   0.71000000   138.17000000   25.83000914   99.70917482   19.54567258   0.68103910   
5.72000000   183.64000000   0.71000000   138.17000000   25.82327170   99.70755309   19.43322722   0.74683987   
5.72000000   183.64000000   0.71000000   138.17000000   25.82027753   99.70095448   19.53489293   0.78792707   
5.72000000   183.64000000   0.71000000   138.17000000   25.79311959   99.71168677   18.95031200   0.78037515   
5.72000000   183.64000000   0.71000000   138.17000000   25.79194944   99.70827087   18.16870225   0.62160529   
5.72000000   183.64000000   0.71000000   138.17000000   25.77970563   99.71135976   18.14646168   0.62550743   
5.72000000   183.64000000   0.71000000   138.17000000   25.78880332   99.70690841   17.63008261   0.47530113   
5.72000000   183.64000000   0.71000000   138.17000000   25.76709185   99.70349175   16.99551421   0.53122959   
5.72000000   183.64000000   0.71000000   138.17000000   25.77204082   99.70536010   17.08334301   0.70419397   
5.72000000   183.64000000   0.71000000   138.17000000   25.77046470   99.71239270   16.61656179   0.72196398   
5.72000000   183.64000000   0.71000000   138.17000000   25.76456627   99.70700933   16.56628921   0.69375031   
5.72000000   183.64000000   0.71000000   138.17000000   25.78159169   99.70768750   16.20526725   0.65934615   
5.72000000   183.64000000   0.71000000   138.17000000   25.78378688   99.71522277   16.07565145   0.58690272   
5.72000000   183.64000000   0.71000000   138.17000000   25.77211849   99.73273366   15.18448716   0.68781452   
5.72000000   183.64000000   0.71000000   138.17000000   25.75768840   99.73904782   15.00291262   0.78266160   
5.72000000   183.64000000   0.71000000   138.17000000   25.75661755   99.72475670   14.96627702   0.87806443   
5.72000000   183.64000000   0.71000000   138.17000000   25.75206191   99.73156446   14.63455657   0.80891927   
5.72000000   183.64000000   0.71000000   138.17000000   25.75901339   99.70780903   15.33089135   0.86466451   
5.72000000   183.64000000   0.71000000   138.17000000   25.75764343   99.70655179   15.09058705   0.94986454   
5.72000000   183.64000000   0.71000000   138.17000000   25.76378581   99.70540800   14.55460130   1.11267579   
5.72000000   183.64000000   0.71000000   138.17000000   25.74331008   99.71057979   14.81661640   0.98148449   
5.72000000   183.64000000   0.71000000   138.17000000   25.72549562   99.71231927   14.15556796   1.02517130   
5.72000000   183.64000000   0.71000000   138.17000000   25.70383676   99.74283892   13.24127116   1.06077431   
5.72000000   183.64000000   0.71000000   138.17000000   25.72268329   99.74516060   13.43903304   1.13220753   
5.72000000   183.64000000   0.71000000   138.17000000   25.71818268   99.75144249   11.30379049   1.27603639   
5.72000000   183.64000000   0.71000000   138.17000000   25.73994403   99.74800145   10.27780887   1.32837782   
5.72000000   183.64000000   0.71000000   138.17000000   25.74268555   99.72249836   10.52278903   1.45616807   
5.72000000   183.64000000   0.71000000   138.17000000   25.72093440   99.72713025   10.91651974   1.37402445   
5.72000000   183.64000000   0.71000000   138.17000000   25.73311899   99.72793565   11.14477548   1.41586759   
5.72000000   183.64000000   0.71000000   138.17000000   25.72953266   99.73233165   10.42462212   1.47152485   
5.72000000   183.64000000   0.71000000   138.17000000   25.73843068   99.73991788   10.44502256   1.39181213   
5.72000000   183.64000000   0.71000000   138.17000000   25.74397085   99.73063478   9.66026097   1.30022668   
5.72000000   183.64000000   0.71000000   138.17000000   25.73038598   99.72810016   10.04186940   1.24061075   
5.72000000   183.64000000   0.71000000   138.17000000   25.73221744   99.74434312   9.86291077   1.23073165   
5.72000000   183.64000000   0.71000000   138.17000000   25.73715365   99.76191295   9.47557233   1.16518557   
5.72000000   183.64000000   0.71000000   138.17000000   25.75808771   99.76496546   9.19576275   1.25936321   
5.72000000   183.64000000   0.71000000   138.17000000   25.77029679   99.75156101   8.76559925   1.17485808   
5.72000000   183.64000000   0.71000000   138.17000000   25.75806098   99.74733070   9.30143760   1.06596430   
5.72000000   183.64000000   0.71000000   138.17000000   25.75946136   99.74148973   8.47149761   1.05727442   
5.72000000   183.64000000   0.71000000   138.17000000   25.71887662   99.72445695   8.42307312   0.95855696   
5.72000000   183.64000000   0.71000000   138.17000000   25.74020679   99.73745237   8.91833081   0.85529317   
5.72000000   183.64000000   0.71000000   138.17000000   25.75244764   99.73041969   8.73278854   0.78593854   
5.72000000   183.64000000   0.71000000   138.17000000   25.74077594   99.72732877   8.32553650   0.79228448   
5.72000000   183.64000000   0.71000000   138.17000000   25.73995571   99.73507492   8.35083983   0.79333287   
5.72000000   183.64000000   0.71000000   138.17000000   25.76455102   99.73804669   8.64299722   0.48730867   
5.72000000   183.64000000   0.71000000   138.17000000   25.78458322   99.71783366   8.36244087   0.24797648   
5.72000000   183.64000000   0.71000000   138.17000000   25.76805439   99.73873707   8.74883736   0.35711511   
5.72000000   183.64000000   0.71000000   138.17000000   25.76425750   99.74113266   8.54745322   0.32436723   
5.72000000   183.64000000   0.71000000   138.17000000   25.76062369   99.74529313   7.86077762   0.34300708   
5.72000000   183.64000000   0.71000000   138.17000000   25.75878461   99.74093118   7.45779377   0.38642314   
5.72000000   183.64000000   0.71000000   138.17000000   25.73902541   99.75876158   6.88958405   0.23441185   
5.72000000   183.64000000   0.71000000   138.17000000   25.74354878   99.74200425   6.93633193   0.11298605   
5.72000000   183.64000000   0.71000000   138.17000000   25.71226296   99.75352279   6.68615893   0.09214992   
5.72000000   183.64000000   0.71000000   138.17000000   25.71477619   99.74130409   5.91390288   0.17892312   
5.72000000   183.64000000   0.71000000   138.17000000   25.72072071   99.73333139   6.12668815   0.06788300   
5.72000000   183.64000000   0.71000000   138.17000000   25.74833123   99.72601510   6.16141019   0.01108029   
5.72000000   183.64000000   0.71000000   138.17000000   25.74706447   99.72070579   5.44216772   -0.03449391   
5.72000000   183.64000000   0.71000000   138.17000000   25.76134799   99.72686877   4.86536942   0.14875597   
5.72000000   183.64000000   0.71000000   138.17000000   25.75776045   99.72124247   4.78671509   0.10970654   
5.72000000   183.64000000   0.71000000   138.17000000   25.75459466   99.75946237   4.31480047   0.11488326   
5.72000000   183.64000000   0.71000000   138.17000000   25.73501573   99.76585990   3.85752480   0.13527664   
5.72000000   183.64000000   0.71000000   138.17000000   25.72093993   99.75163803   3.57026926   0.30842841   
5.72000000   183.64000000   0.71000000   138.17000000   25.75101452   99.76416545   3.88945068   0.29462747   
5.72000000   183.64000000   0.71000000   138.17000000   25.74105260   99.78803936   3.21805995   0.33492225   
5.72000000   183.64000000   0.71000000   138.17000000   25.72416822   99.78445084   2.84414472   0.27518179   
5.72000000   183.64000000   0.71000000   138.17000000   25.70628880   99.73939967   3.22603611   0.12929491   
5.72000000   183.64000000   0.71000000   138.17000000   25.71766262   99.75393446   2.51418071   0.09550012   
5.72000000   183.64000000   0.71000000   138.17000000   25.72234741   99.73784085   2.10550013   0.20565581   
5.72000000   183.64000000   0.71000000   138.17000000   25.70939398   99.75026759   2.01930983   0.19334845   
5.72000000   183.64000000   0.71000000   138.17000000   25.70444370   99.72775734   1.40166932   0.14993539   
5.72000000   183.64000000   0.71000000   138.17000000   25.69767341   99.72912817   1.62946903   0.12854744   
5.72000000   183.64000000   0.71000000   138.17000000   25.73424726   99.74561255   1.79476287   0.13542670   
5.72000000   183.64000000   0.71000000   138.17000000   25.73820185   99.74774691   1.46174730   0.06775478   
5.72000000   183.64000000   0.71000000   138.17000000   25.72930212   99.74968654   1.51174115   -0.03058073   
5.72000000   183.64000000   0.71000000   138.17000000   25.74250649   99.72559668   1.72713005   -0.12484989   
5.72000000   183.64000000   0.71000000   138.17000000   25.71343146   99.74034769   2.30338455   -0.21082049   
5.72000000   183.64000000   0.71000000   138.17000000   25.72045475   99.75314902   2.29075083   -0.23842731   
5.72000000   183.64000000   0.71000000   138.17000000   25.76538607   99.75832752   1.47035327   -0.04139233   
5.72000000   183.64000000   0.71000000   138.17000000   25.74148776   99.78640849   1.45234146   0.05914279   
5.72000000   183.64000000   0.71000000   138.17000000   25.72364221   99.78665813   1.97311793   -0.06658191   
5.72000000   183.64000000   0.71000000   138.17000000   25.73429262   99.78455963   2.10248607   -0.02196827   
5.72000000   183.64000000   0.71000000   138.17000000   25.71702877   99.77141116   1.29829117   0.01807858   
5.72000000   183.64000000   0.71000000   138.17000000   25.73485608   99.76144567   1.08774603   -0.01421303   
5.72000000   183.64000000   0.71000000   138.17000000   25.69201648   99.77649599   1.00052051   -0.01317929   
5.72000000   183.64000000   0.71000000   138.17000000   25.71237361   99.75581619   1.34802877   0.12076774   
5.72000000   183.64000000   0.71000000   138.17000000   25.72838620   99.76428123   1.57079672   0.27960954   
5.72000000   183.64000000   0.71000000   138.17000000   25.72846361   99.73651350   1.63808300   0.20746584   
5.72000000   183.64000000   0.71000000   138.17000000   25.70269160   99.73857120   2.24557763   0.13990168   
5.72000000   183.64000000   0.71000000   138.17000000   25.70049429   99.76245252   2.19138095   0.11954887   
5.72000000   183.64000000   0.71000000   138.17000000   25.72327439   99.76401737   1.93007435   0.12426095   
5.72000000   183.64000000   0.71000000   138.17000000   25.69285811   99.75523185   1.74995427   0.12617577   
5.72000000   183.64000000   0.71000000   138.17000000   25.70418283   99.74796931   2.02681735   0.11049428   
5.72000000   183.64000000   0.71000000   138.17000000   25.71636389   99.74800671   1.02657351   0.18447218   
5.72000000   183.64000000   0.71000000   138.17000000   25.72947968   99.74394138   1.43210755   0.15897199   
5.72000000   183.64000000   0.71000000   138.17000000   25.71025765   99.75611619   1.78389383   0.17285665   
5.72000000   183.64000000   0.71000000   138.17000000   25.69885060   99.77843414   1.27975332   0.23909003   
5.72000000   183.64000000   0.71000000   138.17000000   25.67103230   99.79160391   1.66944088   0.32729075   
5.72000000   183.64000000   0.71000000   138.17000000   25.67768370   99.77219078   1.65488372   0.47196838   
5.72000000   183.64000000   0.71000000   138.17000000   25.69276792   99.77641363   2.26534763   0.35742273   
5.72000000   183.64000000   0.71000000   138.17000000   25.70498964   99.77724745   2.68398565   0.39075087   
5.72000000   183.64000000   0.71000000   138.17000000   25.74052771   99.78073116   1.59532724   0.36549984   
5.72000000   183.64000000   0.71000000   138.17000000   25.73088147   99.78970206   1.33262910   0.32634863   
5.72000000   183.64000000   0.71000000   138.17000000   25.74744384   99.76533610   1.49222095   0.25019274   
5.72000000   183.64000000   0.71000000   138.17000000   25.74015223   99.76691589   2.70104131   0.22088429   
5.72000000   183.64000000   0.71000000   138.17000000   25.72005051   99.76607373   2.83569486   0.09030759   
5.72000000   183.64000000   0.71000000   138.17000000   25.72999368   99.74577828   3.12220575   0.14592787   
5.72000000   183.64000000   0.71000000   138.17000000   25.72408550   99.73540088   3.76625151   0.00976943   
5.72000000   183.64000000   0.71000000   138.17000000   25.69870641   99.73915038   3.22535445   0.05686841   
5.72000000   183.64000000   0.71000000   138.17000000   25.71451315   99.78167796   3.14431965   0.09480140   
5.72000000   183.64000000   0.71000000   138.17000000   25.69191193   99.77742413   3.13661899   0.15734018   
5.72000000   183.64000000   0.71000000   138.17000000   25.69135607   99.77974759   3.22867645   0.03227136   
5.72000000   183.64000000   0.71000000   138.17000000   25.72391994   99.78302170   2.85647838   0.00543677   
5.72000000   183.64000000   0.71000000   138.17000000   25.70276782   99.76626915   3.20681687   -0.04977712   
5.72000000   183.64000000   0.71000000   138.17000000   25.72295620   99.75761008   2.73091810   0.02621114   
5.72000000   183.64000000   0.71000000   138.17000000   25.72726949   99.75801469   2.68818718   -0.22268374   
5.72000000   183.64000000   0.71000000   138.17000000   25.70404483   99.77107802   2.21672778   -0.20336304   
5.72000000   183.64000000   0.71000000   138.17000000   25.68964317   99.75695139   2.11157687   -0.03976475   
5.72000000   183.64000000   0.71000000   138.17000000   25.70332658   99.75135552   2.24612909   -0.12408448   
5.72000000   183.64000000   0.71000000   138.17000000   25.73796014   99.76654436   2.67249910   -0.07909336   
5.72000000   183.64000000   0.71000000   138.17000000   25.71560029   99.75554056   2.54273018   -0.12920027   
5.72000000   183.64000000   0.71000000   138.17000000   25.69903070   99.75589137   1.78648487   -0.09968359   
5.72000000   183.64000000   0.71000000   138.17000000   25.70390728   99.75894060   2.18681612   -0.21356100   
5.72000000   183.64000000   0.71000000   138.17000000   25.70135652   99.74221502   1.67927990   -0.23020575   
5.72000000   183.64000000   0.71000000   138.17000000   25.74162002   99.71718232   2.23923809   -0.23385922   
5.72000000   183.64000000   0.71000000   138.17000000   25.73682463   99.71966131   2.53459045   -0.25260408   
5.72000000   183.64000000   0.71000000   138.17000000   25.74231483   99.72968404   3.21611246   -0.32343863   
5.72000000   183.64000000   0.71000000   138.17000000   25.75446775   99.75536847   2.53234766   -0.25535353   
5.72000000   183.64000000   0.71000000   138.17000000   25.73684183   99.70263059   2.01737150   -0.29668969   
5.72000000   183.64000000   0.71000000   138.17000000   25.73524509   99.70803555   1.61867705   -0.35751115   
5.72000000   183.64000000   0.71000000   138.17000000   25.72781403   99.72615341   1.29897229   -0.17050873   
5.72000000   183.64000000   0.71000000   138.17000000   25.72125179   99.72974168   2.08287984   -0.08328096   
5.72000000   183.64000000   0.71000000   138.17000000   25.71287482   99.73145156   2.11035174   -0.14810724   
5.72000000   183.64000000   0.71000000   138.17000000   25.72204537   99.71370426   2.03271793   -0.19402191   
5.72000000   183.64000000   0.71000000   138.17000000   25.73425139   99.74604115   2.16907917   -0.08874150   
5.72000000   183.64000000   0.71000000   138.17000000   25.73778169   99.75795788   1.69399572   -0.24840111   
5.72000000   183.64000000   0.71000000   138.17000000   25.71201973   99.75157713   1.38910025   -0.36133945   
5.72000000   183.64000000   0.71000000   138.17000000   25.73396729   99.76534502   1.05050192   -0.42099201   
5.72000000   183.64000000   0.71000000   138.17000000   25.74639201   99.75251307   1.19258941   -0.61647538   
5.72000000   183.64000000   0.71000000   138.17000000   25.73255533   99.75322426   1.18040659   -0.59455621   
5.72000000   183.64000000   0.71000000   138.17000000   25.73690094   99.75502231   1.22516659   -0.42747501   
5.72000000   183.64000000   0.71000000   138.17000000   25.72970561   99.73183058   1.23948625   -0.50955425   
5.72000000   183.64000000   0.71000000   138.17000000   25.72747779   99.73401297   1.37542410   -0.69845541   
5.72000000   183.64000000   0.71000000   138.17000000   25.75313020   99.72443916   1.26883823   -0.79291483   
5.72000000   183.64000000   0.71000000   138.17000000   25.76423771   99.73198440   1.36839598   -0.67850805   
5.72000000   183.64000000   0.71000000   138.17000000   25.76108894   99.72620645   1.13359243   -0.60700821   
5.72000000   183.64000000   0.71000000   138.17000000   25.71262563   99.71624210   1.70393218   -0.59787877   
5.72000000   183.64000000   0.71000000   138.17000000   25.75399434   99.72946163   1.00983445   -0.60796477   
5.72000000   183.64000000   0.71000000   138.17000000   25.71379811   99.75777471   1.23222347   -0.63496137   
5.72000000   183.64000000   0.71000000   138.17000000   25.71261324   99.73440774   1.10868576   -0.59726773   
5.72000000   183.64000000   0.71000000   138.17000000   25.70073502   99.75262305   1.39977576   -0.56819698   
5.72000000   183.64000000   0.71000000   138.17000000   25.70155419   99.74046677   1.99668264   -0.62574339   
5.72000000   183.64000000   0.71000000   138.17000000   25.70237242   99.72834852   1.76875610   -0.57284947   
5.72000000   183.64000000   0.71000000   138.17000000   25.72746683   99.76500914   1.69118272   -0.56156897   
5.72000000   183.64000000   0.71000000   138.17000000   25.72496957   99.77007365   1.34980826   -0.41125972   
5.72000000   183.64000000   0.71000000   138.17000000   25.72835620   99.73402988   1.27168293   -0.45328942   
5.72000000   183.64000000   0.71000000   138.17000000   25.71101828   99.73648481   1.05059648   -0.66266712   
5.72000000   183.64000000   0.71000000   138.17000000   25.72640138   99.71899979   1.10242165   -0.69212964   
5.72000000   183.64000000   0.71000000   138.17000000   25.71819442   99.72471438   1.53166102   -0.73182376   
5.72000000   183.64000000   0.71000000   138.17000000   25.74348101   99.71379587   1.19476492   -0.67856907   
5.72000000   183.64000000   0.71000000   138.17000000   25.75253952   99.72857452   1.43712290   -0.51830081   
5.72000000   183.64000000   0.71000000   138.17000000   25.74023195   99.71530463   1.24619655   -0.70419957   
5.72000000   183.64000000   0.71000000   138.17000000   25.71887836   99.72703447   1.55347615   -0.64853755   
5.72000000   183.64000000   0.71000000   138.17000000   25.73465640   99.73478529   1.48890598   -0.90588208   
5.72000000   183.64000000   0.71000000   138.17000000   25.74156382   99.73906981   1.57967777   -0.82694645   
5.72000000   183.64000000   0.71000000   138.17000000   25.72669848   99.71153992   1.24056987   -0.82535641   
5.72000000   183.64000000   0.71000000   138.17000000   25.72641685   99.73235067   1.52005597   -0.70993512   
5.72000000   183.64000000   0.71000000   138.17000000   25.71680732   99.74367895   1.41101330   -0.67941161   
5.72000000   183.64000000   0.71000000   138.17000000   25.71761755   99.73663872   2.04529713   -0.79022123   
5.72000000   183.64000000   0.71000000   138.17000000   25.73579542   99.72889751   2.10623985   -0.68873137   
5.72000000   183.64000000   0.71000000   138.17000000   25.75418025   99.73353133   2.14671402   -0.55093306   
5.72000000   183.64000000   0.71000000   138.17000000   25.76084618   99.75056989   1.80787012   -0.48760558   
5.72000000   183.64000000   0.71000000   138.17000000   25.76091915   99.73640882   2.17246412   -0.46532102   
5.72000000   183.64000000   0.71000000   138.17000000   25.74923778   99.72662549   2.09688558   -0.43662488   
5.72000000   183.64000000   0.71000000   138.17000000   25.76130196   99.74460539   1.77622640   -0.40409449   
5.72000000   183.64000000   0.71000000   138.17000000   25.74932486   99.76827053   1.59830939   -0.36870150   
5.72000000   183.64000000   0.71000000   138.17000000   25.75434449   99.74078158   1.16399319   -0.44800206   
5.72000000   183.64000000   0.71000000   138.17000000   25.71724865   99.74942113   1.57895379   -0.57371134   
5.72000000   183.64000000   0.71000000   138.17000000   25.71792696   99.73878094   1.82952942   -0.52443693   
5.72000000   183.64000000   0.71000000   138.17000000   25.72498011   99.74685790   1.01111158   -0.59779121   
5.72000000   183.64000000   0.71000000   138.17000000   25.71201247   99.75276100   1.19756536   -0.46635457   
5.72000000   183.64000000   0.71000000   138.17000000   25.70810120   99.73291395   1.78163402   -0.61166220   
5.72000000   183.64000000   0.71000000   138.17000000   25.72452238   99.71882836   1.49111118   -0.56753923   
5.72000000   183.64000000   0.71000000   138.17000000   25.74792947   99.71624043   1.06446177   -0.57419370   
5.72000000   183.64000000   0.71000000   138.17000000   25.72901145   99.73682981   1.66013680   -0.58056481   
5.72000000   183.64000000   0.71000000   138.17000000   25.74144698   99.72001906   1.67434344   -0.50008831   
5.72000000   183.64000000   0.71000000   138.17000000   25.72663739   99.72391052   2.01178642   -0.43756798   
5.72000000   183.64000000   0.71000000   138.17000000   25.70921353   99.75059651   2.01679287   -0.45547498   
5.72000000   183.64000000   0.71000000   138.17000000   25.71071354   99.71837146   1.57381389   -0.46125649   
5.72000000   183.64000000   0.71000000   138.17000000   25.71672688   99.73264672   1.44523826   -0.39886067   
5.72000000   183.64000000   0.71000000   138.17000000   25.72850764   99.72155989   1.48975150   -0.36013030   
5.72000000   183.64000000   0.71000000   138.17000000   25.72141188   99.73641621   1.41790193   -0.33427250   
5.72000000   183.64000000   0.71000000   138.17000000   25.72881320   99.73382829   1.41228932   -0.48118254   
5.72000000   183.64000000   0.71000000   138.17000000   25.73585946   99.70876533   1.41335788   -0.43447464   
5.72000000   183.64000000   0.71000000   138.17000000   25.73503885   99.72118262   1.17848104   -0.33239744   
5.72000000   183.64000000   0.71000000   138.17000000   25.72740132   99.72423654   1.13331692   -0.44920089   
5.72000000   183.64000000   0.71000000   138.17000000   25.73515291   99.74446327   1.05388338   -0.54024464   
5.72000000   183.64000000   0.71000000   138.17000000   25.71697843   99.74472411   1.92883917   -0.51834790   
5.72000000   183.64000000   0.71000000   138.17000000   25.70900502   99.74610835   1.92156458   -0.59481796   
5.72000000   183.64000000   0.71000000   138.17000000   25.74422021   99.73040040   1.69650750   -0.62498505   
5.72000000   183.64000000   0.71000000   138.17000000   25.72559687   99.73289194   1.32757022   -0.70653969   
5.72000000   183.64000000   0.71000000   138.17000000   25.73014485   99.75225962   1.44248606   -0.53519301   
5.72000000   183.64000000   0.71000000   138.17000000   25.72598871   99.73109480   1.27129462   -0.58036623   
5.72000000   183.64000000   0.71000000   138.17000000   25.72392043   99.71961669   1.32303475   -0.52968778   
5.72000000   183.64000000   0.71000000   138.17000000   25.71023946   99.75126878   1.19174595   -0.65718141   
5.72000000   183.64000000   0.71000000   138.17000000   25.72644309   99.73556322   1.73750506   -0.77543126   
5.72000000   183.64000000   0.71000000   138.17000000   25.74162329   99.71331313   1.22697733   -0.83394006   
5.72000000   183.64000000   0.71000000   138.17000000   25.72963932   99.71909150   1.03154170   -0.91506989   
5.72000000   183.64000000   0.71000000   138.17000000   25.74245082   99.73097180   1.08060900   -0.87100896   
5.72000000   183.64000000   0.71000000   138.17000000   25.73959522   99.72216354   1.36280459   -0.98751124   
5.72000000   183.64000000   0.71000000   138.17000000   25.74931497   99.72639740   1.04765455   -0.94151953   
5.72000000   183.64000000   0.71000000   138.17000000   25.74202143   99.71339594   1.48331931   -0.87251228   
5.72000000   183.64000000   0.71000000   138.17000000   25.73824671   99.74226479   1.17206887   -0.69352309   
5.72000000   183.64000000   0.71000000   138.17000000   25.74121776   99.74406119   1.08836840   -0.60970280   
5.72000000   183.64000000   0.71000000   138.17000000   25.74946740   99.72389355   1.33742964   -0.74767885   
5.72000000   183.64000000   0.71000000   138.17000000   25.75228276   99.72428176   1.44144269   -0.71644657   
5.72000000   183.64000000   0.71000000   138.17000000   25.74766585   99.72363277   1.21647357   -0.67477366   
5.72000000   183.64000000   0.71000000   138.17000000   25.74341612   99.71426188   1.15466245   -0.76736066   
5.72000000   183.64000000   0.71000000   138.17000000   25.74905959   99.73680381   1.06819805   -0.73272419   
5.72000000   183.64000000   0.71000000   138.17000000   25.76930452   99.74359869   1.13448842   -0.73919368   
5.72000000   183.64000000   0.71000000   138.17000000   25.76220409   99.75757080   1.13457754   -0.68157314   
5.72000000   183.64000000   0.71000000   138.17000000   25.75246460   99.76702779   1.33571820   -0.55525250   
5.72000000   183.64000000   0.71000000   138.17000000   25.76346327   99.75796645   1.17109906   -0.62464531   
5.72000000   183.64000000   0.71000000   138.17000000   25.76358274   99.76418804   1.21665932   -0.75398894   
5.72000000   183.64000000   0.71000000   138.17000000   25.75136627   99.76768720   1.10961604   -0.75426501   
5.72000000   183.64000000   0.71000000   138.17000000   25.73733910   99.75183884   1.42780679   -0.82792312   
5.72000000   183.64000000   0.71000000   138.17000000   25.74389508   99.75569499   1.02087744   -1.02634469   
5.72000000   183.64000000   0.71000000   138.17000000   25.73982495   99.74269627   1.65007801   -0.92042532   
5.72000000   183.64000000   0.71000000   138.17000000   25.73314957   99.72932220   1.73150888   -0.83591038   
5.72000000   183.64000000   0.71000000   138.17000000   25.77566175   99.72391752   2.03140255   -0.83944887   
5.72000000   183.64000000   0.71000000   138.17000000   25.77452180   99.74043729   1.80291277   -0.90249659   
5.72000000   183.64000000   0.71000000   138.17000000   25.76209010   99.73386389   1.94903412   -0.95406781   
5.72000000   183.64000000   0.71000000   138.17000000   25.75913815   99.71565501   1.48972043   -0.99680025   
5.72000000   183.64000000   0.71000000   138.17000000   25.75905458   99.74088119   1.12652949   -0.99518069   
5.72000000   183.64000000   0.71000000   138.17000000   25.75665020   99.73685240   1.14235653   -1.07292621   
5.72000000   183.64000000   0.71000000   138.17000000   25.74262416   99.73215790   1.04043984   -1.14368537   
5.72000000   183.64000000   0.71000000   138.17000000   25.73282528   99.73147538   1.20559269   -1.13525135   
5.72000000   183.64000000   0.71000000   138.17000000   25.73628736   99.72036997   1.55536502   -0.96677394   
5.72000000   183.64000000   0.71000000   138.17000000   25.75633625   99.71209029   1.10843748   -1.03409720   
5.72000000   183.64000000   0.71000000   138.17000000   25.74483814   99.74018697   1.16307275   -1.01306411   
5.72000000   183.64000000   0.71000000   138.17000000   25.73030716   99.74288019   1.15312692   -0.98457467   
5.72000000   183.64000000   0.71000000   138.17000000   25.74065961   99.71455163   1.16425768   -1.14062633   
5.72000000   183.64000000   0.71000000   138.17000000   25.76243849   99.72091411   1.14636658   -1.09105830   
5.72000000   183.64000000   0.71000000   138.17000000   25.73262186   99.70744293   1.14627097   -0.97018545   
5.72000000   183.64000000   0.71000000   138.17000000   25.73830238   99.70186616   1.08414160   -0.97524412   
5.72000000   183.64000000   0.71000000   138.17000000   25.73162575   99.72812593   1.11119578   -0.94980746   
5.72000000   183.64000000   0.71000000   138.17000000   25.75075149   99.71098806   1.58862043   -0.71200186   
5.72000000   183.64000000   0.71000000   138.17000000   25.74365965   99.72797965   1.65625838   -0.65711916   
5.72000000   183.64000000   0.71000000   138.17000000   25.74936250   99.71627252   1.68602293   -0.61637540   
5.72000000   183.64000000   0.71000000   138.17000000   25.74643085   99.72707487   1.14622825   -0.76075084   
5.72000000   183.64000000   0.71000000   138.17000000   25.73203095   99.72984295   1.25337881   -0.63462241   
5.72000000   183.64000000   0.71000000   138.17000000   25.72367058   99.72931509   1.23923432   -0.67528233   
5.72000000   183.64000000   0.71000000   138.17000000   25.73140778   99.73001619   1.20177169   -0.80253959   
5.72000000   183.64000000   0.71000000   138.17000000   25.72024692   99.72543405   1.06220945   -0.71650351   
5.72000000   183.64000000   0.71000000   138.17000000   25.73265659   99.71013543   1.20693945   -0.74837146   
5.72000000   183.64000000   0.71000000   138.17000000   25.72754442   99.73686253   1.28504584   -0.71957651   
5.72000000   183.64000000   0.71000000   138.17000000   25.73306376   99.73003628   1.37561508   -0.73330470   
5.72000000   183.64000000   0.71000000   138.17000000   25.73729683   99.71665409   1.04098673   -0.51924141   
5.72000000   183.64000000   0.71000000   138.17000000   25.74037680   99.73991456   1.25864097   -0.57452376   
5.72000000   183.64000000   0.71000000   138.17000000   25.70052345   99.76202601   1.21218298   -0.52316618   
5.72000000   183.64000000   0.71000000   138.17000000   25.70636135   99.75681096   1.15358777   -0.45895702   
5.72000000   183.64000000   0.71000000   138.17000000   25.71607927   99.74660195   1.13863391   -0.51280845   
5.72000000   183.64000000   0.71000000   138.17000000   25.72591436   99.73808273   1.53326252   -0.48922345   
5.72000000   183.64000000   0.71000000   138.17000000   25.70029455   99.73692755   1.93004313   -0.39030926   
5.72000000   183.64000000   0.71000000   138.17000000   25.70327157   99.75363918   2.20637789   -0.41464637   
5.72000000   183.64000000   0.71000000   138.17000000   25.71425720   99.73167324   2.31122426   -0.39600537   
5.72000000   183.64000000   0.71000000   138.17000000   25.71123027   99.72687452   1.88722712   -0.32722667   
5.72000000   183.64000000   0.71000000   138.17000000   25.71164082   99.74288078   2.22524591   -0.34412214   
5.72000000   183.64000000   0.71000000   138.17000000   25.70633974   99.74391354   2.07414658   -0.47110348   
5.72000000   183.64000000   0.71000000   138.17000000   25.72393901   99.71012608   1.83041742   -0.41422070   
5.72000000   183.64000000   0.71000000   138.17000000   25.71812166   99.71666288   1.70915945   -0.32659406   
5.72000000   183.64000000   0.71000000   138.17000000   25.74096098   99.74131260   1.96429111   -0.27596717   
5.72000000   183.64000000   0.71000000   138.17000000   25.71460267   99.73866126   2.32767711   -0.12365283   
5.72000000   183.64000000   0.71000000   138.17000000   25.70564026   99.74785077   2.59573637   -0.15338804   
5.72000000   183.64000000   0.71000000   138.17000000   25.71760771   99.75075499   3.22644102   -0.12653461   
5.72000000   183.64000000   0.71000000   138.17000000   25.73301877   99.73831081   2.98991494   -0.27957474   
5.72000000   183.64000000   0.71000000   138.17000000   25.73809768   99.74696970   3.16614661   -0.11402576   
5.72000000   183.64000000   0.71000000   138.17000000   25.72152128   99.73040592   2.89439671   -0.29338683   
5.72000000   183.64000000   0.71000000   138.17000000   25.75120345   99.74760130   2.17567744   -0.41859192   
5.72000000   183.64000000   0.71000000   138.17000000   25.72289593   99.78030541   1.28904093   -0.30712927   
5.72000000   183.64000000   0.71000000   138.17000000   25.74373666   99.73963271   1.47586900   -0.25246935   
5.72000000   183.64000000   0.71000000   138.17000000   25.74827440   99.73566198   2.08315581   -0.34320467   
5.72000000   183.64000000   0.71000000   138.17000000   25.74403799   99.77394293   1.13837764   -0.33961877   
5.72000000   183.64000000   0.71000000   138.17000000   25.73735474   99.77399818   1.39190086   -0.31944438   
5.72000000   183.64000000   0.71000000   138.17000000   25.70354303   99.77517749   1.32057260   -0.24697686   
5.72000000   183.64000000   0.71000000   138.17000000   25.70315774   99.78112934   1.11197064   -0.27621407   
5.72000000   183.64000000   0.71000000   138.17000000   25.72118911   99.76678816   1.30221484   -0.22241429   
5.72000000   183.64000000   0.71000000   138.17000000   25.72861804   99.74764656   1.22549958   -0.33709909   
5.72000000   183.64000000   0.71000000   138.17000000   25.72317050   99.73595640   1.09099338   -0.35800442   
5.72000000   183.64000000   0.71000000   138.17000000   25.75160559   99.75123172   1.24530047   -0.31366734   
5.72000000   183.64000000   0.71000000   138.17000000   25.72086808   99.74810220   1.43530420   -0.42758111   
5.72000000   183.64000000   0.71000000   138.17000000   25.74220785   99.73354852   2.10038364   -0.48227391   
5.72000000   183.64000000   0.71000000   138.17000000   25.73606208   99.72985352   1.24052131   -0.59877023   
5.72000000   183.64000000   0.71000000   138.17000000   25.73242092   99.72184094   1.11940930   -0.63885431   
5.72000000   183.64000000   0.71000000   138.17000000   25.71501597   99.72504725   1.31448601   -0.55612737   
5.72000000   183.64000000   0.71000000   138.17000000   25.75023756   99.72977932   1.21287789   -0.55771346   
5.72000000   183.64000000   0.71000000   138.17000000   25.74330369   99.73793625   1.02378654   -0.49151314   
5.72000000   183.64000000   0.71000000   138.17000000   25.74501339   99.74706607   1.13468544   -0.54108275   
5.72000000   183.64000000   0.71000000   138.17000000   25.73432080   99.73836959   1.55550383   -0.49124768   
5.72000000   183.64000000   0.71000000   138.17000000   25.73200708   99.74631604   1.00157914   -0.43035844   
5.72000000   183.64000000   0.71000000   138.17000000   25.71758896   99.75603209   1.00838827   -0.35593135   
5.72000000   183.64000000   0.71000000   138.17000000   25.73218528   99.74009320   1.21056525   -0.29090774   
5.72000000   183.64000000   0.71000000   138.17000000   25.72987347   99.73005188   1.18966836   -0.35542944   
5.72000000   183.64000000   0.71000000   138.17000000   25.73290216   99.75074768   1.07962724   -0.28143756   
5.72000000   183.64000000   0.71000000   138.17000000   25.72013080   99.75110667   1.03527252   -0.32269622   
5.72000000   183.64000000   0.71000000   138.17000000   25.72245364   99.74560939   1.08453046   -0.32971003   
5.72000000   183.64000000   0.71000000   138.17000000   25.72523168   99.75648678   1.18753920   -0.42777704   
5.72000000   183.64000000   0.71000000   138.17000000   25.72852109   99.75961106   1.13027751   -0.49127286   
5.72000000   183.64000000   0.71000000   138.17000000   25.71776884   99.75196147   1.16391389   -0.40391440   
5.72000000   183.64000000   0.71000000   138.17000000   25.73138373   99.75067860   1.50251066   -0.47047879   
5.72000000   183.64000000   0.71000000   138.17000000   25.73346770   99.74435695   1.79589104   -0.51406240   
5.72000000   183.64000000   0.71000000   138.17000000   25.74703707   99.71388108   2.17910507   -0.49359171   
5.72000000   183.64000000   0.71000000   138.17000000   25.74607308   99.71788465   2.66513005   -0.39940960   
5.72000000   183.64000000   0.71000000   138.17000000   25.72941329   99.73234185   2.66322496   -0.23306863   
5.72000000   183.64000000   0.71000000   138.17000000   25.72546711   99.72985674   3.22665056   -0.35815876   
5.72000000   183.64000000   0.71000000   138.17000000   25.73380071   99.75030493   3.35820348   -0.26694552   
5.72000000   183.64000000   0.71000000   138.17000000   25.71297762   99.74223478   3.29130628   -0.28882247   
5.72000000   183.64000000   0.71000000   138.17000000   25.73339656   99.73451348   3.47004031   -0.24290738   
5.72000000   183.64000000   0.71000000   138.17000000   25.75799698   99.73112661   2.88395173   -0.14515574   
5.72000000   183.64000000   0.71000000   138.17000000   25.76234415   99.74731371   3.17558965   -0.24031182   
5.72000000   183.64000000   0.71000000   138.17000000   25.76206680   99.73137362   3.25079219   -0.17781858   
5.72000000   183.64000000   0.71000000   138.17000000   25.76101750   99.72510996   2.91143230   -0.21402025   
5.72000000   183.64000000   0.71000000   138.17000000   25.73687993   99.70523302   3.08249873   -0.12134075   
5.72000000   183.64000000   0.71000000   138.17000000   25.72334719   99.70965662   3.47778845   -0.11839507   
5.72000000   183.64000000   0.71000000   138.17000000   25.70210620   99.70547471   3.39639278   -0.09772373   
5.72000000   183.64000000   0.71000000   138.17000000   25.69500809   99.72624581   2.71406073   -0.15251035   
5.72000000   183.64000000   0.71000000   138.17000000   25.68810778   99.73030919   2.75204825   -0.16368289   
5.72000000   183.64000000   0.71000000   138.17000000   25.71099248   99.73150093   3.02444157   -0.27124535   
5.72000000   183.64000000   0.71000000   138.17000000   25.74644554   99.74890091   2.83209801   -0.15682656   
5.72000000   183.64000000   0.71000000   138.17000000   25.74449091   99.74451773   2.48784958   -0.16494301   
5.72000000   183.64000000   0.71000000   138.17000000   25.71939277   99.75474703   2.45028115   -0.25089670   
5.72000000   183.64000000   0.71000000   138.17000000   25.69421469   99.75406132   1.86415329   -0.25893728   
5.72000000   183.64000000   0.71000000   138.17000000   25.74074236   99.74838671   2.23322090   -0.19028852   
5.72000000   183.64000000   0.71000000   138.17000000   25.73835510   99.73319869   1.48453278   -0.41541391   
5.72000000   183.64000000   0.71000000   138.17000000   25.75361411   99.73721449   1.57605398   -0.31479283   
5.72000000   183.64000000   0.71000000   138.17000000   25.76012924   99.71785656   1.11247035   -0.47417537   
5.72000000   183.64000000   0.71000000   138.17000000   25.75139362   99.70066006   1.06127613   -0.55831309   
5.72000000   183.64000000   0.71000000   138.17000000   25.74740430   99.70253922   1.51285014   -0.58065671   
5.72000000   183.64000000   0.71000000   138.17000000   25.74085343   99.71081556   1.30207996   -0.75369800   
5.72000000   183.64000000   0.71000000   138.17000000   25.75117310   99.70520452   1.22668698   -0.76830418   
5.72000000   183.64000000   0.71000000   138.17000000   25.75743168   99.73376744   1.25887761   -0.64582838   
5.72000000   183.64000000   0.71000000   138.17000000   25.74643029   99.74552953   1.05963287   -0.67799414   
5.72000000   183.64000000   0.71000000   138.17000000   25.73857438   99.74177153   1.13624472   -0.61117710   
5.72000000   183.64000000   0.71000000   138.17000000   25.73096294   99.76316560   1.16929007   -0.60203599   
5.72000000   183.64000000   0.71000000   138.17000000   25.71471491   99.75948998   1.18003614   -0.50550494   
5.72000000   183.64000000   0.71000000   138.17000000   25.70792890   99.75966415   1.14568768   -0.44533585   
5.72000000   183.64000000   0.71000000   138.17000000   25.71918424   99.74260405   1.28402907   -0.47513121   
5.72000000   183.64000000   0.71000000   138.17000000   25.72542163   99.76277835   1.57199532   -0.62844721   
5.72000000   183.64000000   0.71000000   138.17000000   25.72227884   99.75617816   1.81468716   -0.64722149   
5.72000000   183.64000000   0.71000000   138.17000000   25.70443191   99.73933506   1.48200379   -0.64123724   
5.72000000   183.64000000   0.71000000   138.17000000   25.71160312   99.72088928   1.40497657   -0.48406079   
5.72000000   183.64000000   0.71000000   138.17000000   25.73227790   99.73426438   1.73653345   -0.39250057   
5.72000000   183.64000000   0.71000000   138.17000000   25.72769911   99.72711078   2.04873405   -0.45600822   
5.72000000   183.64000000   0.71000000   138.17000000   25.72469839   99.73384907   1.81588871   -0.60030994   
5.72000000   183.64000000   0.71000000   138.17000000   25.74375755   99.73893664   1.36401827   -0.64314178   
5.72000000   183.64000000   0.71000000   138.17000000   25.73460107   99.75993512   1.40232456   -0.52250557   
5.72000000   183.64000000   0.71000000   138.17000000   25.75293285   99.74353649   1.81933773   -0.67122558   
5.72000000   183.64000000   0.71000000   138.17000000   25.76957057   99.71502103   1.65759919   -0.75093846   
5.72000000   183.64000000   0.71000000   138.17000000   25.76340282   99.72346153   1.14846824   -0.64962863   
5.72000000   183.64000000   0.71000000   138.17000000   25.76230223   99.72168115   1.45660462   -0.61921430   
5.72000000   183.64000000   0.71000000   138.17000000   25.76379795   99.74633234   1.00252605   -0.65541068   
5.72000000   183.64000000   0.71000000   138.17000000   25.75656398   99.73676180   1.52682750   -0.53726693   
5.72000000   183.64000000   0.71000000   138.17000000   25.73453428   99.72093546   1.03982924   -0.46391267   
5.72000000   183.64000000   0.71000000   138.17000000   25.71784285   99.75330417   1.45308075   -0.47871191   
5.72000000   183.64000000   0.71000000   138.17000000   25.71721284   99.74992251   1.33137304   -0.48055686   
5.72000000   183.64000000   0.71000000   138.17000000   25.72643874   99.72829859   1.59074750   -0.51754235   
5.72000000   183.64000000   0.71000000   138.17000000   25.72043072   99.72568783   1.19856367   -0.41643369   
5.72000000   183.64000000   0.71000000   138.17000000   25.73009287   99.74289120   1.49947286   -0.35339993   
5.72000000   183.64000000   0.71000000   138.17000000   25.72181957   99.74600463   1.55309620   -0.28017313   
5.72000000   183.64000000   0.71000000   138.17000000   25.73875892   99.73446290   1.74900954   -0.51629760   
5.72000000   183.64000000   0.71000000   138.17000000   25.73906105   99.71690480   1.06964269   -0.46103407   
5.72000000   183.64000000   0.71000000   138.17000000   25.71675909   99.72038002   1.44985784   -0.50874531   
5.72000000   183.64000000   0.71000000   138.17000000   25.73857867   99.72705554   1.20594370   -0.60353768   
5.72000000   183.64000000   0.71000000   138.17000000   25.73632420   99.75122452   1.12909071   -0.46304821   
5.72000000   183.64000000   0.71000000   138.17000000   25.73671242   99.74226815   1.53789714   -0.44310569   
5.72000000   183.64000000   0.71000000   138.17000000   25.72680252   99.72577732   1.61698824   -0.47028115   
5.72000000   183.64000000   0.71000000   138.17000000   25.72655933   99.73124375   1.89953956   -0.44931608   
5.72000000   183.64000000   0.71000000   138.17000000   25.71814794   99.73753525   1.32631187   -0.51156388   
5.72000000   183.64000000   0.71000000   138.17000000   25.71504519   99.72841308   1.30960461   -0.51520061   
5.72000000   183.64000000   0.71000000   138.17000000   25.70643136   99.72873288   1.25384780   -0.52032728   
5.72000000   183.64000000   0.71000000   138.17000000   25.70951094   99.71111443   1.54467629   -0.66880948   
5.72000000   183.64000000   0.71000000   138.17000000   25.72942083   99.71974472   2.27585677   -0.64475661   
5.72000000   183.64000000   0.71000000   138.17000000   25.72096966   99.70331120   1.88741622   -0.79552634   
5.72000000   183.64000000   0.71000000   138.17000000   25.71015045   99.71503025   1.57788788   -0.96842989   
5.72000000   183.64000000   0.71000000   138.17000000   25.73183099   99.71215418   1.93237252   -1.16636569   
5.72000000   183.64000000   0.71000000   138.17000000   25.75304401   99.71899809   2.87530738   -1.05138403   
5.72000000   183.64000000   0.71000000   138.17000000   25.74411646   99.72693583   3.12418315   -1.00551634   
5.72000000   183.64000000   0.71000000   138.17000000   25.73923911   99.73555837   2.93303417   -0.89227318   
5.72000000   183.64000000   0.71000000   138.17000000   25.72975812   99.74721944   2.42062514   -0.59800728   
5.72000000   183.64000000   0.71000000   138.17000000   25.72209382   99.70915713   1.29132093   -0.56279026   
5.72000000   183.64000000   0.71000000   138.17000000   25.74016778   99.70583980   1.62883722   -0.57008456   
5.72000000   183.64000000   0.71000000   138.17000000   25.74759216   99.74646613   1.55439732   -0.61247465   
5.72000000   183.64000000   0.71000000   138.17000000   25.75047547   99.74390429   1.60918816   -0.43558054   
5.72000000   183.64000000   0.71000000   138.17000000   25.72428489   99.74053265   1.07977628   -0.46675521   
5.72000000   183.64000000   0.71000000   138.17000000   25.72813665   99.73856102   1.35332707   -0.50766405   
5.72000000   183.64000000   0.71000000   138.17000000   25.72152309   99.72988451   2.10896652   -0.50745219   
5.72000000   183.64000000   0.71000000   138.17000000   25.73359346   99.72179245   1.74426945   -0.41314159   
5.72000000   183.64000000   0.71000000   138.17000000   25.74646198   99.72447825   1.73247055   -0.48613097   
5.72000000   183.64000000   0.71000000   138.17000000   25.73850081   99.74092018   1.32630787   -0.39242971   
5.72000000   183.64000000   0.71000000   138.17000000   25.75160913   99.73874706   1.08515080   -0.39419250   
5.72000000   183.64000000   0.71000000   138.17000000   25.75083781   99.73325542   1.14659234   -0.46519217   
5.72000000   183.64000000   0.71000000   138.17000000   25.75256214   99.72654193   1.41888576   -0.55546584   
5.72000000   183.64000000   0.71000000   138.17000000   25.74790464   99.72744708   1.44162583   -0.40123841   
5.72000000   183.64000000   0.71000000   138.17000000   25.73379168   99.75872323   1.37161739   -0.28702823   
5.72000000   183.64000000   0.71000000   138.17000000   25.72573111   99.74602729   1.32563035   -0.33205316   
5.72000000   183.64000000   0.71000000   138.17000000   25.74576927   99.75200969   1.03661791   -0.21375297   
5.72000000   183.64000000   0.71000000   138.17000000   25.73675779   99.76402601   1.14798096   -0.17041616   
5.72000000   183.64000000   0.71000000   138.17000000   25.73636112   99.74572710   1.37505943   -0.18084335   
5.72000000   183.64000000   0.71000000   138.17000000   25.74188640   99.73417719   1.37683641   -0.35621793   
5.72000000   183.64000000   0.71000000   138.17000000   25.73632306   99.74331090   1.64446378   -0.39667377   
5.72000000   183.64000000   0.71000000   138.17000000   25.74969029   99.75110681   1.63978669   -0.25917860   
5.72000000   183.64000000   0.71000000   138.17000000   25.74755536   99.76599268   1.46412169   -0.31902368   
5.72000000   183.64000000   0.71000000   138.17000000   25.73290936   99.76329458   1.60408678   -0.26248953   
5.72000000   183.64000000   0.71000000   138.17000000   25.71672491   99.73207594   1.79869218   -0.30106133   
5.72000000   183.64000000   0.71000000   138.17000000   25.71590271   99.72754798   1.73346084   -0.27238301   
5.72000000   183.64000000   0.71000000   138.17000000   25.71202269   99.74200967   2.10896322   -0.28068276   
5.72000000   183.64000000   0.71000000   138.17000000   25.70708508   99.72832727   1.01148400   -0.18385463   
5.72000000   183.64000000   0.71000000   138.17000000   25.73147959   99.73011835   1.74908671   -0.26880440   
5.72000000   183.64000000   0.71000000   138.17000000   25.73892483   99.73355027   1.50238601   -0.30843906   
5.72000000   183.64000000   0.71000000   138.17000000   25.73543103   99.73836501   1.46632277   -0.29011238   
5.72000000   183.64000000   0.71000000   138.17000000   25.72359548   99.73182964   1.38073550   -0.36718937   
5.72000000   183.64000000   0.71000000   138.17000000   25.73107340   99.74637681   1.74146374   -0.52383534   
5.72000000   183.64000000   0.71000000   138.17000000   25.72755118   99.76253850   1.31457116   -0.48045008   
5.72000000   183.64000000   0.71000000   138.17000000   25.73021696   99.77549504   1.66475727   -0.53062573   
5.72000000   183.64000000   0.71000000   138.17000000   25.73718286   99.75661126   1.65659082   -0.58758601   
5.72000000   183.64000000   0.71000000   138.17000000   25.74860078   99.75556217   1.96608999   -0.43616391   
5.72000000   183.64000000   0.71000000   138.17000000   25.74543130   99.74889940   2.43768233   -0.34444747   
5.72000000   183.64000000   0.71000000   138.17000000   25.72568443   99.70666328   2.51285855   -0.36983705   
5.72000000   183.64000000   0.71000000   138.17000000   25.72877374   99.73437824   1.92124379   -0.22959776   
5.72000000   183.64000000   0.71000000   138.17000000   25.73380706   99.75026038   2.12494741   -0.39359784   
5.72000000   183.64000000   0.71000000   138.17000000   25.74001658   99.74715952   1.97175537   -0.23475563   
5.72000000   183.64000000   0.71000000   138.17000000   25.70325334   99.76813907   1.00912769   -0.18386933   
5.72000000   183.64000000   0.71000000   138.17000000   25.72446536   99.76407095   1.37477689   -0.33031146   
5.72000000   183.64000000   0.71000000   138.17000000   25.73209192   99.76005569   1.77152956   -0.37099227   
5.72000000   183.64000000   0.71000000   138.17000000   25.72126711   99.75841055   1.94857635   -0.36083189   
5.72000000   183.64000000   0.71000000   138.17000000   25.73772615   99.74783306   1.71357799   -0.45104931   
5.72000000   183.64000000   0.71000000   138.17000000   25.73033497   99.76013060   1.34449422   -0.33778384   
5.72000000   183.64000000   0.71000000   138.17000000   25.71144254   99.76373698   1.21331460   -0.30347487   
5.72000000   183.64000000   0.71000000   138.17000000   25.72350605   99.75944650   1.49173107   -0.38671643   
5.72000000   183.64000000   0.71000000   138.17000000   25.72547725   99.77316842   1.01084225   -0.41515508   
5.72000000   183.64000000   0.71000000   138.17000000   25.74752713   99.77972686   1.12527376   -0.24202149   
5.72000000   183.64000000   0.71000000   138.17000000   25.75353522   99.76170246   1.21945798   -0.11487785   
5.72000000   183.64000000   0.71000000   138.17000000   25.74529378   99.73510769   1.62699420   -0.13914472   
5.72000000   183.64000000   0.71000000   138.17000000   25.74380002   99.73546011   1.70522877   -0.24163599   
5.72000000   183.64000000   0.71000000   138.17000000   25.74557984   99.72822185   1.01457633   -0.08981378   
5.72000000   183.64000000   0.71000000   138.17000000   25.73374281   99.73150610   1.03863720   -0.01284046   
5.72000000   183.64000000   0.71000000   138.17000000   25.73448711   99.73808719   1.06145214   0.00825708   
