1239.68517167   
1206.42893566   
1167.24731338   
1162.66367493   
1129.81973221   
1081.42998767   
1056.26098538   
1053.97312758   
1030.42945797   
945.60283695   
944.39925034   
906.91573782   
857.57489113   
858.48718553   
816.72128496   
787.09934005   
778.27194150   
754.51069777   
743.73802001   
709.97851930   
694.59198571   
684.09177738   
676.61472816   
665.46989645   
653.80093543   
649.27973844   
644.70538788   
640.18385339   
638.27878019   
636.37841732   
631.86528457   
624.12036044   
618.97244758   
618.01001490   
615.02765818   
613.58109437   
608.62090254   
609.46671172   
609.23731027   
605.43720310   
604.13698281   
604.99475463   
599.93318608   
598.04178521   
596.63847556   
592.48060756   
591.57353053   
585.97371127   
588.07583605   
591.60098657   
595.69414386   
595.11559664   
593.03069387   
596.53488408   
585.44410650   
583.16583588   
585.67257391   
583.45329684   
586.32852730   
586.39484639   
584.25416261   
586.46228096   
588.40379909   
583.11424861   
580.22775244   
579.92965743   
578.72436106   
580.10894409   
577.99165220   
577.53621697   
578.40441347   
579.61446412   
580.17693288   
579.40602345   
580.33670886   
580.49552430   
579.55676601   
579.41322805   
576.78145099   
576.42305061   
576.86346100   
580.66637737   
583.15507064   
578.37037646   
578.49522904   
577.06354613   
582.28714862   
580.05199159   
579.02247262   
576.13732580   
573.75266472   
571.35693238   
574.00089251   
572.23107801   
570.93389284   
569.02935784   
568.60147676   
567.67245160   
569.40810277   
568.59018868   
568.06907224   
567.48792146   
563.54344784   
564.59573840   
566.11355644   
566.36075268   
567.20189237   
566.37025140   
566.58437523   
563.87092006   
562.37711367   
559.98957682   
560.92810940   
560.98680616   
562.04570110   
560.45215073   
561.93698509   
562.28224948   
560.78301439   
563.47847081   
566.28230983   
566.12255495   
566.49131455   
564.52852626   
565.03614264   
568.46731513   
566.67863597   
562.79983282   
565.03450917   
559.31040037   
558.26761613   
559.55784351   
556.87182122   
556.23531448   
554.72313799   
555.23589697   
557.78741789   
552.63038700   
552.19188342   
554.30904834   
551.86424391   
550.98792481   
551.53186837   
545.45883215   
538.80811190   
538.32882499   
539.29899646   
537.23427703   
539.67094321   
536.45711702   
539.86857629   
540.87727997   
541.47766401   
534.09427767   
522.82087231   
516.80449772   
520.37056310   
520.61601361   
519.30669861   
519.01148501   
520.12197112   
518.28061378   
518.86917685   
524.19540554   
523.04336654   
525.08249141   
527.94680326   
527.56461552   
526.71018953   
526.81244350   
525.22926228   
526.24053483   
524.28272774   
525.08177540   
521.05555819   
525.49383699   
525.80127427   
520.78513453   
521.33827594   
519.80764663   
517.69806198   
519.62466406   
516.58537178   
518.46491372   
517.16976212   
518.72855367   
519.91151021   
519.88716703   
520.10252562   
518.67669226   
521.07820728   
522.91686378   
522.37973542   
521.61449824   
519.72238635   
524.03973568   
527.51351669   
523.70587576   
522.44958911   
523.24840912   
518.92470950   
519.72202752   
518.53281359   
520.87307765   
520.49022975   
522.60024864   
527.55491208   
523.50435213   
522.34742435   
524.05326400   
524.17532372   
522.77261409   
520.32899375   
521.24168137   
522.48521481   
521.54481459   
520.04243722   
518.67237595   
517.80058512   
517.77567447   
517.18441140   
523.08484983   
523.23067678   
525.24181639   
523.37946206   
523.22687633   
523.72308213   
527.06934486   
527.45272542   
523.94363876   
524.43012883   
523.58791910   
524.51882010   
524.67500447   
524.44358557   
523.49106110   
524.08562340   
519.77298984   
521.19933753   
523.58908428   
521.45303691   
520.79776257   
520.26804423   
521.38316342   
519.85473165   
521.14021458   
521.12217597   
526.93423932   
531.73545872   
530.41850026   
523.17958169   
522.19072515   
520.09037096   
518.32092974   
520.40232966   
520.60188683   
520.60112284   
524.96612886   
522.24123505   
524.26309220   
522.52369823   
527.55345012   
525.38184165   
525.60617381   
526.30037740   
524.06450470   
522.35656266   
519.65577671   
518.37016163   
521.58069814   
520.31094116   
522.00297124   
521.91077464   
522.25962394   
522.96105491   
524.49546119   
522.54782178   
522.63851016   
522.81721291   
519.98869478   
520.33128595   
517.58333229   
519.08651547   
517.15621121   
517.67486913   
518.89618507   
519.36147091   
523.78309889   
524.69131471   
526.30703929   
520.92072958   
518.68048010   
521.62217048   
520.47752462   
519.14269247   
517.04649111   
516.34500722   
516.10125022   
518.51997662   
519.57378235   
516.80198266   
522.14603093   
526.92919426   
521.74388635   
520.97828235   
522.90996717   
521.86820510   
522.61856089   
518.60408217   
520.41303844   
519.44928415   
521.72625373   
519.31253284   
519.14579621   
516.18851020   
517.15682740   
522.68139755   
517.19006567   
519.05761430   
519.09036840   
517.17175554   
519.34944647   
520.40528704   
515.85406421   
520.04462921   
520.61441359   
519.39336674   
521.03404029   
522.10688611   
521.98649223   
522.18693973   
523.41279023   
522.81379624   
523.97149903   
522.75664513   
525.37704528   
525.03391662   
525.38982102   
528.60233904   
518.77262986   
517.99011788   
519.05197842   
518.83820959   
523.72640557   
524.57944136   
523.30406953   
525.32098339   
527.30816232   
521.39864577   
517.24370682   
515.97360075   
516.12220884   
517.30079143   
522.18235771   
521.31482965   
519.71011956   
519.51260578   
517.84612370   
516.13908563   
520.07903896   
519.82010867   
516.53717206   
519.12563487   
519.14251675   
520.37016355   
524.55961242   
521.73801175   
523.62977478   
521.05920956   
521.63132379   
521.76314133   
517.66347102   
519.07650766   
519.14171839   
520.30676462   
524.59248046   
516.82311869   
516.67882235   
519.19198085   
522.48814670   
517.35059719   
516.44815532   
517.10912861   
519.05055505   
516.83017705   
521.85375738   
519.34846494   
521.65511534   
524.08610751   
525.03311831   
521.66724630   
519.16726133   
521.10421989   
524.86083496   
525.08853260   
521.14368210   
520.41232383   
522.49847382   
524.43268672   
524.41974003   
523.62660730   
523.40657573   
521.11469367   
522.45321814   
522.76463475   
520.73522700   
522.40597281   
521.48297937   
520.75090807   
521.90598131   
519.40252937   
524.57393361   
518.33428438   
517.69547464   
