7.90000000   168.10000000   45.80000000   -130.22000000   25.49212866   99.79686392   27.66420168   0.51331120   
7.90000000   168.10000000   45.80000000   -130.22000000   25.51393538   99.79974696   27.51553266   0.38267128   
7.90000000   168.10000000   45.80000000   -130.22000000   25.50466205   99.76913553   26.99303437   0.36822993   
7.90000000   168.10000000   45.80000000   -130.22000000   25.49883097   99.75440021   26.48749848   0.26958006   
7.90000000   168.10000000   45.80000000   -130.22000000   25.51160172   99.76339291   26.17677773   0.26916158   
7.90000000   168.10000000   45.80000000   -130.22000000   25.52828978   99.74867119   25.97778383   0.18602175   
7.90000000   168.10000000   45.80000000   -130.22000000   25.53718660   99.74378193   25.91818018   0.16172375   
7.90000000   168.10000000   45.80000000   -130.22000000   25.53499964   99.72904113   26.25715480   0.17328669   
7.90000000   168.10000000   45.80000000   -130.22000000   25.53479553   99.71225191   26.13479311   0.11771010   
7.90000000   168.10000000   45.80000000   -130.22000000   25.56688978   99.70995474   25.46942251   0.16281718   
7.90000000   168.10000000   45.80000000   -130.22000000   25.58023011   99.72117751   26.14718330   0.11432874   
7.90000000   168.10000000   45.80000000   -130.22000000   25.58383513   99.70490569   25.63478482   0.17556341   
7.90000000   168.10000000   45.80000000   -130.22000000   25.61361440   99.71428496   24.99604370   0.12083854   
7.90000000   168.10000000   45.80000000   -130.22000000   25.61723188   99.71323751   24.61551076   -0.05147583   
7.90000000   168.10000000   45.80000000   -130.22000000   25.64659022   99.72563579   24.04144932   -0.04536074   
7.90000000   168.10000000   45.80000000   -130.22000000   25.68687633   99.73980288   23.47187946   -0.15548940   
7.90000000   168.10000000   45.80000000   -130.22000000   25.68158810   99.72295557   23.87233803   -0.12642778   
7.90000000   168.10000000   45.80000000   -130.22000000   25.67490356   99.70152443   23.26765973   -0.09578931   
7.90000000   168.10000000   45.80000000   -130.22000000   25.70077241   99.71240806   23.34584630   -0.16267178   
7.90000000   168.10000000   45.80000000   -130.22000000   25.72178336   99.71461573   22.73564921   -0.16547090   
7.90000000   168.10000000   45.80000000   -130.22000000   25.74837368   99.70548694   23.70211972   -0.09517166   
7.90000000   168.10000000   45.80000000   -130.22000000   25.76519512   99.71024651   23.87820256   0.06202371   
7.90000000   168.10000000   45.80000000   -130.22000000   25.76042351   99.70758235   23.43523961   0.07441787   
7.90000000   168.10000000   45.80000000   -130.22000000   25.76093052   99.70757525   22.72060292   0.05735525   
7.90000000   168.10000000   45.80000000   -130.22000000   25.78614869   99.70573578   23.06837315   0.22167613   
7.90000000   168.10000000   45.80000000   -130.22000000   25.77843787   99.70173149   23.16445854   0.28482781   
7.90000000   168.10000000   45.80000000   -130.22000000   25.79101480   99.71348153   22.63083432   0.35796149   
7.90000000   168.10000000   45.80000000   -130.22000000   25.79757820   99.71761442   22.14070417   0.42176146   
7.90000000   168.10000000   45.80000000   -130.22000000   25.78051742   99.70176237   22.38520486   0.36730043   
7.90000000   168.10000000   45.80000000   -130.22000000   25.76796351   99.70466132   21.80242524   0.44188242   
7.90000000   168.10000000   45.80000000   -130.22000000   25.76617059   99.71260359   22.24960595   0.67453085   
7.90000000   168.10000000   45.80000000   -130.22000000   25.79196447   99.70414753   22.13083427   0.65891022   
7.90000000   168.10000000   45.80000000   -130.22000000   25.78587735   99.70879632   21.17317315   0.71225359   
7.90000000   168.10000000   45.80000000   -130.22000000   25.77863905   99.70679019   21.08794277   0.76720503   
7.90000000   168.10000000   45.80000000   -130.22000000   25.77597879   99.70858437   20.97439243   0.91470861   
7.90000000   168.10000000   45.80000000   -130.22000000   25.77586875   99.70311024   20.30542089   0.70225948   
7.90000000   168.10000000   45.80000000   -130.22000000   25.78543148   99.70036233   19.95557489   0.76407330   
7.90000000   168.10000000   45.80000000   -130.22000000   25.78607460   99.70717995   19.87975984   0.78980702   
7.90000000   168.10000000   45.80000000   -130.22000000   25.76920711   99.71158207   19.65235025   0.74417214   
7.90000000   168.10000000   45.80000000   -130.22000000   25.77753466   99.70906809   18.77339898   0.72502384   
7.90000000   168.10000000   45.80000000   -130.22000000   25.75762353   99.71381251   18.63590198   0.74461152   
7.90000000   168.10000000   45.80000000   -130.22000000   25.75532753   99.70073794   18.77524955   0.78576989   
7.90000000   168.10000000   45.80000000   -130.22000000   25.75139542   99.70593681   18.01417472   0.84778143   
7.90000000   168.10000000   45.80000000   -130.22000000   25.79235259   99.72192283   16.77549544   0.88330626   
7.90000000   168.10000000   45.80000000   -130.22000000   25.77598478   99.71814956   16.78618721   0.80396603   
7.90000000   168.10000000   45.80000000   -130.22000000   25.78514561   99.72413098   15.93791534   0.89895878   
7.90000000   168.10000000   45.80000000   -130.22000000   25.76566929   99.73661041   15.28565278   0.92330646   
7.90000000   168.10000000   45.80000000   -130.22000000   25.76420892   99.71702293   14.82561974   1.06528584   
7.90000000   168.10000000   45.80000000   -130.22000000   25.77703490   99.71558236   15.05246679   1.15634565   
7.90000000   168.10000000   45.80000000   -130.22000000   25.77680934   99.72214267   15.81348875   1.06457433   
7.90000000   168.10000000   45.80000000   -130.22000000   25.76858366   99.74145223   16.14783404   1.06477413   
7.90000000   168.10000000   45.80000000   -130.22000000   25.78513341   99.73207105   15.94890190   1.01030625   
7.90000000   168.10000000   45.80000000   -130.22000000   25.78769806   99.72133885   15.46901914   1.10831530   
7.90000000   168.10000000   45.80000000   -130.22000000   25.81401855   99.70685337   15.01294461   0.84324787   
7.90000000   168.10000000   45.80000000   -130.22000000   25.78578856   99.71417009   14.58936963   0.70971467   
7.90000000   168.10000000   45.80000000   -130.22000000   25.77789170   99.70714472   14.37480689   0.64069438   
7.90000000   168.10000000   45.80000000   -130.22000000   25.79843593   99.70271731   14.62218056   0.64382646   
7.90000000   168.10000000   45.80000000   -130.22000000   25.78258913   99.71057426   14.51704916   0.61087022   
7.90000000   168.10000000   45.80000000   -130.22000000   25.75857982   99.72689091   14.72501787   0.61910330   
7.90000000   168.10000000   45.80000000   -130.22000000   25.73350911   99.72826169   14.09522705   0.62304615   
7.90000000   168.10000000   45.80000000   -130.22000000   25.76024986   99.73256544   13.78777484   0.62478525   
7.90000000   168.10000000   45.80000000   -130.22000000   25.79731560   99.71988416   14.17600612   0.65059085   
7.90000000   168.10000000   45.80000000   -130.22000000   25.78332123   99.73480288   14.73479968   0.78960510   
7.90000000   168.10000000   45.80000000   -130.22000000   25.76860179   99.73388126   14.07397913   0.73797572   
7.90000000   168.10000000   45.80000000   -130.22000000   25.75129216   99.72109695   13.98977287   0.76764315   
7.90000000   168.10000000   45.80000000   -130.22000000   25.75488024   99.71801211   13.64541701   0.96947289   
7.90000000   168.10000000   45.80000000   -130.22000000   25.74494077   99.71425759   13.61131049   0.86168639   
7.90000000   168.10000000   45.80000000   -130.22000000   25.73740066   99.72023009   13.63181082   0.98187151   
7.90000000   168.10000000   45.80000000   -130.22000000   25.74659054   99.72018178   13.08052720   0.86236209   
7.90000000   168.10000000   45.80000000   -130.22000000   25.74606220   99.71380654   13.58640248   0.83682663   
7.90000000   168.10000000   45.80000000   -130.22000000   25.74824411   99.70865942   13.34644970   0.77277903   
7.90000000   168.10000000   45.80000000   -130.22000000   25.73635745   99.71527685   13.72064030   0.71716738   
7.90000000   168.10000000   45.80000000   -130.22000000   25.75896759   99.72356402   13.32889755   0.57323717   
7.90000000   168.10000000   45.80000000   -130.22000000   25.78359649   99.71422830   13.04889987   0.69072826   
7.90000000   168.10000000   45.80000000   -130.22000000   25.79670790   99.71886253   12.64819905   0.70645690   
7.90000000   168.10000000   45.80000000   -130.22000000   25.77832851   99.72773593   13.23509732   0.70856118   
7.90000000   168.10000000   45.80000000   -130.22000000   25.77931424   99.73116282   12.83744951   0.76996937   
7.90000000   168.10000000   45.80000000   -130.22000000   25.78287162   99.72274382   12.80903102   0.77551657   
7.90000000   168.10000000   45.80000000   -130.22000000   25.75839097   99.73623221   12.68961617   0.78417446   
7.90000000   168.10000000   45.80000000   -130.22000000   25.76603165   99.71969703   12.62584059   0.88652568   
7.90000000   168.10000000   45.80000000   -130.22000000   25.76761425   99.72039878   12.50567132   0.91478836   
7.90000000   168.10000000   45.80000000   -130.22000000   25.76659109   99.74357639   12.42326674   1.03151223   
7.90000000   168.10000000   45.80000000   -130.22000000   25.73091930   99.76249677   12.11221069   1.10076766   
7.90000000   168.10000000   45.80000000   -130.22000000   25.73867250   99.75403603   11.59005984   1.14536465   
7.90000000   168.10000000   45.80000000   -130.22000000   25.74673448   99.75600582   11.69681607   1.13049844   
7.90000000   168.10000000   45.80000000   -130.22000000   25.75200176   99.74377612   11.54955931   1.18267920   
7.90000000   168.10000000   45.80000000   -130.22000000   25.74576894   99.77128244   11.40321057   1.18495384   
7.90000000   168.10000000   45.80000000   -130.22000000   25.74119118   99.75052159   11.80169075   1.20332987   
7.90000000   168.10000000   45.80000000   -130.22000000   25.72881957   99.77001545   10.94112755   1.12223883   
7.90000000   168.10000000   45.80000000   -130.22000000   25.73254257   99.75738126   10.99927930   1.08534007   
7.90000000   168.10000000   45.80000000   -130.22000000   25.71224541   99.73734218   10.83015496   1.03155009   
7.90000000   168.10000000   45.80000000   -130.22000000   25.71946590   99.75611683   9.92020145   1.00439537   
7.90000000   168.10000000   45.80000000   -130.22000000   25.70014038   99.73562952   10.07156122   1.03618236   
7.90000000   168.10000000   45.80000000   -130.22000000   25.71120328   99.75731560   9.96859289   0.97344407   
7.90000000   168.10000000   45.80000000   -130.22000000   25.71615532   99.72364217   9.91021381   0.97254879   
7.90000000   168.10000000   45.80000000   -130.22000000   25.72316795   99.74629863   10.11586163   1.04000394   
7.90000000   168.10000000   45.80000000   -130.22000000   25.74730151   99.71773926   10.15715052   0.94026748   
7.90000000   168.10000000   45.80000000   -130.22000000   25.73663255   99.73173431   10.50613588   0.92567115   
7.90000000   168.10000000   45.80000000   -130.22000000   25.71308359   99.74250312   10.11654003   0.96392873   
7.90000000   168.10000000   45.80000000   -130.22000000   25.71332341   99.74362078   9.36987734   1.07103063   
7.90000000   168.10000000   45.80000000   -130.22000000   25.71009527   99.75362276   9.12494568   0.91523219   
7.90000000   168.10000000   45.80000000   -130.22000000   25.71762231   99.75398610   9.30656681   0.82420540   
7.90000000   168.10000000   45.80000000   -130.22000000   25.73214443   99.75290161   9.11843472   0.77897656   
7.90000000   168.10000000   45.80000000   -130.22000000   25.74660727   99.73163125   9.92729668   0.74096409   
7.90000000   168.10000000   45.80000000   -130.22000000   25.73904840   99.70957737   9.23982800   0.79603627   
7.90000000   168.10000000   45.80000000   -130.22000000   25.72794894   99.71111125   9.31607812   0.77816281   
7.90000000   168.10000000   45.80000000   -130.22000000   25.70898244   99.72362043   9.46141391   0.74100455   
7.90000000   168.10000000   45.80000000   -130.22000000   25.70878107   99.72661443   9.04799311   0.79231511   
7.90000000   168.10000000   45.80000000   -130.22000000   25.69610698   99.72312144   8.52965815   0.64821143   
7.90000000   168.10000000   45.80000000   -130.22000000   25.71626910   99.71559327   9.31696369   0.41480536   
7.90000000   168.10000000   45.80000000   -130.22000000   25.73168167   99.71997494   9.28963886   0.38427158   
7.90000000   168.10000000   45.80000000   -130.22000000   25.74297903   99.74285229   8.76117623   0.44973816   
7.90000000   168.10000000   45.80000000   -130.22000000   25.74498078   99.74571763   8.79444266   0.43227508   
7.90000000   168.10000000   45.80000000   -130.22000000   25.72199689   99.74815511   8.67760892   0.45670197   
7.90000000   168.10000000   45.80000000   -130.22000000   25.73185161   99.71044704   9.58505519   0.43087704   
7.90000000   168.10000000   45.80000000   -130.22000000   25.73555684   99.72438447   9.07918738   0.17721843   
7.90000000   168.10000000   45.80000000   -130.22000000   25.73114568   99.71279750   9.61207986   0.21610315   
7.90000000   168.10000000   45.80000000   -130.22000000   25.74351886   99.72562754   9.52510884   0.15730837   
7.90000000   168.10000000   45.80000000   -130.22000000   25.76469164   99.73763751   9.06698460   0.23314758   
7.90000000   168.10000000   45.80000000   -130.22000000   25.75772092   99.74028998   9.01891909   0.05884097   
7.90000000   168.10000000   45.80000000   -130.22000000   25.77671742   99.74551297   8.56439672   -0.00697757   
7.90000000   168.10000000   45.80000000   -130.22000000   25.79288883   99.70965877   8.77448017   -0.13988947   
7.90000000   168.10000000   45.80000000   -130.22000000   25.77592416   99.74627340   8.55743246   -0.09862675   
7.90000000   168.10000000   45.80000000   -130.22000000   25.76242788   99.74228626   8.69832651   -0.11197936   
7.90000000   168.10000000   45.80000000   -130.22000000   25.76449435   99.74359976   8.63987168   -0.04235487   
7.90000000   168.10000000   45.80000000   -130.22000000   25.77089735   99.73025422   9.63188963   -0.06680607   
7.90000000   168.10000000   45.80000000   -130.22000000   25.75049770   99.70875614   10.03084190   -0.06130989   
7.90000000   168.10000000   45.80000000   -130.22000000   25.76670100   99.70265891   9.66061286   -0.05833041   
7.90000000   168.10000000   45.80000000   -130.22000000   25.75780437   99.70674308   9.91920208   -0.02358387   
7.90000000   168.10000000   45.80000000   -130.22000000   25.73667551   99.70622325   8.75161663   0.15768544   
7.90000000   168.10000000   45.80000000   -130.22000000   25.72848820   99.70629834   8.56205591   0.00988771   
7.90000000   168.10000000   45.80000000   -130.22000000   25.75283731   99.71224143   8.77681005   0.12786097   
7.90000000   168.10000000   45.80000000   -130.22000000   25.76112119   99.70605146   8.43674454   0.06910081   
7.90000000   168.10000000   45.80000000   -130.22000000   25.74576935   99.71467729   8.26584490   0.01576710   
7.90000000   168.10000000   45.80000000   -130.22000000   25.72946893   99.71280708   7.90034985   0.07595660   
7.90000000   168.10000000   45.80000000   -130.22000000   25.71774845   99.73384595   7.48356094   0.08309846   
7.90000000   168.10000000   45.80000000   -130.22000000   25.71947029   99.73380223   8.24867859   0.15868759   
7.90000000   168.10000000   45.80000000   -130.22000000   25.71773501   99.71802891   7.48458068   0.24095203   
7.90000000   168.10000000   45.80000000   -130.22000000   25.74270041   99.71961264   7.42103289   0.32745652   
7.90000000   168.10000000   45.80000000   -130.22000000   25.74591976   99.74937194   7.55970558   0.24301421   
7.90000000   168.10000000   45.80000000   -130.22000000   25.76617902   99.73525435   7.23985000   0.18625948   
7.90000000   168.10000000   45.80000000   -130.22000000   25.77237492   99.71930689   6.70557596   0.13597632   
7.90000000   168.10000000   45.80000000   -130.22000000   25.77969738   99.74226891   6.09414653   0.02481730   
7.90000000   168.10000000   45.80000000   -130.22000000   25.76636420   99.74864215   4.83026715   0.14014689   
7.90000000   168.10000000   45.80000000   -130.22000000   25.76605469   99.72719156   4.43713950   -0.14501886   
7.90000000   168.10000000   45.80000000   -130.22000000   25.76492398   99.74102936   4.16738285   0.02489863   
7.90000000   168.10000000   45.80000000   -130.22000000   25.76401078   99.72939304   4.08349776   0.00485196   
7.90000000   168.10000000   45.80000000   -130.22000000   25.75318017   99.74687197   4.14162416   0.05908118   
7.90000000   168.10000000   45.80000000   -130.22000000   25.74294862   99.76101118   4.32878969   0.01729707   
7.90000000   168.10000000   45.80000000   -130.22000000   25.73229645   99.74021743   4.60329252   -0.05329931   
7.90000000   168.10000000   45.80000000   -130.22000000   25.74321430   99.77161992   4.15890646   0.09704279   
7.90000000   168.10000000   45.80000000   -130.22000000   25.72227105   99.76700690   3.89286023   -0.20515991   
7.90000000   168.10000000   45.80000000   -130.22000000   25.69439824   99.77363917   2.88371239   -0.19330740   
7.90000000   168.10000000   45.80000000   -130.22000000   25.70338263   99.78491982   1.93333401   -0.20508972   
7.90000000   168.10000000   45.80000000   -130.22000000   25.71301749   99.76769922   1.33888648   -0.24536000   
7.90000000   168.10000000   45.80000000   -130.22000000   25.71426739   99.74784492   1.10855116   -0.30853183   
7.90000000   168.10000000   45.80000000   -130.22000000   25.74496233   99.73623754   1.41577889   -0.39156489   
7.90000000   168.10000000   45.80000000   -130.22000000   25.73194042   99.72513220   1.48448139   -0.48311544   
7.90000000   168.10000000   45.80000000   -130.22000000   25.73484503   99.72654033   1.59994956   -0.60738582   
7.90000000   168.10000000   45.80000000   -130.22000000   25.73094684   99.72294921   1.22323170   -0.40710139   
7.90000000   168.10000000   45.80000000   -130.22000000   25.73519285   99.71797649   1.20298103   -0.52638846   
7.90000000   168.10000000   45.80000000   -130.22000000   25.71681274   99.72236498   1.01667237   -0.45779620   
7.90000000   168.10000000   45.80000000   -130.22000000   25.73829953   99.72676357   1.66225459   -0.53215306   
7.90000000   168.10000000   45.80000000   -130.22000000   25.74011914   99.71118557   2.15723795   -0.48126836   
7.90000000   168.10000000   45.80000000   -130.22000000   25.73423910   99.71635014   2.10045565   -0.46261399   
7.90000000   168.10000000   45.80000000   -130.22000000   25.71083858   99.72367795   2.18583151   -0.56356889   
7.90000000   168.10000000   45.80000000   -130.22000000   25.73077642   99.71720634   2.47977869   -0.75949515   
7.90000000   168.10000000   45.80000000   -130.22000000   25.73665568   99.70885788   2.34404982   -0.76075487   
7.90000000   168.10000000   45.80000000   -130.22000000   25.75125215   99.74196854   2.13092816   -0.80625448   
7.90000000   168.10000000   45.80000000   -130.22000000   25.77089225   99.71433450   1.66062311   -0.82544953   
7.90000000   168.10000000   45.80000000   -130.22000000   25.75291311   99.71037730   1.87485295   -0.71578473   
7.90000000   168.10000000   45.80000000   -130.22000000   25.71895942   99.71783877   2.14376150   -0.86682284   
7.90000000   168.10000000   45.80000000   -130.22000000   25.71470780   99.71649582   1.71782880   -0.91214062   
7.90000000   168.10000000   45.80000000   -130.22000000   25.74416281   99.71681076   1.80033734   -0.92662839   
7.90000000   168.10000000   45.80000000   -130.22000000   25.73303950   99.71713481   1.69871730   -0.86244968   
7.90000000   168.10000000   45.80000000   -130.22000000   25.70908650   99.73112861   1.56872514   -0.86767245   
7.90000000   168.10000000   45.80000000   -130.22000000   25.73022926   99.75153443   1.54809122   -0.88738296   
7.90000000   168.10000000   45.80000000   -130.22000000   25.72473241   99.74820685   1.16419871   -0.87454193   
7.90000000   168.10000000   45.80000000   -130.22000000   25.73961995   99.73822411   1.62288284   -0.83775397   
7.90000000   168.10000000   45.80000000   -130.22000000   25.74269276   99.72310759   1.43058819   -0.68284623   
7.90000000   168.10000000   45.80000000   -130.22000000   25.74635376   99.74409738   1.22900098   -0.54090110   
7.90000000   168.10000000   45.80000000   -130.22000000   25.73915048   99.73865688   1.28930862   -0.58527122   
7.90000000   168.10000000   45.80000000   -130.22000000   25.72797335   99.74261692   1.12926067   -0.57442637   
7.90000000   168.10000000   45.80000000   -130.22000000   25.71620946   99.72129181   1.04281083   -0.59216540   
7.90000000   168.10000000   45.80000000   -130.22000000   25.73198566   99.74444693   1.02976089   -0.60300470   
7.90000000   168.10000000   45.80000000   -130.22000000   25.72078149   99.75816883   1.21559829   -0.52730117   
7.90000000   168.10000000   45.80000000   -130.22000000   25.73527882   99.75560280   1.62206131   -0.37311698   
7.90000000   168.10000000   45.80000000   -130.22000000   25.72361305   99.73693907   1.40067626   -0.27085060   
7.90000000   168.10000000   45.80000000   -130.22000000   25.71555147   99.74416751   1.36413178   -0.19111263   
7.90000000   168.10000000   45.80000000   -130.22000000   25.72391570   99.75632525   1.17655151   -0.16996056   
7.90000000   168.10000000   45.80000000   -130.22000000   25.70720992   99.73935427   1.24500733   -0.05056935   
7.90000000   168.10000000   45.80000000   -130.22000000   25.70495210   99.74296447   1.28883766   -0.07038275   
7.90000000   168.10000000   45.80000000   -130.22000000   25.69259365   99.76157815   1.06380118   0.00965879   
7.90000000   168.10000000   45.80000000   -130.22000000   25.70516408   99.76296911   1.23665285   0.04020119   
7.90000000   168.10000000   45.80000000   -130.22000000   25.71457986   99.76231307   1.11911938   -0.12333574   
7.90000000   168.10000000   45.80000000   -130.22000000   25.69908872   99.78091946   1.05643036   -0.02039748   
7.90000000   168.10000000   45.80000000   -130.22000000   25.69397946   99.77602960   1.41654336   0.01596389   
7.90000000   168.10000000   45.80000000   -130.22000000   25.69905036   99.76307374   1.40301746   -0.05465866   
7.90000000   168.10000000   45.80000000   -130.22000000   25.72106069   99.76721749   1.62144931   -0.01094137   
7.90000000   168.10000000   45.80000000   -130.22000000   25.70792060   99.76558314   1.32618779   -0.02817864   
7.90000000   168.10000000   45.80000000   -130.22000000   25.70654226   99.75068565   1.23797381   -0.08098752   
7.90000000   168.10000000   45.80000000   -130.22000000   25.70573776   99.75796208   1.06549707   -0.17081610   
7.90000000   168.10000000   45.80000000   -130.22000000   25.72985836   99.76358676   1.00019106   -0.18564527   
7.90000000   168.10000000   45.80000000   -130.22000000   25.72097280   99.76093691   1.40176828   -0.24959679   
7.90000000   168.10000000   45.80000000   -130.22000000   25.73112656   99.75399091   1.72778338   -0.15495509   
7.90000000   168.10000000   45.80000000   -130.22000000   25.72572805   99.76764082   1.28620124   -0.15947438   
7.90000000   168.10000000   45.80000000   -130.22000000   25.74366312   99.78656384   1.22324901   -0.19558424   
7.90000000   168.10000000   45.80000000   -130.22000000   25.71541378   99.76984674   1.40179086   -0.31699565   
7.90000000   168.10000000   45.80000000   -130.22000000   25.71718648   99.78083689   1.04976317   -0.16079778   
7.90000000   168.10000000   45.80000000   -130.22000000   25.73938414   99.77984907   1.08098243   -0.08101700   
7.90000000   168.10000000   45.80000000   -130.22000000   25.72210225   99.76290179   1.81535795   -0.08096594   
7.90000000   168.10000000   45.80000000   -130.22000000   25.71523700   99.74786726   1.77031230   -0.11495622   
7.90000000   168.10000000   45.80000000   -130.22000000   25.72184508   99.73640664   1.31451970   -0.15706952   
7.90000000   168.10000000   45.80000000   -130.22000000   25.71615536   99.75492331   1.43117938   -0.18757314   
7.90000000   168.10000000   45.80000000   -130.22000000   25.70825718   99.73473501   1.27040185   -0.17062431   
7.90000000   168.10000000   45.80000000   -130.22000000   25.73834375   99.75620703   1.25648069   -0.18927063   
7.90000000   168.10000000   45.80000000   -130.22000000   25.73293913   99.73163520   1.01736467   -0.20748779   
7.90000000   168.10000000   45.80000000   -130.22000000   25.72930427   99.74226455   1.09740412   -0.26917057   
7.90000000   168.10000000   45.80000000   -130.22000000   25.70839453   99.74628172   1.16642428   -0.29171723   
7.90000000   168.10000000   45.80000000   -130.22000000   25.73222482   99.75387839   1.10780539   -0.27084436   
7.90000000   168.10000000   45.80000000   -130.22000000   25.72389938   99.75226707   1.21633562   -0.26520403   
7.90000000   168.10000000   45.80000000   -130.22000000   25.72282956   99.73157548   1.68340586   -0.08252234   
7.90000000   168.10000000   45.80000000   -130.22000000   25.72084988   99.74048581   1.81385334   -0.10785070   
7.90000000   168.10000000   45.80000000   -130.22000000   25.71612674   99.77942113   1.73726511   -0.03191664   
7.90000000   168.10000000   45.80000000   -130.22000000   25.73514620   99.75831518   1.19461045   0.08176234   
7.90000000   168.10000000   45.80000000   -130.22000000   25.70070326   99.76820760   1.20786166   0.14785294   
7.90000000   168.10000000   45.80000000   -130.22000000   25.72004630   99.76683971   1.32318844   0.11127093   
7.90000000   168.10000000   45.80000000   -130.22000000   25.71099315   99.78344689   1.40943826   0.13105908   
7.90000000   168.10000000   45.80000000   -130.22000000   25.70661442   99.75849681   1.97606712   0.16686791   
7.90000000   168.10000000   45.80000000   -130.22000000   25.71769272   99.76609911   1.34711553   0.10142146   
7.90000000   168.10000000   45.80000000   -130.22000000   25.71884102   99.75317885   1.44140564   0.09328733   
7.90000000   168.10000000   45.80000000   -130.22000000   25.72917778   99.76008278   1.68408113   0.08901467   
7.90000000   168.10000000   45.80000000   -130.22000000   25.73081909   99.75117733   2.18012764   0.00526527   
7.90000000   168.10000000   45.80000000   -130.22000000   25.72015404   99.74296025   2.15994227   -0.04222172   
7.90000000   168.10000000   45.80000000   -130.22000000   25.71974871   99.74346526   1.85879727   -0.03288009   
7.90000000   168.10000000   45.80000000   -130.22000000   25.73705084   99.74253729   1.76191925   -0.04561332   
7.90000000   168.10000000   45.80000000   -130.22000000   25.74787754   99.76001784   1.27112957   -0.02673604   
7.90000000   168.10000000   45.80000000   -130.22000000   25.70829829   99.76670499   1.05973084   -0.09117659   
7.90000000   168.10000000   45.80000000   -130.22000000   25.70991011   99.77163902   1.23974913   -0.09485782   
7.90000000   168.10000000   45.80000000   -130.22000000   25.70189204   99.76100610   1.27739852   -0.35812709   
7.90000000   168.10000000   45.80000000   -130.22000000   25.70697394   99.74695185   1.34000893   -0.36662221   
7.90000000   168.10000000   45.80000000   -130.22000000   25.70556103   99.74377402   1.44862193   -0.44153520   
7.90000000   168.10000000   45.80000000   -130.22000000   25.70039602   99.75435824   1.15091111   -0.45213152   
7.90000000   168.10000000   45.80000000   -130.22000000   25.71068572   99.76808165   1.08001122   -0.51166770   
7.90000000   168.10000000   45.80000000   -130.22000000   25.73924888   99.75138944   1.58320522   -0.34325899   
7.90000000   168.10000000   45.80000000   -130.22000000   25.75211672   99.73926179   1.48474226   -0.42056779   
7.90000000   168.10000000   45.80000000   -130.22000000   25.75370000   99.73086461   1.73813943   -0.40407238   
7.90000000   168.10000000   45.80000000   -130.22000000   25.76435897   99.71644397   1.93668390   -0.47061095   
7.90000000   168.10000000   45.80000000   -130.22000000   25.77161182   99.75415414   1.89158372   -0.64379647   
7.90000000   168.10000000   45.80000000   -130.22000000   25.75100514   99.75647637   2.32615301   -0.61117488   
7.90000000   168.10000000   45.80000000   -130.22000000   25.75332310   99.74986258   1.39870624   -0.67545777   
7.90000000   168.10000000   45.80000000   -130.22000000   25.76257172   99.74694588   1.03617129   -0.72984762   
7.90000000   168.10000000   45.80000000   -130.22000000   25.75761126   99.74730562   1.21827588   -0.74769105   
7.90000000   168.10000000   45.80000000   -130.22000000   25.74496535   99.71880180   1.08440851   -0.70926691   
7.90000000   168.10000000   45.80000000   -130.22000000   25.74388839   99.74530757   1.28687719   -0.64060304   
7.90000000   168.10000000   45.80000000   -130.22000000   25.73873779   99.73928263   1.45700008   -0.60188983   
7.90000000   168.10000000   45.80000000   -130.22000000   25.71855573   99.74664524   1.64322272   -0.52202693   
7.90000000   168.10000000   45.80000000   -130.22000000   25.72634136   99.77281471   1.36787812   -0.41809475   
7.90000000   168.10000000   45.80000000   -130.22000000   25.71570090   99.75749286   1.50722567   -0.45990001   
7.90000000   168.10000000   45.80000000   -130.22000000   25.69859769   99.74844014   1.57173031   -0.24120285   
7.90000000   168.10000000   45.80000000   -130.22000000   25.70358203   99.72999323   1.24321010   -0.19318208   
7.90000000   168.10000000   45.80000000   -130.22000000   25.70217450   99.73453443   1.78456848   -0.13296274   
7.90000000   168.10000000   45.80000000   -130.22000000   25.72259270   99.73568407   2.61788709   -0.12958085   
7.90000000   168.10000000   45.80000000   -130.22000000   25.72161706   99.77008644   2.08089657   -0.01054284   
7.90000000   168.10000000   45.80000000   -130.22000000   25.70743752   99.76701318   2.24351898   0.06975614   
7.90000000   168.10000000   45.80000000   -130.22000000   25.73516293   99.75776194   1.94254557   -0.06149478   
7.90000000   168.10000000   45.80000000   -130.22000000   25.72889763   99.76131849   1.58331619   -0.00526010   
7.90000000   168.10000000   45.80000000   -130.22000000   25.74102137   99.75773767   1.20520305   -0.19321484   
7.90000000   168.10000000   45.80000000   -130.22000000   25.71776262   99.72832533   1.11879506   -0.32186320   
7.90000000   168.10000000   45.80000000   -130.22000000   25.69544642   99.75672672   1.11620720   -0.31207295   
7.90000000   168.10000000   45.80000000   -130.22000000   25.70417161   99.76584095   1.01961397   -0.03478328   
7.90000000   168.10000000   45.80000000   -130.22000000   25.70385428   99.74810568   1.57947520   -0.15971171   
7.90000000   168.10000000   45.80000000   -130.22000000   25.73416059   99.74832373   1.01271649   -0.00489654   
7.90000000   168.10000000   45.80000000   -130.22000000   25.71973965   99.74269080   1.30716416   -0.04923978   
7.90000000   168.10000000   45.80000000   -130.22000000   25.74263639   99.75863626   1.52144455   -0.18473264   
7.90000000   168.10000000   45.80000000   -130.22000000   25.73722659   99.76061965   1.87903782   -0.28105659   
7.90000000   168.10000000   45.80000000   -130.22000000   25.74273379   99.76325443   1.41450122   -0.34185526   
7.90000000   168.10000000   45.80000000   -130.22000000   25.70308017   99.73309454   1.52374793   -0.31170110   
7.90000000   168.10000000   45.80000000   -130.22000000   25.74501505   99.72651698   1.51634216   -0.30712230   
7.90000000   168.10000000   45.80000000   -130.22000000   25.71005769   99.74608873   1.53451724   -0.25847881   
7.90000000   168.10000000   45.80000000   -130.22000000   25.72922427   99.75122571   1.49770610   -0.19424113   
7.90000000   168.10000000   45.80000000   -130.22000000   25.72749150   99.75169757   1.06322185   -0.22807052   
7.90000000   168.10000000   45.80000000   -130.22000000   25.73196360   99.73247624   1.06600715   -0.35748869   
7.90000000   168.10000000   45.80000000   -130.22000000   25.71582524   99.73706782   1.13924148   -0.38405777   
7.90000000   168.10000000   45.80000000   -130.22000000   25.72087255   99.75898374   1.15764527   -0.41582928   
7.90000000   168.10000000   45.80000000   -130.22000000   25.74171521   99.72138933   1.07664928   -0.56238019   
7.90000000   168.10000000   45.80000000   -130.22000000   25.74443423   99.73317663   1.65276206   -0.64979918   
7.90000000   168.10000000   45.80000000   -130.22000000   25.74127470   99.70716395   1.35376631   -0.58985218   
7.90000000   168.10000000   45.80000000   -130.22000000   25.74397145   99.70543532   1.64376803   -0.53886486   
7.90000000   168.10000000   45.80000000   -130.22000000   25.76172262   99.70140715   1.48300487   -0.70432578   
7.90000000   168.10000000   45.80000000   -130.22000000   25.72930037   99.71951254   1.57466395   -0.59707399   
7.90000000   168.10000000   45.80000000   -130.22000000   25.72464947   99.72669625   1.37151520   -0.56309644   
7.90000000   168.10000000   45.80000000   -130.22000000   25.73016673   99.71364748   1.71442624   -0.54823566   
7.90000000   168.10000000   45.80000000   -130.22000000   25.74233163   99.73116329   1.70764414   -0.40402743   
7.90000000   168.10000000   45.80000000   -130.22000000   25.71421931   99.74384085   1.62284707   -0.44767493   
7.90000000   168.10000000   45.80000000   -130.22000000   25.74102143   99.74407474   1.17589242   -0.49820844   
7.90000000   168.10000000   45.80000000   -130.22000000   25.71672716   99.74833461   1.14801485   -0.50758630   
7.90000000   168.10000000   45.80000000   -130.22000000   25.72311440   99.73530807   1.22553927   -0.68227908   
7.90000000   168.10000000   45.80000000   -130.22000000   25.71491262   99.73056018   1.16754983   -0.65422072   
7.90000000   168.10000000   45.80000000   -130.22000000   25.70864461   99.73825312   1.05906788   -0.65032551   
7.90000000   168.10000000   45.80000000   -130.22000000   25.73888934   99.72872029   1.17140825   -0.73398007   
7.90000000   168.10000000   45.80000000   -130.22000000   25.73189461   99.75501731   1.34539498   -0.65969202   
7.90000000   168.10000000   45.80000000   -130.22000000   25.72782215   99.74907221   2.24830148   -0.76367402   
7.90000000   168.10000000   45.80000000   -130.22000000   25.74372463   99.74640035   1.72385519   -0.66935280   
7.90000000   168.10000000   45.80000000   -130.22000000   25.73796814   99.72664389   1.98999709   -0.52746363   
7.90000000   168.10000000   45.80000000   -130.22000000   25.70788226   99.76532036   1.24843155   -0.55091280   
7.90000000   168.10000000   45.80000000   -130.22000000   25.71725783   99.75835967   1.34718616   -0.47981758   
7.90000000   168.10000000   45.80000000   -130.22000000   25.73814759   99.73260360   1.79470992   -0.49529504   
7.90000000   168.10000000   45.80000000   -130.22000000   25.73473669   99.73256636   1.61485115   -0.50439563   
7.90000000   168.10000000   45.80000000   -130.22000000   25.74335020   99.74828918   1.53836918   -0.37812300   
7.90000000   168.10000000   45.80000000   -130.22000000   25.72509215   99.74150114   1.38726624   -0.53076021   
7.90000000   168.10000000   45.80000000   -130.22000000   25.72399863   99.71075187   1.03573824   -0.43892135   
7.90000000   168.10000000   45.80000000   -130.22000000   25.73621317   99.72915297   1.10398321   -0.33838294   
7.90000000   168.10000000   45.80000000   -130.22000000   25.71709198   99.73001101   1.12305773   -0.37818869   
7.90000000   168.10000000   45.80000000   -130.22000000   25.73098075   99.73372342   1.11949549   -0.46782249   
7.90000000   168.10000000   45.80000000   -130.22000000   25.72291452   99.74972164   1.15821971   -0.36089021   
7.90000000   168.10000000   45.80000000   -130.22000000   25.75023371   99.74818308   1.36053107   -0.29121396   
7.90000000   168.10000000   45.80000000   -130.22000000   25.72693328   99.74828016   1.22504291   -0.30615834   
7.90000000   168.10000000   45.80000000   -130.22000000   25.72688151   99.74338540   1.58174377   -0.36688341   
7.90000000   168.10000000   45.80000000   -130.22000000   25.73038975   99.76261164   1.14692523   -0.44400124   
7.90000000   168.10000000   45.80000000   -130.22000000   25.70924241   99.74724968   1.12615184   -0.43146485   
7.90000000   168.10000000   45.80000000   -130.22000000   25.74266745   99.73909122   1.28735571   -0.42162408   
7.90000000   168.10000000   45.80000000   -130.22000000   25.75179963   99.74332438   1.64713650   -0.46757231   
7.90000000   168.10000000   45.80000000   -130.22000000   25.72750115   99.73780472   1.13071641   -0.44602601   
7.90000000   168.10000000   45.80000000   -130.22000000   25.72349387   99.74849131   1.33165561   -0.29586521   
7.90000000   168.10000000   45.80000000   -130.22000000   25.74419418   99.73244610   1.44855952   -0.34181737   
7.90000000   168.10000000   45.80000000   -130.22000000   25.73705259   99.74720815   1.55038408   -0.39990752   
7.90000000   168.10000000   45.80000000   -130.22000000   25.72028532   99.76046945   1.66462083   -0.33295018   
7.90000000   168.10000000   45.80000000   -130.22000000   25.74173549   99.74458715   1.69068175   -0.21263389   
7.90000000   168.10000000   45.80000000   -130.22000000   25.74691970   99.74898945   1.27877338   -0.20039517   
7.90000000   168.10000000   45.80000000   -130.22000000   25.75906067   99.75870024   1.12144300   -0.36196434   
7.90000000   168.10000000   45.80000000   -130.22000000   25.73777414   99.71123032   1.33288112   -0.48926463   
7.90000000   168.10000000   45.80000000   -130.22000000   25.72258421   99.73273651   2.03731125   -0.37649586   
7.90000000   168.10000000   45.80000000   -130.22000000   25.73816312   99.72506325   2.02488339   -0.36329702   
7.90000000   168.10000000   45.80000000   -130.22000000   25.74579734   99.74341440   1.81171310   -0.43560341   
7.90000000   168.10000000   45.80000000   -130.22000000   25.75409075   99.74934601   1.97582325   -0.36483137   
7.90000000   168.10000000   45.80000000   -130.22000000   25.72976138   99.77272688   1.65094595   -0.32814479   
7.90000000   168.10000000   45.80000000   -130.22000000   25.71470569   99.77644073   1.62488084   -0.26809494   
7.90000000   168.10000000   45.80000000   -130.22000000   25.74741848   99.77960354   1.50116741   -0.26820792   
7.90000000   168.10000000   45.80000000   -130.22000000   25.72186308   99.76816987   1.05524234   -0.24534636   
7.90000000   168.10000000   45.80000000   -130.22000000   25.72373426   99.75964801   1.23534957   -0.33450077   
7.90000000   168.10000000   45.80000000   -130.22000000   25.72939154   99.74734170   1.66247679   -0.34554964   
7.90000000   168.10000000   45.80000000   -130.22000000   25.72077535   99.74110157   1.67246550   -0.32108243   
7.90000000   168.10000000   45.80000000   -130.22000000   25.71718411   99.77359924   1.41295234   -0.26584983   
7.90000000   168.10000000   45.80000000   -130.22000000   25.74420366   99.76886959   1.71339667   -0.17713140   
7.90000000   168.10000000   45.80000000   -130.22000000   25.74768072   99.76453084   1.12997845   -0.03053702   
7.90000000   168.10000000   45.80000000   -130.22000000   25.73890849   99.77763349   1.35140797   -0.21938688   
7.90000000   168.10000000   45.80000000   -130.22000000   25.74738325   99.78413360   1.10533431   -0.18344524   
7.90000000   168.10000000   45.80000000   -130.22000000   25.72919515   99.76475679   1.34390881   -0.11189099   
7.90000000   168.10000000   45.80000000   -130.22000000   25.72172561   99.74472091   1.04579889   -0.26691334   
7.90000000   168.10000000   45.80000000   -130.22000000   25.73941049   99.73640868   1.04309207   -0.46974550   
7.90000000   168.10000000   45.80000000   -130.22000000   25.73043319   99.75017615   1.21714682   -0.61638646   
7.90000000   168.10000000   45.80000000   -130.22000000   25.74636340   99.73934215   1.02792943   -0.66682574   
7.90000000   168.10000000   45.80000000   -130.22000000   25.74545917   99.75602230   1.19554292   -0.82933694   
7.90000000   168.10000000   45.80000000   -130.22000000   25.74094046   99.73527254   1.70563548   -0.82192916   
7.90000000   168.10000000   45.80000000   -130.22000000   25.73695313   99.72589361   1.40374941   -0.82238400   
7.90000000   168.10000000   45.80000000   -130.22000000   25.72547215   99.73635049   1.07608079   -0.93568701   
7.90000000   168.10000000   45.80000000   -130.22000000   25.75329228   99.73288664   1.16169655   -0.81641852   
7.90000000   168.10000000   45.80000000   -130.22000000   25.72834696   99.72843816   1.08449594   -0.63314279   
7.90000000   168.10000000   45.80000000   -130.22000000   25.73380364   99.74988368   1.38985191   -0.59290178   
7.90000000   168.10000000   45.80000000   -130.22000000   25.71988195   99.73222840   1.57241794   -0.53049509   
7.90000000   168.10000000   45.80000000   -130.22000000   25.72078162   99.74069072   1.17829755   -0.57698127   
7.90000000   168.10000000   45.80000000   -130.22000000   25.73752002   99.72684821   1.42084308   -0.75470154   
7.90000000   168.10000000   45.80000000   -130.22000000   25.72503692   99.74213599   1.07316586   -0.82509915   
7.90000000   168.10000000   45.80000000   -130.22000000   25.71539883   99.72783490   1.69195734   -0.76542573   
7.90000000   168.10000000   45.80000000   -130.22000000   25.74399524   99.71831131   2.08655623   -0.86601702   
7.90000000   168.10000000   45.80000000   -130.22000000   25.73363477   99.71110074   1.61772864   -0.79417109   
7.90000000   168.10000000   45.80000000   -130.22000000   25.76522212   99.72162844   1.54841196   -0.79336925   
7.90000000   168.10000000   45.80000000   -130.22000000   25.73849597   99.72329506   1.49509394   -0.88713804   
7.90000000   168.10000000   45.80000000   -130.22000000   25.74368306   99.71282088   1.50859912   -0.83427812   
7.90000000   168.10000000   45.80000000   -130.22000000   25.71605233   99.70742345   1.19302761   -0.83933972   
7.90000000   168.10000000   45.80000000   -130.22000000   25.72136250   99.73805172   1.04952763   -0.69363064   
7.90000000   168.10000000   45.80000000   -130.22000000   25.73648860   99.71395547   1.05810906   -0.60639450   
7.90000000   168.10000000   45.80000000   -130.22000000   25.74519773   99.72998822   1.62400041   -0.56579211   
7.90000000   168.10000000   45.80000000   -130.22000000   25.71957994   99.73177377   1.45307969   -0.44905002   
7.90000000   168.10000000   45.80000000   -130.22000000   25.70575120   99.71625828   1.59720918   -0.44468705   
7.90000000   168.10000000   45.80000000   -130.22000000   25.73159723   99.73762688   1.24728629   -0.36845467   
7.90000000   168.10000000   45.80000000   -130.22000000   25.73505163   99.73970960   1.03656276   -0.50014407   
7.90000000   168.10000000   45.80000000   -130.22000000   25.73802720   99.74834404   1.64924098   -0.31376846   
7.90000000   168.10000000   45.80000000   -130.22000000   25.75032592   99.72970271   1.63432281   -0.33992376   
7.90000000   168.10000000   45.80000000   -130.22000000   25.74135053   99.74007252   1.05773982   -0.53292478   
7.90000000   168.10000000   45.80000000   -130.22000000   25.72773482   99.73811019   1.19051367   -0.41547067   
7.90000000   168.10000000   45.80000000   -130.22000000   25.71858136   99.72857422   1.08854587   -0.61404076   
7.90000000   168.10000000   45.80000000   -130.22000000   25.72118270   99.76272501   1.24488048   -0.46285121   
7.90000000   168.10000000   45.80000000   -130.22000000   25.71884110   99.73723052   1.16239482   -0.55093281   
7.90000000   168.10000000   45.80000000   -130.22000000   25.70841744   99.73015927   1.27758837   -0.53487294   
7.90000000   168.10000000   45.80000000   -130.22000000   25.72628356   99.74323728   1.61957448   -0.51695611   
7.90000000   168.10000000   45.80000000   -130.22000000   25.74437018   99.72319484   1.02957116   -0.35434589   
7.90000000   168.10000000   45.80000000   -130.22000000   25.75232759   99.75845315   1.30804234   -0.18589070   
7.90000000   168.10000000   45.80000000   -130.22000000   25.74997388   99.76540041   1.39451568   -0.20245265   
7.90000000   168.10000000   45.80000000   -130.22000000   25.73615595   99.73573290   1.90599944   -0.38451169   
7.90000000   168.10000000   45.80000000   -130.22000000   25.73193889   99.72848185   1.00649124   -0.30283138   
7.90000000   168.10000000   45.80000000   -130.22000000   25.72026009   99.73547842   1.94438244   -0.40941464   
7.90000000   168.10000000   45.80000000   -130.22000000   25.72463569   99.74069952   2.72731268   -0.33125761   
7.90000000   168.10000000   45.80000000   -130.22000000   25.73441190   99.74188936   2.71820868   -0.27044173   
7.90000000   168.10000000   45.80000000   -130.22000000   25.71910869   99.76376883   1.68486020   -0.32542460   
7.90000000   168.10000000   45.80000000   -130.22000000   25.73307371   99.75604880   1.63585076   -0.21860991   
7.90000000   168.10000000   45.80000000   -130.22000000   25.72929254   99.77080106   1.41176430   -0.13152931   
7.90000000   168.10000000   45.80000000   -130.22000000   25.73620633   99.77364546   1.45386097   0.00529106   
7.90000000   168.10000000   45.80000000   -130.22000000   25.72265978   99.77633268   1.32339052   -0.06759978   
7.90000000   168.10000000   45.80000000   -130.22000000   25.74450666   99.76687696   1.71387631   -0.32349630   
7.90000000   168.10000000   45.80000000   -130.22000000   25.73371026   99.77647935   1.19119762   -0.48401124   
7.90000000   168.10000000   45.80000000   -130.22000000   25.72904373   99.76471075   1.41506285   -0.27024248   
7.90000000   168.10000000   45.80000000   -130.22000000   25.73611783   99.76826144   1.25049226   -0.33054676   
7.90000000   168.10000000   45.80000000   -130.22000000   25.70788529   99.77756013   1.21665986   -0.28984663   
7.90000000   168.10000000   45.80000000   -130.22000000   25.74536526   99.76224531   1.09284423   -0.43867423   
7.90000000   168.10000000   45.80000000   -130.22000000   25.75509785   99.76189575   1.18488869   -0.51006430   
7.90000000   168.10000000   45.80000000   -130.22000000   25.76246749   99.74813334   1.20863345   -0.59653222   
7.90000000   168.10000000   45.80000000   -130.22000000   25.74036452   99.71565809   1.54908972   -0.62798897   
7.90000000   168.10000000   45.80000000   -130.22000000   25.75378006   99.73727573   1.46402507   -0.49465590   
7.90000000   168.10000000   45.80000000   -130.22000000   25.74776850   99.76009655   1.12172980   -0.43067917   
7.90000000   168.10000000   45.80000000   -130.22000000   25.72091190   99.76521081   1.36937906   -0.59934370   
7.90000000   168.10000000   45.80000000   -130.22000000   25.72379771   99.74129705   1.72670874   -0.51880203   
7.90000000   168.10000000   45.80000000   -130.22000000   25.72079619   99.74983693   1.08553388   -0.61064574   
