1395.28231759   
1351.26165399   
1293.60050273   
1309.85929732   
1216.89890353   
1193.50523810   
1209.63442334   
1157.83722627   
1196.41452317   
1084.50667178   
1078.42832974   
1123.26263682   
1059.72418776   
1157.46581935   
1102.97819756   
1044.65438759   
1180.55123735   
1094.42543324   
1072.36644551   
1027.69344970   
1045.79040657   
1027.57458374   
937.29567540   
1017.37522029   
971.24242969   
925.79196517   
970.45144952   
791.69603569   
811.97230033   
812.57577762   
847.84865925   
766.34647130   
850.72495256   
716.31801650   
692.22935684   
660.82623268   
628.27500523   
636.54344659   
692.49775003   
647.70879649   
612.55707117   
632.45455546   
614.68556058   
616.09870426   
630.91018218   
619.65519001   
587.24407791   
611.35474021   
544.83855189   
559.39884066   
543.16608341   
545.56815550   
550.39510064   
551.86236244   
555.96227999   
547.38751623   
546.69918968   
543.28341930   
543.02716543   
555.88873461   
544.69145166   
558.19971954   
545.63277589   
550.34891698   
548.02595966   
552.59052559   
566.60798820   
543.63792829   
541.33509731   
542.68563934   
552.09616844   
542.23395345   
548.28601344   
543.88624657   
542.22154708   
545.43111313   
542.71597993   
544.36978190   
543.25003577   
541.39655564   
543.69208920   
565.67653352   
549.04746105   
540.10753758   
545.73345042   
542.17786324   
540.93782153   
542.94029275   
538.16538667   
534.88390060   
538.43404625   
530.25253578   
541.59842720   
547.48749145   
532.68641971   
543.74799750   
523.88565779   
527.18721485   
531.24999639   
529.19441723   
534.29567226   
523.56554883   
529.46782640   
528.46347138   
539.01537424   
536.75175273   
527.60594333   
531.45656298   
523.45844084   
526.30540957   
525.48336429   
520.61436151   
528.95550767   
524.18052490   
524.34201245   
527.47452386   
524.72208525   
524.06434878   
526.44309682   
527.34918609   
538.49932990   
531.20153177   
529.63244824   
525.69765141   
525.63528691   
521.91307034   
520.95882560   
524.90272486   
523.81484915   
529.00491748   
523.19913167   
526.56645532   
529.99186715   
529.94821504   
531.79043404   
530.14025767   
523.57583824   
524.42070212   
527.97514792   
519.33930734   
550.83739337   
522.94721308   
519.20213522   
527.43114554   
525.26836020   
537.21699212   
519.38295091   
526.91923456   
522.02908878   
525.41812505   
528.64166409   
523.37438066   
522.70241366   
516.85901327   
525.05385757   
529.06909751   
529.66842259   
516.55800089   
525.71186092   
526.62824182   
538.41411899   
518.67407619   
527.75569193   
528.89366714   
531.28182786   
521.19976708   
519.55547679   
521.47226585   
529.75336666   
517.68600076   
522.69431556   
535.75563324   
517.91815440   
526.42844667   
519.29766111   
522.12880524   
532.13670183   
522.40085790   
528.08236520   
535.55058270   
534.90761411   
530.74783792   
518.68136034   
526.01803251   
519.06407644   
529.85395977   
524.96191997   
521.94743644   
519.14179565   
530.33713607   
540.94273275   
526.13976404   
522.69658731   
522.94380440   
528.21406987   
528.16296957   
526.07515582   
520.80947645   
517.33363786   
527.45197837   
532.15318377   
526.17417725   
520.67239924   
522.52690057   
519.61300723   
519.27889932   
522.13923136   
526.38708743   
533.91635904   
535.78702900   
529.97012510   
544.94323612   
528.71974877   
529.47017263   
521.49738654   
524.92571833   
524.55461602   
522.34418989   
536.30194161   
541.97906015   
525.47288939   
533.46755984   
526.45649419   
522.81790020   
521.96065941   
522.99506576   
518.99549790   
521.32077497   
526.40344731   
528.19592620   
522.28310372   
521.69825962   
519.01695358   
524.90474080   
523.31584865   
522.95033130   
521.43901726   
530.90111319   
540.72013649   
518.64437630   
528.81820807   
521.34468847   
522.43038299   
521.21268628   
534.66407816   
528.22846399   
531.11065471   
531.54393677   
524.76328371   
522.35813116   
528.93298041   
546.08019934   
528.20494161   
522.58052989   
527.60520315   
541.52971122   
538.25685517   
528.66744418   
563.72199770   
544.87835637   
526.62182932   
532.70719078   
540.28442230   
524.51191541   
523.52257022   
525.36439910   
524.59930812   
533.16710777   
521.84159945   
541.50323372   
528.39152172   
545.81095862   
522.98050380   
524.71787003   
527.81293807   
540.00284380   
533.43508688   
545.00731739   
524.12472409   
527.67623465   
535.81424308   
534.45618859   
525.05009965   
535.95464982   
535.38454996   
530.61216677   
526.91714654   
526.15638445   
525.31646607   
540.40304620   
530.98312299   
536.70294679   
532.53621812   
528.85239714   
529.86581876   
525.76472853   
543.95309895   
527.24623297   
524.79617701   
521.00880412   
522.72074641   
522.00589089   
521.33406366   
536.71772256   
531.01276771   
521.99306689   
545.90893648   
524.29285360   
529.20569487   
527.83240143   
533.49491360   
537.59806295   
530.91648809   
518.42276333   
517.10832995   
519.97909574   
528.00854002   
523.43709333   
531.60756994   
526.46855987   
524.41967547   
526.51300046   
523.10873886   
521.26873374   
528.29720844   
526.28553381   
520.85856817   
519.26946711   
522.39218828   
519.07419356   
532.89333377   
524.90211828   
525.17609936   
527.71601454   
520.45892025   
522.03920223   
521.16237743   
521.58120668   
522.97797508   
527.55154019   
526.06355909   
540.98285124   
526.58485042   
526.26547062   
528.60571949   
528.81819847   
527.07462271   
526.58317993   
528.64861836   
533.40557215   
525.53613136   
524.00031881   
532.73494430   
522.31850625   
522.51943634   
529.69065693   
521.52305846   
522.77704114   
523.07188507   
523.92658052   
539.60904958   
524.61711581   
528.79421404   
543.01721420   
525.59871234   
524.08607774   
546.50177321   
527.52421748   
528.16869355   
526.48467871   
530.94223799   
528.52350426   
528.69484989   
540.91723936   
519.56268334   
518.85113583   
522.50751435   
519.45564786   
526.46276819   
516.03834759   
520.92102391   
523.04139370   
519.62991936   
519.03828608   
522.22019802   
516.68834671   
521.88324661   
525.60681096   
517.75123157   
516.88524608   
524.28374917   
521.28444959   
523.52157050   
525.38556636   
518.26834155   
525.36750902   
519.48507518   
520.10577710   
526.52255363   
526.02392103   
520.52988825   
529.26441706   
523.28727647   
526.83164673   
519.18894775   
529.25403807   
527.47821688   
520.92043027   
520.68563994   
533.10773728   
525.52660678   
529.93247472   
521.18950338   
532.23111000   
528.58572049   
521.91232332   
522.83474712   
532.33213139   
528.29629854   
520.35850279   
520.12230248   
523.69582000   
531.11422266   
524.54022047   
535.25875933   
521.64497905   
519.29565739   
520.91946119   
522.25838116   
523.52135288   
527.42406750   
531.23747335   
524.00271244   
536.62374863   
537.76932778   
540.05881020   
538.00681196   
527.23729652   
540.76834497   
523.97047312   
527.67287862   
530.72252235   
528.58683724   
531.82113671   
519.74714019   
526.87958380   
521.52548393   
521.34497286   
522.84062096   
527.25743799   
519.43983024   
525.81400611   
522.20705170   
521.46925987   
531.26988565   
523.47057978   
526.34710183   
546.67834259   
545.57628946   
529.68207550   
518.29173078   
518.48943864   
529.56220669   
521.40239541   
526.58624430   
517.53639949   
560.59377451   
530.62430020   
521.61687436   
521.82149758   
524.23621156   
520.74074667   
522.11120834   
525.77779356   
532.79298473   
528.64500516   
525.66303744   
523.77368242   
533.56014848   
532.03767550   
519.04544055   
517.46670504   
521.21015295   
519.23158771   
518.88115259   
527.29138906   
524.88740005   
545.42735790   
526.28290895   
524.78689274   
524.98880347   
528.99221243   
519.91461506   
525.64562287   
525.04777534   
546.97598553   
530.99142823   
527.91951961   
527.51679676   
518.69003731   
524.15053881   
523.95302807   
522.78611405   
524.52675621   
531.39683320   
524.77573255   
527.42725069   
521.49983812   
532.36258818   
520.15070584   
524.81625747   
519.80566360   
519.98985556   
543.16627673   
544.33703500   
532.96246694   
526.55201908   
527.90431767   
530.98924465   
529.79342496   
543.09766105   
527.00219154   
529.07879464   
534.00959894   
532.01176313   
529.71474648   
546.38286079   
540.03962217   
539.31733409   
538.89652796   
543.45826494   
555.75609397   
527.09200559   
547.89806165   
534.87292897   
530.78927645   
547.15812920   
526.98661845   
526.04073115   
523.01648012   
522.19203646   
527.36702597   
523.87148704   
527.77543631   
534.75418946   
537.26516171   
559.47196879   
536.79462176   
533.78114624   
525.97671290   
530.74028537   
524.32521324   
524.12104586   
526.48152446   
526.39558223   
521.02313663   
531.58781230   
528.91707647   
531.11569022   
519.03340986   
533.46192056   
522.52017606   
525.58801067   
524.81328912   
520.70812725   
521.86478964   
528.49497285   
537.84124311   
528.18737047   
533.58191153   
523.79913871   
527.89543741   
527.84029192   
532.68812458   
540.14648936   
525.07868109   
524.74130978   
524.26985327   
516.34234388   
517.21599014   
526.10919488   
518.52552641   
519.91979749   
524.98330379   
525.80420471   
516.95364111   
524.37419163   
533.32821931   
520.39518533   
526.50854155   
535.30787226   
525.93404816   
521.23314558   
537.75094099   
526.35169818   
534.01856261   
533.48670266   
524.56539627   
524.41675909   
524.54823029   
528.54208650   
535.98935566   
521.89507611   
520.79617934   
521.05758750   
524.15869035   
519.07081596   
535.94073767   
524.78308141   
520.85372242   
524.96229034   
522.82010801   
523.11497334   
522.63682012   
523.93321875   
528.72471673   
528.97532357   
527.40394441   
534.60163430   
541.12573298   
525.64416610   
524.17850491   
521.52208154   
527.98816833   
524.25724753   
527.62389329   
530.26907547   
537.59760954   
536.31085469   
519.78815018   
527.08087967   
519.60460381   
523.46854906   
520.42480245   
528.93572885   
523.60876001   
526.82934766   
527.22369280   
529.20479192   
529.28998448   
526.86976947   
519.55435392   
522.18213353   
521.22282147   
523.78335672   
542.34571930   
522.23756594   
520.72852239   
522.90145815   
524.64254474   
532.07157927   
519.50637919   
522.15799700   
533.22484538   
527.72710330   
522.68841454   
525.48868792   
527.98260824   
524.75513013   
526.02055324   
528.81912458   
528.23255957   
525.49933560   
521.59704157   
530.11121821   
527.38156167   
525.95448660   
530.29159409   
541.04561436   
525.27284524   
524.71639939   
522.47247324   
536.83896848   
519.82741328   
520.46605326   
529.52452254   
529.87341286   
518.94078853   
523.89008449   
524.66553765   
522.79668011   
526.98591928   
520.41547860   
528.17153999   
527.63127759   
524.84562622   
528.25072889   
525.08062150   
520.40578599   
521.64723323   
524.86284321   
521.70250645   
542.70241831   
523.56907042   
522.54956908   
520.19878408   
522.13577147   
524.37934330   
539.58884211   
528.31826301   
523.25722781   
526.66061822   
526.27749485   
520.61833659   
521.33906921   
522.32223957   
533.03221278   
522.94562981   
524.24068680   
531.26630763   
526.80735470   
521.24623246   
528.73887172   
524.63254807   
541.26071590   
527.87278504   
519.21407783   
530.57322514   
519.04489617   
525.46384715   
520.00820381   
524.83004554   
520.05524225   
529.76919270   
536.46642376   
526.11876444   
520.01639330   
519.71727495   
528.06761010   
525.51663411   
532.51002609   
522.67452195   
526.47550023   
527.59769831   
518.78525195   
545.36701797   
549.25043443   
539.77168650   
516.51017355   
522.83029384   
519.94483616   
516.41131531   
526.59724761   
538.61819373   
521.34806330   
520.47778925   
524.50482464   
524.78590818   
527.03735742   
519.83633360   
538.59187445   
523.69774577   
525.71849075   
520.01701543   
522.49921977   
525.78318831   
536.95767519   
524.38012814   
528.55195149   
520.55227523   
518.88879917   
525.13652715   
519.84107124   
533.19410812   
527.25799862   
527.56175969   
521.79605942   
523.34566265   
520.80646947   
517.57183692   
520.67691629   
527.87615803   
519.43321302   
522.30183544   
521.15542912   
528.88636465   
528.73477047   
522.44941581   
529.06675598   
525.61527970   
527.08374428   
527.23529781   
524.27816607   
535.78158906   
523.39586378   
522.30924485   
537.01173310   
526.65641929   
522.32136892   
522.83840570   
530.38907849   
521.43870548   
524.28685195   
527.87596596   
521.38742574   
525.79589218   
521.21482353   
544.92739530   
528.41832980   
527.08666209   
524.19133483   
519.62305575   
520.04841078   
528.00612020   
520.68132530   
524.10389538   
523.74089671   
522.29265220   
524.75898329   
527.85083747   
521.87569828   
524.25301479   
529.61671572   
528.82096870   
529.64428212   
528.28045517   
531.20337332   
528.91388818   
525.52843344   
535.87423680   
527.38910786   
530.69673299   
527.39056301   
541.65012697   
538.52858719   
544.80222222   
527.16309553   
545.40520248   
523.50194321   
527.82030227   
529.67466858   
525.51139450   
529.12109955   
528.27798905   
533.11180154   
536.98523266   
530.78393920   
542.68396167   
527.31562343   
537.25182002   
543.97419735   
538.57292603   
540.35241773   
535.45226363   
536.98483315   
516.10879272   
525.62115116   
520.21764769   
524.15894702   
522.82552129   
522.10175089   
529.68338208   
519.71170767   
525.67236111   
521.92777428   
518.91215234   
533.94090361   
531.18358961   
519.60762879   
527.65483043   
544.35766555   
518.43304600   
532.05797740   
523.84944602   
527.44755250   
527.31228000   
526.00845888   
524.29102180   
519.74743559   
525.85134221   
540.53151651   
527.27681031   
553.12720459   
566.11605217   
524.40265853   
523.86927999   
530.83202457   
521.98554236   
526.35761089   
530.46448683   
526.64693489   
526.90676717   
530.30439916   
525.96281431   
524.87545761   
522.00624217   
527.48435390   
527.15049184   
523.48325946   
526.17426726   
531.13316686   
527.42215992   
538.41891272   
519.25022829   
520.90359207   
526.91582394   
519.72062692   
524.90339514   
518.65226651   
525.54801060   
530.77260023   
519.69450205   
521.89136690   
521.99571950   
523.20308256   
524.06879878   
534.80714516   
519.68751574   
522.54059503   
517.17071835   
532.17373323   
520.83895596   
522.32960859   
523.45823506   
539.41348594   
521.02186927   
527.32859197   
529.26803814   
525.95970662   
520.43873831   
520.18359098   
522.56375716   
524.29269434   
524.89224938   
526.98924899   
532.51914129   
521.18582507   
523.86411029   
524.37673707   
537.42485378   
530.82820428   
532.19232062   
526.52863490   
521.91444376   
523.94911227   
520.88512847   
528.58514197   
524.62007114   
521.32972385   
518.38190783   
522.55857304   
521.07737762   
520.56895613   
530.85567155   
523.31017847   
518.88271277   
531.76927552   
522.36958382   
529.07599852   
523.10318438   
518.85416477   
526.36668710   
531.62246881   
525.31580354   
521.79720722   
518.74450924   
518.84997736   
523.31550134   
523.95888485   
524.52020183   
524.29807433   
519.02348945   
538.98432958   
519.48512819   
520.73681307   
522.52573275   
525.94158695   
519.53316400   
522.51491634   
533.80888753   
523.69519067   
528.22130994   
519.70448348   
521.56955075   
531.11497345   
527.60234285   
529.30478706   
527.11749620   
523.24184363   
525.89426042   
521.63280238   
532.45781780   
528.11442744   
523.72098820   
522.63883043   
527.46502365   
527.52665752   
520.64809548   
542.96582411   
528.09921457   
532.48973299   
524.51091273   
525.37523755   
536.31147815   
524.38789067   
532.26152306   
536.40945669   
540.53520499   
534.21099508   
549.67726943   
528.19577760   
527.74072752   
523.56755506   
534.64023381   
550.51973442   
538.22697583   
520.65221753   
527.76972258   
528.32802565   
531.77848997   
526.99567932   
534.34036023   
534.62313009   
534.07072563   
536.06748560   
535.10809340   
526.79293791   
524.79659862   
537.48595381   
526.84205322   
523.91550349   
522.67295851   
535.61278128   
531.20005099   
538.05220190   
528.37264727   
524.70447202   
537.09529306   
525.04853496   
531.79264567   
524.11508243   
536.04386446   
527.33822763   
524.19857073   
527.54224581   
531.15956899   
529.10424804   
529.76115044   
526.48593248   
530.63824349   
520.97306897   
522.60625614   
523.75256944   
523.77078937   
530.84187006   
526.37422520   
532.96017207   
526.12988243   
536.69539404   
526.02679935   
523.44855764   
529.31115796   
528.87320139   
524.26244651   
528.59812158   
531.84240874   
528.45629794   
518.50101748   
536.27114203   
523.10655440   
526.27069944   
525.03645424   
525.39487925   
523.72644197   
524.97153834   
529.23061049   
529.27463588   
526.78473970   
531.36657907   
527.86576301   
532.29401151   
531.58677426   
530.00282879   
533.55263775   
524.65449025   
525.02923089   
529.09945227   
525.19627999   
525.56772144   
534.89605437   
531.22672878   
527.95739110   
525.25745028   
544.65606453   
527.93531496   
526.73212012   
534.54989610   
531.51317616   
527.36716652   
522.45866134   
532.92703983   
526.16196940   
533.14871827   
520.35468606   
523.28795945   
519.63202995   
521.38262937   
530.14601749   
522.60958411   
529.53921165   
524.11545060   
539.00801992   
528.89774278   
549.88713874   
537.13529631   
539.10907301   
541.60715017   
525.76406238   
521.49831374   
529.02270272   
522.88379869   
523.79968415   
516.28514083   
521.50745325   
526.36181653   
522.97961844   
540.44080839   
521.09593441   
520.07394737   
534.72245470   
519.30291526   
525.93858817   
524.56420334   
520.05123718   
537.71967167   
522.93824977   
525.11566466   
518.88882263   
518.17101033   
522.60676584   
521.61937215   
518.73991793   
527.73543829   
522.81957924   
522.51757348   
523.56008814   
522.01675204   
527.03837130   
522.86172990   
524.13809481   
526.14889724   
529.25533163   
526.41983442   
518.30344157   
527.68660835   
539.05004265   
525.18961821   
523.11155967   
524.70206252   
520.51193093   
517.19436368   
526.15702660   
522.17441562   
532.30313750   
521.37193300   
520.12775083   
520.17592224   
519.27338599   
517.76871829   
521.33526421   
526.01008543   
522.42547282   
518.89285842   
531.77076520   
523.43135589   
519.61565727   
529.78469448   
525.22002340   
540.86313141   
525.88995462   
516.13625491   
533.64670202   
526.87854813   
520.89219725   
522.19330235   
521.58625137   
539.82103802   
523.74384997   
526.55321872   
519.28770571   
543.69855647   
555.99611308   
520.20512668   
528.85151604   
544.43125838   
520.45303064   
528.87779295   
524.75201188   
519.91812103   
535.28521986   
528.89954076   
527.99771863   
520.21220173   
522.98650206   
518.07070517   
520.82120052   
520.44791228   
518.19723782   
525.65430801   
518.91627258   
521.25647762   
539.08484345   
529.65774423   
521.61988158   
518.22960537   
532.75520892   
525.67932475   
522.65860466   
525.45585556   
525.38419624   
528.38752226   
527.82767133   
525.12927698   
530.77764740   
519.54207560   
520.38594523   
521.64390608   
524.05121024   
524.84465252   
531.62005942   
523.58048107   
523.86870094   
523.65180764   
520.60653652   
529.78600031   
518.96569464   
527.29654319   
521.35762764   
519.13991554   
520.68236907   
523.38090837   
519.02735647   
522.26367646   
526.08974027   
530.74593623   
521.89706182   
522.59264104   
520.27085293   
528.35641131   
527.24714364   
525.71194264   
523.55986315   
523.11875465   
524.11254764   
522.31889265   
541.71813937   
522.78511646   
523.95702076   
520.39207018   
522.68599714   
533.11769922   
526.30031530   
521.28551216   
529.61395041   
524.90462361   
528.03249896   
532.68081858   
524.76625421   
525.16686212   
525.21016854   
532.41593615   
522.87172777   
542.59641973   
525.32450782   
546.58637343   
528.36766289   
540.11835125   
526.07481687   
524.74722558   
527.66365407   
528.68380104   
532.75244155   
521.27985277   
530.65687164   
531.92211761   
534.02046638   
539.87908006   
527.88117716   
535.56189734   
522.65539415   
529.54284524   
526.67858351   
524.48565085   
527.19419689   
526.70602795   
540.99779651   
523.27142625   
552.04231678   
542.68140833   
549.12166646   
523.19240219   
531.43311110   
525.93040377   
530.52877568   
526.10538558   
520.95875071   
517.36391531   
522.46915982   
530.05273778   
531.53939885   
534.44395462   
535.78809454   
526.17065341   
526.54736996   
526.10792749   
525.87513944   
519.72392994   
517.84193364   
521.40089435   
522.61342619   
527.29354684   
533.14204505   
526.27184839   
524.91907945   
529.28157462   
522.54783681   
523.74415633   
535.21032277   
528.23763697   
528.35927997   
521.25733334   
524.62077872   
518.12713480   
525.87103030   
523.88523277   
528.72476388   
523.43145763   
536.60435509   
525.88974459   
519.60233135   
521.68442307   
524.73567568   
523.97083734   
524.51040491   
531.64667109   
518.47429081   
521.00441346   
536.59260663   
519.10492157   
530.84028243   
529.52107278   
519.53903984   
523.82959142   
525.77458035   
524.04252174   
529.40119508   
518.07266801   
518.61647407   
521.87043283   
521.40360941   
522.24579571   
521.26818843   
529.15130785   
524.95279048   
524.65249309   
519.90205710   
527.36202463   
518.93741687   
520.31781742   
518.69379573   
529.04335822   
519.48166417   
518.52085567   
531.07567971   
523.56489274   
523.22357901   
526.90661249   
522.15891280   
527.48762138   
536.71707128   
542.60060327   
532.75790167   
529.32508849   
520.50935719   
524.15048460   
516.69687851   
525.32719393   
518.77049948   
520.71273726   
519.99501501   
520.12812731   
523.38620929   
