1395.28231759   
1351.26165399   
1293.60050273   
1216.89890353   
1193.50523810   
1157.83722627   
1084.50667178   
1078.42832974   
1059.72418776   
1044.65438759   
1027.69344970   
1027.57458374   
937.29567540   
925.79196517   
791.69603569   
766.34647130   
716.31801650   
692.22935684   
660.82623268   
628.27500523   
612.55707117   
587.24407791   
544.83855189   
543.16608341   
545.56815550   
543.28341930   
543.02716543   
544.69145166   
545.63277589   
543.63792829   
541.33509731   
543.25003577   
541.39655564   
540.10753758   
540.93782153   
538.16538667   
534.88390060   
530.25253578   
523.88565779   
523.56554883   
527.60594333   
523.45844084   
520.61436151   
520.95882560   
524.42070212   
519.33930734   
519.20213522   
519.38295091   
522.02908878   
523.37438066   
522.70241366   
516.85901327   
516.55800089   
522.69431556   
517.91815440   
519.06407644   
519.14179565   
522.94380440   
526.07515582   
520.80947645   
517.33363786   
519.27889932   
522.13923136   
521.49738654   
524.55461602   
522.34418989   
522.81790020   
521.96065941   
522.99506576   
518.99549790   
519.01695358   
518.64437630   
521.21268628   
528.93298041   
528.20494161   
522.58052989   
527.60520315   
526.62182932   
524.51191541   
523.52257022   
521.84159945   
522.98050380   
524.71787003   
527.81293807   
524.12472409   
525.05009965   
526.91714654   
526.15638445   
525.31646607   
529.86581876   
525.76472853   
524.79617701   
521.00880412   
521.33406366   
521.99306689   
518.42276333   
517.10832995   
519.07419356   
522.03920223   
521.16237743   
521.58120668   
522.97797508   
526.58485042   
526.26547062   
528.81819847   
527.07462271   
526.58317993   
525.53613136   
524.00031881   
522.31850625   
522.51943634   
521.52305846   
522.77704114   
523.07188507   
523.92658052   
524.61711581   
525.59871234   
524.08607774   
526.48467871   
530.94223799   
528.52350426   
528.69484989   
519.56268334   
518.85113583   
519.45564786   
516.03834759   
516.68834671   
517.75123157   
516.88524608   
518.26834155   
519.48507518   
520.10577710   
520.52988825   
519.18894775   
522.83474712   
520.35850279   
520.12230248   
524.54022047   
521.64497905   
519.29565739   
522.25838116   
523.52135288   
524.00271244   
523.97047312   
519.74714019   
519.43983024   
522.20705170   
521.46925987   
518.29173078   
518.48943864   
517.53639949   
517.46670504   
518.88115259   
519.91461506   
525.04777534   
527.51679676   
518.69003731   
520.15070584   
519.80566360   
519.98985556   
526.55201908   
527.90431767   
530.98924465   
529.79342496   
527.00219154   
527.09200559   
526.98661845   
526.04073115   
523.01648012   
522.19203646   
523.87148704   
527.77543631   
525.97671290   
524.32521324   
524.12104586   
526.48152446   
526.39558223   
521.02313663   
519.03340986   
516.34234388   
517.21599014   
516.95364111   
521.89507611   
520.79617934   
521.05758750   
519.07081596   
520.85372242   
522.63682012   
521.52208154   
519.78815018   
519.60460381   
519.55435392   
521.22282147   
520.72852239   
519.50637919   
526.02055324   
525.49933560   
521.59704157   
522.47247324   
519.82741328   
520.46605326   
518.94078853   
521.64723323   
521.70250645   
520.19878408   
521.33906921   
522.32223957   
522.94562981   
521.24623246   
519.21407783   
519.04489617   
525.46384715   
520.00820381   
520.05524225   
520.01639330   
519.71727495   
518.78525195   
516.51017355   
516.41131531   
526.59724761   
521.34806330   
520.47778925   
519.83633360   
525.71849075   
520.01701543   
518.88879917   
519.84107124   
520.80646947   
517.57183692   
521.15542912   
522.44941581   
525.61527970   
527.08374428   
527.23529781   
524.27816607   
523.39586378   
522.30924485   
522.32136892   
521.43870548   
521.38742574   
521.21482353   
519.62305575   
527.85083747   
521.87569828   
524.25301479   
528.28045517   
528.91388818   
525.52843344   
527.38910786   
527.39056301   
527.16309553   
523.50194321   
527.82030227   
529.67466858   
525.51139450   
529.12109955   
528.27798905   
533.11180154   
536.98523266   
530.78393920   
527.31562343   
516.10879272   
518.91215234   
518.43304600   
519.74743559   
525.85134221   
527.27681031   
524.40265853   
523.86927999   
521.98554236   
526.64693489   
526.90676717   
530.30439916   
525.96281431   
524.87545761   
522.00624217   
519.25022829   
519.72062692   
518.65226651   
521.99571950   
519.68751574   
517.17071835   
522.56375716   
521.18582507   
524.37673707   
521.91444376   
520.88512847   
524.62007114   
521.32972385   
518.38190783   
520.56895613   
518.88271277   
518.85416477   
518.74450924   
519.02348945   
519.48512819   
520.73681307   
519.53316400   
519.70448348   
521.56955075   
523.24184363   
521.63280238   
523.72098820   
522.63883043   
520.64809548   
520.65221753   
522.67295851   
524.70447202   
525.04853496   
524.11508243   
527.33822763   
524.19857073   
526.48593248   
520.97306897   
522.60625614   
526.37422520   
526.12988243   
526.02679935   
523.44855764   
524.26244651   
518.50101748   
523.72644197   
524.97153834   
526.78473970   
531.36657907   
527.86576301   
524.65449025   
525.02923089   
525.19627999   
525.56772144   
527.95739110   
525.25745028   
526.73212012   
522.45866134   
520.35468606   
519.63202995   
521.38262937   
522.60958411   
521.49831374   
516.28514083   
521.61937215   
518.73991793   
518.30344157   
517.19436368   
520.17592224   
519.27338599   
517.76871829   
518.89285842   
523.43135589   
519.61565727   
516.13625491   
520.44791228   
518.19723782   
518.91627258   
521.25647762   
518.22960537   
519.54207560   
520.38594523   
520.60653652   
518.96569464   
519.13991554   
520.68236907   
519.02735647   
520.27085293   
523.55986315   
523.11875465   
524.11254764   
522.31889265   
522.78511646   
520.39207018   
522.68599714   
521.28551216   
522.87172777   
521.27985277   
522.65539415   
526.70602795   
523.27142625   
523.19240219   
525.93040377   
526.10538558   
520.95875071   
517.36391531   
522.46915982   
519.72392994   
517.84193364   
521.25733334   
518.12713480   
518.47429081   
519.10492157   
519.53903984   
518.07266801   
518.61647407   
519.90205710   
518.93741687   
520.31781742   
518.69379573   
519.48166417   
518.52085567   
523.56489274   
523.22357901   
522.15891280   
520.50935719   
516.69687851   
