1721.28413313   
1744.13249787   
1723.73606851   
1719.88171125   
1697.45212289   
1626.94942867   
1627.91477105   
1629.98220068   
1541.17753644   
1519.22330145   
1482.49298877   
1550.96013020   
1436.36547551   
1484.77982207   
1538.64434210   
1327.68359615   
1282.34803568   
1299.81302664   
1280.93627499   
1258.52683198   
1270.48055197   
1231.73723866   
1243.79081232   
1225.99972338   
1220.05562531   
1211.91147591   
1222.25720676   
1236.56147298   
1210.78432131   
1230.67335513   
1212.03415649   
1235.60556566   
1219.92811306   
1242.68973968   
1235.21150832   
1222.65598348   
1214.60958700   
1217.17379674   
1211.41314394   
1247.03143565   
1221.57473562   
1265.44188306   
1222.51604204   
1254.58557243   
1224.97264087   
1232.74337484   
1199.19205931   
1216.16818260   
1199.33845097   
1199.93613432   
1189.45332928   
1224.11860500   
1216.46403334   
1197.28010620   
1205.72894727   
1204.98758013   
1196.36749671   
1196.91003431   
1180.19750720   
1194.86962307   
1205.80601903   
1196.93908504   
1187.12582215   
1193.66373232   
1190.13370005   
1173.88120834   
1178.42795196   
1187.98223794   
1181.74804057   
1183.74560339   
1203.95237914   
1182.36207947   
1177.29763234   
1197.80979708   
1195.77502229   
1218.83720915   
1180.09825625   
1187.80049819   
1236.31521119   
1187.09822297   
1187.22383727   
1187.18852803   
1205.81935457   
1203.86894165   
1176.49695238   
1191.44003081   
1180.60085912   
1207.21000236   
1190.58434380   
1172.32512120   
1180.62470406   
1174.51683481   
1184.46221187   
1189.24277415   
1180.07658153   
1197.23630980   
1173.74813598   
1221.06668318   
1187.46242425   
1175.31416577   
1171.94032917   
1188.30504812   
1171.67272911   
1187.12849622   
1172.31323026   
1169.23792286   
1180.83542604   
1188.19799098   
1240.02407215   
1180.93270042   
1187.06759753   
1181.84801472   
1185.42897106   
1190.31500221   
1179.26158405   
1186.80271038   
1179.96718914   
1179.35837614   
1177.90067673   
1192.90492453   
1185.47910808   
1183.81279172   
1172.12463072   
1181.72117017   
1194.36051576   
1188.51856741   
1171.52739684   
1167.61948310   
1169.04630555   
1173.34529433   
1173.67533451   
1181.61747560   
1180.21840621   
1180.35926561   
1191.95733459   
1180.23879457   
1175.72017309   
1183.87939675   
1173.27123185   
1189.07569069   
1183.86585169   
1167.13361725   
1163.23205003   
1174.24714068   
1170.15031876   
1173.95117490   
1185.63957587   
1167.15998358   
1165.18109552   
1214.33056017   
1178.23235361   
1174.03111178   
1207.12578114   
1166.26089696   
1170.10526799   
1165.08721608   
1164.04321418   
1186.16184667   
1198.42165605   
1180.12971905   
1171.97396929   
1172.49869288   
1179.58798951   
1214.20256047   
1168.37496573   
1185.24483473   
1185.93669942   
1165.74606961   
1169.33648842   
1163.00022113   
1167.78765180   
1165.47151166   
1171.34694186   
1188.25680112   
1169.62941809   
1167.88793766   
1177.58145693   
1184.53947934   
1177.49919284   
1169.97447135   
1173.60008006   
1166.48040880   
1190.65142332   
1190.99896562   
1195.64063553   
1179.72510026   
1177.40239611   
1183.93619463   
1170.03165985   
1195.73295387   
1185.79537746   
1171.91036345   
1206.72698802   
1185.93536339   
1194.04589717   
1182.90118013   
1169.31518326   
1172.55841597   
1183.60483721   
1190.62051180   
1162.65313315   
1172.23705351   
1188.62270435   
1176.26482135   
1169.01340977   
1177.65288927   
1165.31724604   
1169.81021652   
1164.65275736   
1197.39852088   
1179.74296307   
1176.02295530   
1177.63691755   
1195.10007662   
1167.73751909   
1169.47332019   
1179.43658790   
1177.31529888   
1219.30924050   
1177.01218517   
1169.62559998   
1180.45546004   
1176.68766976   
1205.51032254   
1180.20925348   
1164.52461974   
1167.55879561   
1167.76576225   
1187.47648225   
1199.25497776   
1167.10457698   
1168.46104778   
1182.51315598   
1182.42516844   
1183.85313680   
1193.54209138   
1174.62186076   
1184.44827755   
1181.82647646   
1185.02601265   
1200.00753764   
1186.12322055   
1166.11114996   
1180.67048156   
1169.03167561   
1200.46536238   
1164.23344274   
1184.85488112   
1176.19979951   
1176.02348290   
1174.86759946   
1171.14139872   
1164.32910645   
1182.65067690   
1172.62696889   
1171.74648534   
1168.01783076   
1167.89122866   
1174.30784568   
1172.09241884   
1199.98897029   
1199.73636938   
1175.48275291   
1172.49399381   
1170.21120188   
1174.89468032   
1173.57610707   
1169.79730093   
1196.96613403   
1177.81211404   
1192.90699850   
1188.50013293   
1187.32189726   
1219.09106819   
1193.86775876   
1164.58535415   
1171.65269933   
1181.09933754   
1205.97098773   
1177.61949918   
1183.82963259   
1170.68925649   
1173.37818194   
1187.84300969   
1173.84288587   
1188.70291885   
1182.09992036   
1190.93859963   
1167.18053909   
1178.83857789   
1173.90437963   
1173.72734493   
1173.54384623   
1169.10063099   
1166.01462312   
1183.35519936   
1169.15630044   
1188.27773804   
1181.87947415   
1165.43075202   
1176.03086906   
1168.25603133   
1170.31475411   
1175.30772173   
1187.83605474   
1178.58757964   
1173.28015627   
1183.37343258   
1189.93269962   
1170.97480864   
1192.76055688   
1168.66851770   
1176.84190375   
1167.88953945   
1177.00688134   
1165.52249360   
1172.36504527   
1185.34646962   
1165.53746343   
1194.26460655   
1198.82200595   
1200.73638239   
1185.71565329   
1172.53957450   
1176.91144914   
1266.82848591   
1226.79393128   
1170.80376959   
1174.65161893   
1162.51558183   
1230.84660632   
1173.23988384   
1173.29362229   
1202.70868827   
1173.87113207   
1176.21736439   
1179.13743937   
1171.70988082   
1168.49064907   
1178.91619551   
1190.69877132   
1179.88429453   
1169.08636297   
1181.85326723   
1188.00487973   
1170.44338249   
1169.82242104   
1166.71025131   
1183.35523418   
1165.13326399   
1180.15048263   
1173.37289768   
1171.80981984   
1178.21252808   
1176.70056157   
1181.40604751   
1182.02345857   
1190.31792785   
1179.22528935   
1165.65627313   
1167.58565553   
1179.48977592   
1166.17036608   
1172.26339790   
1190.10273240   
1175.52355224   
1175.90887245   
1184.22461938   
1177.94003869   
1166.74609414   
1170.48972436   
1178.44221350   
1185.84259277   
1182.60280306   
1187.76844318   
1178.39212082   
1177.17783346   
1183.61715522   
1173.79319513   
1180.84630017   
1174.23221754   
1178.10433957   
1182.11803053   
1241.37495924   
1165.70339731   
1205.33349642   
1192.34012305   
1163.80408792   
1166.02869278   
1182.84360205   
1180.46033125   
1192.43063745   
1177.60513233   
1187.46170713   
1175.10832125   
1172.26878676   
1188.60407180   
1165.75529698   
1164.93214984   
1172.63282635   
1179.02683347   
1176.30088804   
1171.71913886   
1173.91093043   
1176.98310172   
1170.43329165   
1167.76449200   
1187.22564877   
1165.79737284   
1188.48012762   
1172.15854928   
1174.07140856   
1206.16707340   
1182.60932494   
1171.39663982   
1180.38588803   
1184.94393585   
1177.81491262   
1174.47066829   
1188.49828120   
1174.57794486   
1189.87889775   
1174.43989406   
1178.56209489   
1180.26158223   
1181.03589574   
1174.67613155   
1175.69230897   
1174.88597343   
1189.69058526   
1204.83961111   
1164.40126731   
1188.29487061   
1176.84263623   
1170.97642869   
1174.41874094   
1170.47441967   
1182.41052715   
1168.94666809   
1172.62060953   
1177.01965880   
1177.05017560   
1180.45867672   
1168.61290514   
1189.29454620   
1162.55791108   
1179.97667581   
1166.33497656   
1186.78168057   
1175.51229067   
1191.40064766   
1165.21759842   
1181.09272088   
1176.34425892   
1168.42585834   
1178.58106874   
1173.15904198   
1177.34271988   
1172.56029682   
1190.13566029   
1163.55943141   
1197.48975826   
1175.37758269   
1176.80522073   
1174.52108677   
1173.98463549   
1171.71066038   
1189.13552617   
1169.32127462   
1172.39482137   
1161.44796015   
1181.74826493   
1177.28747290   
1177.81956661   
1185.83100840   
1171.75630324   
1213.24946990   
1169.46786953   
1189.80444173   
1185.30613470   
1193.00892573   
1167.85000812   
1170.98491014   
1186.14896716   
1175.20765735   
1166.54319952   
1173.39951050   
1174.78824483   
1184.67687616   
1164.06909285   
1179.44876650   
1187.44798145   
1172.99336212   
1167.00533825   
1171.12462525   
1175.11922336   
1167.48996332   
1176.07551574   
1169.21232991   
1181.15865994   
1173.85983796   
1160.70519439   
1181.28057522   
1201.74020739   
1169.28778125   
1174.10587922   
1187.20627302   
1178.48361356   
1171.06511235   
1184.05764591   
1191.29101430   
1172.98858949   
1193.44079551   
1170.87596064   
1172.39795500   
1181.98526808   
1166.53273878   
1177.00802578   
1176.75541371   
1173.32844513   
1174.12561418   
1177.69437435   
1172.03213639   
1178.32535731   
1173.97134544   
1191.76589937   
1166.63839069   
1181.60306953   
1174.82717536   
1172.16536640   
1168.86120436   
1185.86176275   
1175.59959832   
1179.77464724   
1166.96868880   
1213.98983809   
1178.33831407   
1168.64088107   
1166.83559887   
1196.57106354   
1177.89544996   
1177.63571909   
1193.68946212   
1190.01330425   
1187.09813079   
1170.61412164   
1190.01512730   
1167.23404612   
1176.10834290   
1181.54256612   
1168.79183613   
1197.49768448   
1198.27883437   
1188.35936222   
1178.93058538   
1203.87748166   
1179.59285681   
1185.23616836   
1168.81780226   
1164.32341874   
1174.59239478   
1179.63333626   
1164.13099047   
1186.00670704   
1176.09762750   
1176.36512135   
1181.90947670   
1190.43004180   
1184.58329122   
1188.51955928   
1164.99620276   
1170.07160832   
1170.96734185   
1177.01332321   
1170.50639049   
1169.91726050   
1171.41795295   
1176.58852074   
1171.34035406   
1190.66621406   
1168.37770047   
1170.63012264   
1177.95368645   
1165.68883935   
1173.48457539   
1184.65944691   
1179.90417034   
1195.73024053   
1179.57125843   
1234.86734036   
1167.03552472   
1188.19466726   
1200.79040708   
1163.45451037   
1164.24375567   
1175.97338549   
1195.45381866   
1164.06481836   
1168.96053394   
1163.28507154   
1194.25430288   
1175.54160634   
1177.52325232   
1177.12076160   
1174.08877739   
1197.23685515   
1169.90467261   
1172.00394762   
1178.75511565   
1167.12720579   
1164.55000794   
1169.44057697   
1208.55931018   
1173.58789629   
1163.40130328   
1202.63600700   
1179.08286274   
1162.07362904   
1178.55344194   
1181.13015400   
1184.50708491   
1168.68516083   
1180.38255446   
1171.34497635   
1168.65655748   
1172.36281139   
1180.80175163   
1174.44407801   
1189.04962696   
1169.69662893   
1184.98452065   
1163.93804166   
1160.95272913   
1174.00188035   
1176.29456049   
1190.52536919   
1175.49673002   
1168.69754509   
1172.35735165   
1182.57546342   
1172.94100102   
1164.68032234   
1167.43124274   
1178.67612219   
1180.65781879   
1182.34716730   
1176.08344983   
1167.89738349   
1265.03338717   
1169.93871618   
1167.14007952   
1202.03863004   
1165.89066256   
1181.38538196   
1195.28583447   
1172.16105585   
1170.35599030   
1184.97147705   
1170.52127524   
1238.46980802   
1208.89618206   
1176.91883372   
1174.75535490   
1178.72001803   
1168.98300859   
1173.59493349   
1185.09214549   
1190.81349026   
1171.20706033   
1204.27781190   
1175.07387717   
1179.31872920   
1187.09158627   
1211.86030432   
1171.03028363   
1174.11849359   
1223.76893299   
1168.42454062   
1178.74644697   
1171.82291819   
1179.62071240   
1182.94819021   
1171.18635689   
1195.55710300   
1196.41741533   
1193.69399324   
1174.82473768   
1164.12005365   
1202.11646089   
1211.86589243   
1168.15447798   
1176.81200397   
1176.18900704   
1176.15151558   
1226.21321782   
1182.88870293   
1173.69571361   
1166.66836596   
1178.67407488   
1177.84594112   
1207.09152694   
1174.87211053   
1183.45593395   
1194.33236060   
1184.53807112   
1175.53330753   
1175.24405287   
1164.36858507   
1175.35038778   
1177.15110339   
1187.44057539   
1188.84739453   
1189.33441298   
1175.95686473   
1206.73654383   
1195.14248260   
1180.61533038   
1169.77228774   
1179.58243305   
1175.78619149   
1174.47890718   
1196.03478487   
1187.25826252   
1178.64488472   
1164.20857464   
1170.64970708   
1177.49063705   
1171.27614332   
1175.22662011   
1179.33513134   
1185.63084326   
1184.91310141   
1176.83437485   
1165.97936909   
1174.31812273   
1173.63966185   
1166.46040741   
1174.74331571   
1176.74644927   
1229.97390091   
1171.20300259   
1171.00838631   
1176.10442558   
1174.69026004   
1185.07010395   
1189.58323313   
1172.21406154   
1191.58211543   
1201.17618982   
1170.69716514   
1172.11944702   
1173.25698509   
1212.67199943   
1170.35257036   
1174.48149544   
1174.18187423   
1197.84601154   
1177.39281309   
1180.13469881   
1188.32717796   
1195.31779893   
1184.53904130   
1162.61121472   
1181.95657744   
1176.42066323   
1173.77702490   
1171.75069076   
1176.05545566   
1183.47083877   
1164.76393846   
1172.02228557   
1169.72995496   
1184.09468305   
1174.99906991   
1195.40888768   
1185.51900854   
1168.28800873   
1176.64460986   
1165.44788046   
1175.78367796   
1175.37897472   
1189.08601420   
1206.83180350   
1187.91540105   
1179.52162238   
1184.00324065   
1199.27873833   
1180.12529735   
1182.94997036   
1181.18476500   
1181.20153999   
1183.02655699   
1179.16007076   
1193.97553855   
1174.80089674   
1180.52417961   
1186.83404367   
1178.80979044   
1186.45737920   
1192.98101381   
1193.89660771   
1192.56023410   
1191.78842744   
1183.95815056   
1173.14886933   
1214.15404898   
1177.05399412   
1201.38130686   
1172.81371468   
1198.99766697   
1176.99708720   
1179.02311927   
1180.91364491   
1182.08871825   
1177.59131927   
1218.43799448   
1173.66913857   
1181.01799284   
1198.64301525   
1206.46806633   
1188.55013257   
1176.92000466   
1175.63025634   
1172.73300643   
1210.58550502   
1187.62353515   
1175.96076642   
1180.23505576   
1181.93201889   
1173.47329612   
1199.28472810   
1180.15372532   
1177.66526269   
1187.06831260   
1183.44581123   
1212.44412758   
1182.89566691   
1180.42934423   
1180.17171291   
1184.49503185   
1186.58097561   
1183.92444277   
1196.62104571   
1208.65688302   
1199.87203347   
1183.10088577   
1204.28693563   
1209.00908712   
1204.11859260   
1179.85276578   
1188.37861060   
1179.35587276   
1186.91784701   
1188.62585902   
1184.19819784   
1192.73056898   
1183.72901819   
1191.89675555   
1171.05913734   
1165.48625991   
1182.64920696   
1174.16748241   
1171.90559303   
1178.79359558   
1188.79201404   
1204.40121169   
1181.96502286   
1181.23739884   
1185.01530681   
1178.03940506   
1175.64266683   
1167.38898667   
1195.79673076   
1174.68299970   
1163.93674975   
1198.17737465   
1178.36318014   
1180.08912290   
1172.83098058   
1170.65209910   
1169.88456985   
1181.41637390   
1177.39483528   
1186.22951337   
1169.26699506   
1246.42570469   
1176.68033445   
1185.51690284   
1180.37509952   
1201.22143960   
1177.45231483   
1172.01218088   
1173.85382865   
1175.52693297   
1223.09883053   
1191.46059401   
1190.82897582   
1171.34032189   
1183.00917317   
1175.61722717   
1177.30507534   
1168.11014863   
1177.43048759   
1205.59742774   
1171.26169569   
1198.47311938   
1184.56652742   
1174.73368975   
1178.31759266   
1183.06533097   
1178.58371509   
1207.03353227   
1169.76469785   
1204.91237558   
1192.35144527   
1197.80880613   
1169.91926268   
1165.06423183   
1171.56068146   
1200.10928996   
1188.07060603   
1178.12571843   
1178.23553325   
1184.26649339   
1168.88940684   
1202.36189586   
1180.31037472   
1189.99586953   
1169.64060741   
1173.36847887   
1181.05482902   
1186.99232094   
1213.23864833   
1193.84857030   
1175.97917783   
1171.27806718   
1174.89767880   
1192.83585745   
1176.50247266   
1179.36062074   
1200.69844477   
1174.86400114   
1178.86932544   
1174.40995157   
1180.14637485   
1166.76977885   
1183.03291805   
1169.09031852   
1186.40656573   
1177.87088739   
1169.54106504   
1168.18137711   
1175.05663621   
1171.79354397   
1181.17721877   
1192.58283919   
1163.37052588   
1178.12180839   
1162.76171694   
1188.16736380   
1178.41722595   
1176.55929685   
1170.63159803   
1177.43543168   
1166.45989684   
1172.36179254   
1191.11830307   
1167.05134621   
1168.98128500   
1169.40459269   
1189.68803943   
1181.93377809   
1177.56634379   
1167.47979892   
1198.45865184   
1168.43472080   
1196.65172430   
1186.10655833   
1187.08270298   
1186.82356297   
1198.50339314   
1180.60576679   
1163.22247880   
1183.71257825   
1173.20195766   
1187.23808159   
1169.80705613   
1200.30521563   
1175.99044193   
1175.85125470   
1197.48318786   
1179.81717272   
1165.13429059   
1179.24942855   
1173.64527443   
1187.90421746   
1174.47992890   
1186.08569236   
1188.88948147   
1177.46555412   
1185.77620010   
1176.18416595   
1206.15036530   
1182.76335774   
1192.59025115   
1167.74898335   
1188.42763744   
1169.75445877   
1205.15242547   
1189.54333163   
1174.50353573   
1212.59413145   
1184.44244503   
1170.13420395   
1172.93012074   
1173.66827761   
1189.11380706   
1201.12794893   
1164.45396557   
1179.18058579   
1180.23518727   
1168.48509483   
1170.02522611   
1169.52034522   
1180.37920753   
1170.25227964   
1180.61141333   
1177.62693263   
1172.83462146   
1187.97536347   
1171.09726317   
1172.02675908   
1180.68040837   
1199.82325531   
1168.12293050   
1180.89774935   
1192.05672238   
1179.07396253   
1186.38364114   
1172.21955751   
1178.58994032   
1187.72956807   
1181.16366810   
1171.97080540   
1184.04443056   
1174.27140728   
1186.63059657   
1216.68547374   
1211.22334267   
1177.95913939   
1192.58188910   
1207.43906608   
1179.86174906   
1201.22888861   
1191.63024373   
1183.53822597   
1178.57093512   
1198.14036828   
1183.31934328   
1181.58432495   
1183.72335366   
1211.09627275   
1202.11550186   
1180.58636358   
1193.13111643   
1214.23243316   
1182.79317520   
1192.90635785   
1191.36566114   
1194.54877789   
1170.76946917   
1169.19085253   
1200.92528594   
1170.42204416   
1170.09819464   
1171.39693488   
1181.81651894   
1171.73565800   
1188.51516700   
1196.57218216   
1185.37983060   
1198.68556397   
1182.42300915   
1181.79089993   
1179.19345792   
1182.65726191   
1184.53663158   
1202.92854217   
1184.61045194   
1181.12693991   
1197.07108818   
1193.44136679   
1187.47523744   
1186.49900694   
1177.47668353   
1181.50739195   
1174.39315087   
1192.72951106   
1180.78786535   
1180.50854218   
1171.03685762   
1180.30216378   
1170.25740098   
1182.17334261   
1183.96669265   
1173.51423047   
1188.97482906   
1168.02791532   
1188.99880280   
1177.36626708   
1176.34398530   
1171.41453007   
1182.29723571   
1176.37899256   
1178.88785855   
1169.83285067   
1215.30629528   
1177.57737429   
1187.49802160   
1197.57102363   
1172.61642564   
1167.69977166   
1193.04518123   
1187.29911732   
1187.14453540   
1174.95297625   
1203.17539637   
1183.35043190   
1178.17270584   
1183.82426559   
1177.61689496   
1184.16907221   
1177.40164495   
1172.30512364   
1185.57868063   
1177.02730228   
1190.59652177   
1162.10751663   
1168.04982949   
1210.65991812   
1175.05871596   
1173.47098025   
1186.17283467   
1163.56588623   
1176.69456387   
1178.08482948   
1203.07913569   
1174.44535606   
1174.57248027   
1168.04158320   
1185.47506023   
1167.67740393   
1187.48895244   
1170.37006455   
1173.93601932   
1171.50603491   
1187.20345113   
1165.47576448   
1160.82614652   
1174.21192456   
1173.64065071   
1182.87101256   
1186.18503863   
1174.10662123   
1165.11738645   
1175.01734440   
1188.04587292   
1168.06336292   
1187.68767902   
1169.57615357   
1175.64559293   
1167.28598041   
1161.68795630   
1175.26864857   
1174.12834036   
1200.36032332   
1162.34508525   
1198.01705338   
1181.26774711   
1174.42308304   
1175.79473248   
1168.63364501   
1186.60056379   
1168.81167278   
1162.89841990   
1190.15883456   
1176.38824331   
1167.25920038   
1167.36531035   
1169.91640522   
1178.76180868   
1168.75988170   
1164.90399928   
1183.14094568   
1177.32159876   
1175.69995903   
1172.19846162   
1185.70772648   
1169.53608263   
1176.66856227   
1216.72435770   
1196.44568581   
1183.79206509   
1175.23042791   
1216.77634652   
1175.09178977   
1191.57230807   
1174.34510418   
1190.34633029   
1200.61885216   
1169.36792294   
1193.81730591   
1173.49953257   
1173.11630554   
1163.44072722   
1170.69023689   
1179.09386002   
1172.58598670   
1172.09483536   
1163.76396379   
1161.89452490   
1177.09192600   
1179.89394477   
1171.19192447   
1186.45407957   
1169.90898278   
1168.64127605   
1168.57945652   
1178.92022460   
1189.58319421   
1176.31768134   
1195.63798213   
1175.37292953   
1177.14126702   
1163.62155025   
1182.66657561   
1164.51639586   
1179.07009503   
1173.83193620   
1169.77332325   
1186.71859971   
1172.52112899   
1185.23836467   
1173.90612160   
1204.36552668   
1171.47621182   
1169.69279516   
1173.99886003   
1165.82293264   
1176.15473157   
1178.91466820   
1166.55250111   
