1234.13111092   
1193.98771676   
1288.21640752   
1044.41244855   
1077.16215807   
1065.54773041   
1037.64794029   
1026.61742369   
1036.96607276   
1182.78205019   
1060.41264395   
971.55501521   
1021.83437149   
958.18852638   
1004.91862663   
985.45165738   
1010.02495555   
936.95521750   
983.49204335   
880.38206776   
920.83754062   
831.81203527   
923.15462803   
821.94348724   
793.01774352   
774.67595561   
784.68737642   
757.92275886   
779.69577751   
778.48321230   
786.53997271   
840.89746490   
764.87234006   
730.82735112   
703.60457534   
740.15809662   
712.81249871   
719.68891239   
712.31178480   
779.05445669   
694.94810506   
689.60379559   
691.46310164   
657.29528604   
647.00987786   
669.26377698   
675.54663227   
631.32445002   
633.99242058   
631.96469928   
638.61373073   
674.50653278   
627.13735027   
656.24970910   
636.87995628   
655.04973342   
633.16707007   
633.21932733   
661.30180266   
667.66647763   
648.74645649   
629.79332123   
652.38902702   
634.37100428   
649.10520257   
649.74868962   
637.34702646   
639.52279878   
631.12622359   
627.92394633   
644.42726657   
634.95250985   
674.38959708   
661.06598471   
637.31788761   
661.49220885   
643.21755720   
626.40203505   
618.74956412   
623.67616638   
615.43407008   
628.27411453   
629.92092774   
619.64813197   
656.56488385   
618.34479144   
634.84441873   
639.50942359   
636.05837937   
634.30985484   
617.40248825   
627.27012895   
633.44450221   
627.14275970   
624.43930865   
647.82868317   
632.16024295   
625.43715034   
633.98442169   
636.62635552   
622.09319529   
624.05645035   
620.36282527   
626.75352673   
621.42124662   
617.32187627   
624.56576554   
628.75491672   
617.74351256   
646.32291323   
618.45621451   
632.55445516   
618.94193720   
637.34900918   
612.28404203   
623.07937495   
608.99187065   
615.14017051   
624.50373421   
609.68990931   
616.12122679   
615.60106525   
619.61053523   
649.53235055   
625.61124636   
609.69484085   
611.92128766   
618.78139474   
645.07422709   
608.31250175   
620.13210060   
609.82383306   
615.88914388   
608.98475748   
620.14483821   
609.51920261   
610.85493673   
610.90821762   
608.72925477   
612.85367190   
613.85846511   
607.33468788   
615.46689688   
615.34640761   
613.99203386   
612.79418334   
629.71458756   
612.24042284   
619.60715228   
605.72216816   
605.35225311   
614.88557712   
600.02664890   
593.22799202   
591.83358988   
597.88387431   
602.80008242   
600.33419937   
593.62910915   
593.07533680   
592.97435543   
625.03427475   
600.34940278   
591.15976997   
592.07161093   
596.21509523   
604.94802844   
589.30258452   
592.11067589   
603.70826973   
595.68440334   
592.95300310   
587.79177800   
589.19557459   
593.53000574   
605.85338327   
589.52045414   
590.64318638   
590.02623681   
589.31349785   
605.69343865   
580.14134351   
583.78395165   
580.91025605   
591.07429917   
580.27158180   
577.16586073   
575.61786492   
585.18942349   
582.57157537   
583.91119272   
576.04756832   
579.04706680   
583.67187784   
576.42738545   
584.76177433   
576.73299651   
576.06201054   
580.83805017   
605.99854833   
587.68863809   
580.57890955   
580.70946864   
578.38080701   
576.84007716   
582.46035720   
582.77503052   
603.10926623   
582.76758562   
576.39500672   
586.11334517   
584.79173635   
579.02923555   
602.07014266   
579.30156994   
582.33196792   
574.11617316   
580.16780172   
574.28430327   
579.98842354   
591.47860058   
574.50871149   
589.25423423   
576.40823307   
575.87800189   
582.16237205   
577.81144513   
579.97265623   
576.78746429   
581.00081394   
581.28817510   
575.56791406   
575.00976466   
572.12095915   
572.42016425   
580.09433917   
573.11751255   
572.62772401   
567.30012113   
565.31864271   
576.62869025   
572.53789768   
562.34656793   
569.91679316   
584.33587403   
567.19994310   
559.28723069   
562.48706242   
559.90877070   
559.41368894   
565.76383084   
563.62186710   
564.36439213   
561.54051128   
558.90381544   
554.76764685   
553.90146818   
561.20393023   
549.39722292   
549.04978266   
553.97116657   
552.16119492   
547.41201053   
545.46858596   
573.19018916   
548.16348158   
544.70809065   
540.77728846   
542.97519120   
545.59298209   
546.80517559   
545.21699831   
553.22018959   
547.86030124   
541.97668699   
543.09863352   
556.73137010   
553.62545949   
545.38085416   
537.47335368   
540.99393577   
543.29946994   
535.41135550   
537.04790343   
545.56827544   
544.77355820   
542.55571592   
548.32599081   
541.83524236   
537.75077445   
537.88850495   
549.37912389   
543.72687425   
536.59229293   
541.25295578   
546.59956430   
537.00811916   
534.66331259   
531.88874265   
529.37923197   
539.73388020   
531.86337570   
529.29079754   
539.84632212   
539.91348966   
526.97506450   
531.18245888   
531.69778205   
545.13028457   
532.81334422   
536.50286908   
528.09823076   
528.90172908   
531.14389300   
535.14994792   
534.28255019   
537.84030386   
535.04880727   
532.19783403   
532.44106729   
541.27306717   
531.63800170   
535.60580341   
540.28823623   
532.18927204   
540.31095043   
541.77415376   
531.89987363   
534.14341013   
531.06644480   
531.64971405   
528.32900444   
538.06852579   
536.56603548   
529.40343320   
532.07882421   
544.42763557   
535.90460031   
545.25599940   
527.82571980   
524.16516196   
524.09532025   
519.73179246   
520.99023872   
526.45595967   
518.47976971   
525.18924582   
524.92093602   
520.50926942   
523.03917914   
528.93114033   
531.85278885   
529.15039763   
519.98842192   
528.15598065   
530.33145609   
524.44760188   
516.78740724   
525.85460990   
516.75606223   
521.14200757   
520.07493806   
529.99676144   
521.24910967   
522.09241482   
516.04914715   
527.04598405   
528.32076285   
523.08388818   
522.06284456   
528.63430674   
523.75353636   
521.69837911   
519.78157748   
526.23509656   
522.47098750   
525.59736174   
526.31875013   
520.38349488   
517.16787308   
521.91332053   
518.44720803   
524.92030027   
528.63657598   
523.09067526   
520.53938365   
523.59686612   
521.02218036   
536.77430587   
530.07630139   
523.78621271   
526.32758634   
521.69178372   
519.79655450   
522.55486490   
522.17665090   
528.19335752   
523.63109104   
543.01594004   
527.53671101   
520.87892291   
528.33551106   
525.93152778   
532.22791574   
528.64754538   
528.45868513   
518.57751706   
520.51310964   
529.85800732   
525.66404218   
522.31583120   
521.48258377   
519.38380294   
535.15977856   
524.83132008   
519.97380345   
520.99560323   
529.97303339   
529.58670521   
526.73870591   
519.86270811   
524.20123957   
521.49443720   
521.20505659   
521.96007442   
530.40581584   
522.45451508   
536.83280816   
520.41148480   
531.95963555   
526.38224183   
527.60607916   
529.82614802   
535.15317233   
518.73280790   
521.51609305   
531.51020021   
537.31013924   
520.19813594   
521.61126372   
520.20085993   
518.13359845   
522.80364026   
520.00422937   
525.79738826   
523.86188296   
533.93568104   
526.87340040   
523.64322820   
523.40439750   
533.42259171   
519.73019846   
522.45300881   
527.85627385   
522.59694013   
530.22556628   
523.34087260   
516.83166969   
521.61535522   
528.19899782   
533.23264649   
523.22979799   
530.47822505   
528.49737116   
526.78498138   
517.01382112   
529.95602248   
523.47887863   
524.45012606   
524.54573143   
522.90034932   
530.56007635   
530.14917197   
524.23820009   
524.88626791   
524.81574148   
518.19742373   
528.52079569   
517.31039837   
529.14361930   
524.92835310   
517.19224431   
521.17083076   
523.86611698   
524.23627222   
524.89668145   
525.66842741   
526.59978000   
520.08067657   
520.57626558   
521.53569618   
517.29476750   
520.09321723   
522.01508687   
519.31166729   
529.22945936   
540.63601212   
532.97289797   
527.03512738   
516.48604071   
519.54739414   
522.09802568   
523.67940060   
532.37612654   
529.01451254   
534.95475244   
544.05759894   
524.74070164   
521.41430517   
521.61479097   
537.91517740   
522.61171200   
525.56952501   
526.38941556   
523.49646782   
525.68708661   
518.94729002   
527.68572607   
521.39486655   
526.86700506   
531.52426568   
535.89944943   
518.30826980   
522.31375232   
522.74669819   
534.20178248   
525.50528180   
533.65807178   
528.88679185   
524.28021789   
531.95960467   
532.71446592   
523.36306282   
526.15863581   
522.40867472   
524.66589580   
531.20357321   
520.70745869   
523.55521112   
522.58423259   
525.80309400   
520.16148426   
531.55902204   
533.14678990   
525.99939862   
525.61565387   
526.08797905   
525.91624301   
527.68085418   
548.56098097   
522.74860539   
534.85197282   
521.00807451   
525.77585363   
539.09503107   
533.84296870   
517.48671353   
521.04440537   
527.26038482   
526.21643252   
522.81225880   
524.71058729   
519.54372147   
533.63618103   
521.12172387   
555.52415059   
531.28445950   
523.33473858   
545.44281599   
520.51399734   
521.58400083   
519.27414601   
525.91878993   
517.64679734   
522.73552070   
520.96170012   
522.34456573   
533.42493900   
520.64488245   
519.66331874   
538.07377819   
521.61242483   
540.52740905   
534.67070034   
518.61537536   
521.25513357   
539.18435723   
525.77505363   
520.45094225   
526.56276508   
529.64680619   
523.46816262   
535.47160385   
532.07661862   
519.91444301   
534.88895667   
523.29690581   
525.71885793   
520.53923848   
526.92725213   
518.46105451   
523.89800481   
519.88736823   
519.71880167   
534.16216126   
516.50831811   
523.21352329   
519.84408168   
525.10567045   
527.80735891   
533.91448164   
526.14971315   
526.93294712   
523.83534238   
528.63231000   
520.46666360   
519.40863466   
519.03514989   
523.91616274   
522.63965852   
517.94586156   
525.37222707   
521.25600122   
523.60865903   
531.53203152   
525.30720968   
521.52558401   
536.90911294   
523.19975516   
524.61318482   
522.85400165   
524.58465557   
535.17220897   
526.67110988   
526.75984280   
542.16588094   
530.85153500   
525.55977223   
556.51429998   
523.95372253   
529.25973486   
534.24803409   
550.18675819   
529.65903566   
545.03879453   
529.36735510   
540.09886159   
539.98452792   
519.62411747   
524.34068933   
524.59472254   
530.02089435   
521.62740220   
520.85894703   
523.73932860   
536.87773170   
528.08899448   
534.69863243   
537.79864712   
538.31941829   
523.80936587   
520.87526543   
521.33267546   
529.23753947   
521.52285141   
521.96135798   
528.99196284   
531.95825854   
522.54285167   
526.92172512   
530.31138435   
538.35268487   
523.47648380   
525.77307252   
528.77642807   
520.72408692   
540.29313332   
530.20172273   
528.94095198   
517.03770585   
525.64866170   
519.93189771   
522.85341279   
526.66562610   
526.22912053   
521.95280202   
522.90192528   
527.03323338   
524.98295614   
518.89548539   
519.88453421   
520.23119828   
518.31152346   
526.83654069   
526.83999214   
529.66358886   
518.55667878   
529.54757441   
523.97469262   
521.87698285   
521.96151474   
533.28262095   
534.17553180   
523.36080101   
519.20143474   
521.32414741   
529.33911090   
524.01008219   
524.31552317   
526.80932152   
527.10077407   
532.47690554   
522.77297560   
534.77796873   
533.81350632   
549.71301653   
525.14233822   
545.43895725   
531.95060104   
524.38395953   
529.93267495   
530.70762329   
530.79787963   
535.49037321   
523.65873597   
534.30044764   
532.00690821   
541.16355862   
523.15911509   
533.74634098   
521.24357635   
525.12662902   
527.40875507   
527.51717758   
549.00088203   
524.76527138   
540.19855730   
527.07428113   
531.69347726   
531.44818795   
523.16358162   
520.99542991   
519.94305761   
526.19516090   
532.14145333   
522.18577683   
523.70167091   
524.27758416   
529.44536900   
523.32846108   
522.91159329   
526.66039963   
529.33814852   
521.84818230   
520.02581874   
527.58563865   
523.71388900   
531.95130076   
546.85061631   
525.17052366   
522.04071573   
524.29368932   
523.76001598   
540.78746937   
528.03742100   
524.54228515   
531.23255227   
528.07969798   
524.84348276   
524.24467787   
531.77275571   
539.56079329   
536.94943697   
541.04845565   
526.22617441   
527.98790967   
525.55845554   
526.77236226   
538.06874165   
538.27408593   
537.74922062   
529.77153122   
529.77823190   
524.97454971   
522.88307995   
528.70581950   
531.31499143   
521.92375177   
527.31870546   
522.65947753   
523.92634083   
529.86723128   
523.95304329   
527.72244172   
522.47821714   
523.03290727   
530.35630071   
523.44712877   
525.52885491   
533.38057639   
520.75629432   
525.09137785   
536.20570783   
526.44426705   
533.31026246   
523.10070004   
531.20467410   
529.32253194   
519.30130990   
529.65196532   
521.53228959   
526.47245137   
522.34587575   
534.99024700   
524.29361318   
520.71816006   
527.81287022   
527.15838065   
520.47143352   
520.47171414   
521.86110770   
533.79226043   
529.57482065   
535.16619109   
521.14567403   
519.25969248   
538.12162562   
519.11059930   
522.80705565   
526.13986713   
524.87816657   
522.70826961   
521.72160208   
533.89409451   
522.03931028   
530.67734635   
522.08120013   
533.86603915   
520.63419895   
527.38259063   
520.73346973   
530.38889320   
527.84273562   
522.72485829   
525.06391886   
521.31154562   
520.95708921   
519.46135435   
523.23845808   
525.41630268   
560.63678484   
516.52236431   
522.32914037   
523.41935512   
517.79834397   
523.51796830   
519.98135412   
523.67444950   
519.03683690   
524.19624721   
519.55937649   
521.23259929   
519.64335997   
519.84885487   
531.95797008   
521.47445875   
519.61127696   
520.93662753   
526.04535605   
526.83733739   
528.02538090   
524.93836232   
524.99730055   
523.76747531   
519.05532060   
520.47967294   
518.18534903   
521.66314827   
519.79157835   
525.25651795   
524.54061726   
522.17086159   
519.83564663   
525.69366823   
523.49513936   
523.85943390   
519.08129988   
524.03661979   
521.98258516   
518.50231774   
516.18516488   
517.56996033   
521.24856060   
523.08982863   
521.28144475   
532.10474058   
523.18603155   
522.73932690   
522.26515881   
530.96977224   
526.10126640   
520.41499752   
522.63873437   
519.89195168   
527.26946224   
529.99478779   
526.13851244   
539.39693026   
522.11212709   
522.27606192   
521.50447300   
537.22417762   
524.15333822   
521.66976859   
546.23316522   
523.14238427   
526.80291389   
546.68489110   
530.01815321   
521.54159994   
525.29345535   
529.45563125   
524.91047080   
543.12741223   
531.20821111   
540.94091948   
529.27251184   
540.92895184   
530.68253196   
541.46425109   
545.63773285   
540.34354757   
549.16254096   
538.50575816   
525.11953984   
528.81012305   
527.24610456   
534.71836373   
552.20517167   
535.54257740   
523.26636692   
524.94914675   
520.45839181   
520.45855773   
525.84474214   
519.42269142   
522.91506106   
522.51376281   
521.17489126   
519.19974697   
522.10640697   
526.60084428   
522.97079626   
517.12818401   
530.06712559   
525.12418430   
520.09808617   
524.71018095   
528.24796304   
523.99601351   
526.06204273   
525.17447484   
539.66441301   
520.30081544   
540.49516795   
518.81300219   
530.86106942   
528.81138785   
523.07828613   
537.87575455   
521.00321419   
522.31849156   
518.01915697   
530.54436664   
526.64073522   
520.29179406   
524.35661570   
522.80805185   
533.81825620   
525.50368463   
517.12956441   
522.69089083   
517.03913474   
531.39495367   
525.42231462   
521.49892687   
523.67677929   
521.48839661   
527.96051800   
518.70654939   
525.61888070   
524.98762766   
516.44137976   
519.05175308   
537.64976889   
524.17533251   
522.52139306   
532.27483298   
522.47705025   
526.61318109   
520.38401918   
532.93473419   
529.29151914   
524.23866664   
550.52510298   
523.72519782   
521.43232338   
527.46854820   
521.69765124   
518.69387790   
522.13874012   
524.83636838   
536.78856549   
528.48383477   
518.57564041   
520.61455709   
524.34450330   
527.69710362   
520.82732463   
521.37372873   
523.88104290   
528.39466778   
520.82934398   
524.57236152   
525.22684325   
524.25644963   
521.30692853   
526.24400366   
519.59431327   
522.59124728   
523.65494222   
526.45712666   
525.00441226   
524.23428807   
531.80716233   
531.94552163   
527.73277243   
520.74654134   
524.97098958   
529.73743866   
525.57504293   
525.31563879   
522.10958586   
541.37230755   
519.78162547   
530.13054042   
521.47629255   
541.90278986   
519.16196354   
518.56558171   
528.75871639   
526.02098828   
521.32007124   
522.51277330   
527.74142776   
517.83326366   
528.75998013   
527.68423534   
524.92833211   
528.20091207   
521.18651841   
530.71493959   
521.09424401   
529.90395169   
525.05671529   
536.09626724   
531.36853215   
524.46794938   
530.39940953   
523.54222761   
533.36195929   
521.26363119   
525.04891272   
539.40016030   
531.30630577   
524.14246646   
534.85139506   
530.83563824   
531.10082945   
527.68797476   
528.61396699   
532.01926019   
539.70177585   
539.04657056   
530.73678707   
526.03698686   
527.20019592   
529.55038933   
528.23923499   
527.47310839   
530.08066126   
530.72777878   
530.59664493   
535.75851628   
530.02054967   
535.74779230   
531.65995070   
531.28835170   
540.45499309   
538.56266589   
530.84842461   
541.82037446   
534.93605338   
533.76743448   
532.74381102   
540.83573392   
530.72883958   
532.97613060   
524.96599808   
532.80199335   
526.03129313   
530.66510747   
522.59623470   
522.07598062   
533.27020930   
524.68374120   
520.11016532   
525.55120234   
521.52580045   
525.36608462   
526.63143904   
522.04126153   
520.63657149   
539.79000673   
524.23387032   
532.15379995   
538.34856841   
523.09428234   
528.36096275   
529.19261292   
529.06798967   
527.47147912   
518.20714705   
524.58452983   
523.56704515   
527.27351731   
522.58473497   
518.95737388   
523.70546849   
525.88899774   
525.23229453   
521.96031675   
541.91082704   
523.90941441   
541.91266197   
538.38915419   
526.90305335   
546.07958858   
518.41759192   
534.42095767   
526.53121232   
530.11412963   
528.09093993   
528.90493996   
523.25671077   
520.15101606   
537.18518490   
520.71373551   
524.84857799   
524.69824956   
520.39124343   
524.42027829   
528.46280830   
525.15192588   
523.63320685   
531.80382442   
531.24669623   
526.41564943   
532.85303935   
533.05869599   
530.05530234   
536.16322525   
526.01389074   
529.20813233   
525.46486074   
526.45193349   
551.55199435   
529.05899576   
532.84925668   
533.10747774   
524.09981846   
527.75433681   
520.40337301   
522.19120532   
527.38641042   
526.36347282   
525.31436288   
530.84201053   
525.86974332   
526.66450547   
519.60843454   
552.47957690   
528.12888849   
518.42171322   
525.78321166   
528.42025241   
517.42866776   
531.75220225   
522.19264765   
525.74881611   
522.60828413   
527.15011861   
522.90107679   
535.86901804   
518.13536290   
526.95055244   
518.34053467   
530.22409541   
517.99215554   
522.70722697   
537.21220979   
526.57378606   
528.36863128   
526.37719851   
522.42153881   
524.77735397   
531.57050130   
526.96782320   
526.40791053   
531.37654614   
526.87045084   
522.31991482   
535.74144307   
526.25475080   
526.59968372   
527.47860405   
530.68805960   
527.26613283   
530.09914399   
542.99089511   
522.50014565   
520.71577807   
526.31411112   
518.16708007   
519.89588408   
527.22483784   
524.03626462   
518.95302061   
529.00206777   
519.91181735   
523.09866375   
519.86330144   
523.99386948   
530.08257047   
519.55493662   
527.34280519   
525.42499231   
526.31659071   
525.69249377   
522.45226285   
529.77951755   
521.56357167   
523.24648528   
530.45871661   
525.38176402   
523.91142807   
530.82563336   
534.49067929   
526.23958377   
523.84420013   
516.64371244   
520.11757349   
528.36310202   
523.94459703   
528.63397911   
519.24584324   
526.34973544   
519.62848046   
527.81079502   
530.53727289   
526.96408858   
534.12813884   
523.01160163   
525.60571471   
537.18863104   
524.75214330   
528.20620199   
530.94149577   
524.11272709   
522.12661677   
525.10885313   
524.53577977   
536.21677236   
519.86444317   
527.17982129   
521.58634289   
519.14980550   
530.46235294   
527.67908892   
524.77536840   
522.63419113   
546.28713392   
528.43258151   
522.97009324   
522.43421639   
524.65749820   
523.74435025   
520.38953894   
519.87330498   
522.41822749   
524.76809767   
523.95976275   
525.06939198   
520.00932485   
518.91942099   
532.47376359   
519.04289025   
522.59064636   
527.22759688   
520.52832561   
525.93169118   
521.74247577   
530.15914363   
521.00568691   
526.42865143   
521.23102836   
526.31311247   
522.93823215   
523.05152270   
521.46299588   
517.61548351   
517.67051191   
533.97644005   
522.70171218   
522.31178467   
523.62784846   
524.29220528   
519.98508322   
517.83010673   
527.00496165   
539.83715383   
528.98749270   
529.64278119   
525.44284445   
519.79249334   
523.49753829   
530.52143940   
525.91164836   
533.93560758   
531.07733729   
517.35522688   
520.04110699   
521.82319384   
519.55467672   
531.17438574   
516.80557740   
524.99708212   
529.87817482   
519.81506031   
524.30141718   
538.51734868   
525.55202963   
523.90746076   
523.38527455   
530.86055201   
521.45741535   
527.11678614   
522.31260875   
529.45235681   
518.72608562   
521.18347141   
525.03893368   
521.83868621   
527.29493082   
520.37202247   
526.34788559   
521.39563677   
523.28932955   
529.68937568   
524.60367225   
519.71315604   
522.69373328   
515.94564559   
522.01710956   
521.88469780   
521.49814820   
524.22588496   
