1879.41288259   
1863.57711480   
2002.01256271   
1804.95940221   
1772.96274066   
1625.18552376   
1603.46670825   
1641.66786156   
1708.21602860   
1729.63951497   
1719.44146207   
1463.83938574   
1537.28333220   
1582.38384077   
1408.78408257   
1381.17153528   
1391.62550308   
1380.69452521   
1387.91379076   
1482.35014253   
1336.26486126   
1358.45677959   
1333.54568344   
1354.75974858   
1330.96902393   
1327.53052218   
1370.37467730   
1304.52160828   
1326.57304833   
1383.03292263   
1318.03397539   
1324.86584033   
1422.39905559   
1298.09639756   
1369.23611768   
1281.31103633   
1222.60418577   
1199.69587896   
1207.30188391   
1220.65727920   
1267.67960390   
1193.71800368   
1205.70141057   
1215.69284782   
1184.09544797   
1199.65647552   
1201.20903402   
1188.21528257   
1230.39683867   
1183.73957894   
1216.79746871   
1204.78208121   
1204.18834950   
1207.92135572   
1192.89235565   
1182.32526183   
1178.66141200   
1181.24797377   
1181.80694418   
1199.37018732   
1178.87813819   
1200.93315612   
1166.87115023   
1188.89517178   
1200.90886613   
1169.92595985   
1171.93583713   
1212.96916188   
1180.68395503   
1176.95706039   
1199.72505431   
1184.97437739   
1169.39767820   
1170.18915063   
1189.41028720   
1170.70221836   
1186.84599961   
1175.82146878   
1179.24274270   
1194.45206765   
1194.83779591   
1196.50069816   
1173.51420782   
1164.55135561   
1174.29277041   
1173.99391596   
1193.80565338   
1193.17141879   
1176.62586535   
1181.17719970   
1202.14978122   
1168.67128717   
1173.95444948   
1179.54903058   
1182.24900535   
1177.53606060   
1166.09926109   
1171.05479300   
1169.48951580   
1168.92977840   
1173.58128077   
1165.60858094   
1170.53232096   
1171.47397420   
1178.03540808   
1176.29178689   
1186.16954397   
1181.66364366   
1193.53245176   
1169.18162597   
1166.69417808   
1174.27468331   
1182.74574103   
1176.24588385   
1176.48559127   
1185.91112840   
1166.57518188   
1187.26664829   
1166.46137108   
1173.84831340   
1187.67306820   
1184.33251075   
1169.53140874   
1176.40512688   
1173.53865610   
1195.62649047   
1171.32539229   
1178.99001112   
1188.04450757   
1166.98907812   
1176.48943744   
1178.78762316   
1188.58684001   
1199.13006803   
1172.94537877   
1197.10760245   
1178.15151339   
1177.94009011   
1177.47993510   
1182.34632728   
1166.53021854   
1179.50409304   
1181.54391775   
1170.40593584   
1174.02029173   
1173.50903701   
1176.25935003   
1182.34371684   
1225.59023777   
1198.32908959   
1165.66555107   
1177.68377288   
1185.76407183   
1187.14082376   
1181.66507077   
1177.25121211   
1210.86287611   
1194.23618451   
1175.94444741   
1206.19299724   
1188.44436629   
1177.67570435   
1181.54861791   
1183.32740350   
1174.57661776   
1179.56072107   
1192.85306433   
1199.59110774   
1215.86251323   
1180.93697081   
1173.48690535   
1190.26285853   
1211.66447686   
1184.79042211   
1164.83109682   
1179.33945775   
1173.03960211   
1172.49076324   
1168.78060945   
1168.46156762   
1186.71996574   
1185.51443726   
1167.81652854   
1180.87231531   
1171.49312913   
1186.78562658   
1181.83440985   
1179.79014081   
1180.26170244   
1172.90032267   
1171.25886233   
1171.23016816   
1199.12484001   
1191.78597522   
1183.58529267   
1205.30203169   
1209.57877671   
1171.32172113   
1172.79473621   
1167.03279071   
1216.09454037   
1173.19367120   
1173.88608344   
1187.10573535   
1215.35982100   
1185.33580731   
1214.91639824   
1196.58005758   
1177.37053572   
1176.88679342   
1180.80779737   
1180.72661089   
1172.44446678   
1176.26301854   
1172.80282016   
1182.08909948   
1185.56161680   
1163.32562208   
1182.08569049   
1167.91653510   
1200.89360694   
1190.69419177   
1178.69578950   
1179.24193416   
1182.32851048   
1165.00826687   
1162.10936802   
1172.72514495   
1172.69726400   
1202.23384281   
1186.46923364   
1163.66108409   
1180.01793229   
1177.09284148   
1185.75751613   
1181.00896172   
1183.64564975   
1187.31990204   
1180.62480754   
1172.19406292   
1176.27495222   
1194.26304933   
1180.88000028   
1174.41257576   
1172.57033642   
1171.81611126   
1176.35794679   
1178.59748656   
1168.93420342   
1178.50036711   
1172.76901380   
1168.36707164   
1182.27507758   
1164.92910113   
1176.42907697   
1179.49259539   
1166.49259745   
1215.05665132   
1176.15270035   
1170.17805115   
1177.98426040   
1173.93225150   
1194.83207961   
1170.78573129   
1170.38105420   
1199.13674341   
1166.30668416   
1180.41456914   
1169.90936094   
1180.20455218   
1174.27257471   
1175.77475362   
1201.38300440   
1187.45929626   
1170.32792543   
1191.09570124   
1200.16283944   
1169.52292033   
1179.41279773   
1181.28544616   
1204.19886775   
1181.99955193   
1182.36669310   
1198.32006341   
1177.38338214   
1176.61002051   
1187.03220680   
1181.56681716   
1171.48178752   
1174.20511208   
1188.02437349   
1179.04184706   
1179.29444313   
1170.63092995   
1175.93576564   
1212.26056749   
1177.20295112   
1179.46911350   
1179.15383827   
1188.73912844   
1190.92966976   
1178.27672203   
1186.74403334   
1183.23768798   
1170.97476618   
1178.00716480   
1171.57966358   
1238.50840411   
1196.89715455   
1179.45465666   
1181.01200109   
1171.30173521   
1171.51542261   
1190.45816685   
1192.10406392   
1169.65687109   
1172.07458794   
1177.74760171   
1174.19530375   
1187.15484339   
1180.87467497   
1183.22472229   
1172.83580363   
1182.63283968   
1185.71469653   
1182.51087922   
1180.18623358   
1167.14905832   
1193.39024381   
1177.71772223   
1194.44146803   
1171.04737038   
1177.42175073   
1196.97019286   
1166.79186490   
1182.75507546   
1181.22720740   
1176.70175269   
1163.68482930   
1170.92084623   
1168.56097614   
1171.41330349   
1219.65419462   
1164.29892642   
1202.96740076   
1166.70848413   
1170.20636596   
1165.22356362   
1176.30147864   
1180.37923387   
1191.00317563   
1173.83155794   
1200.92463109   
1189.96605437   
1169.45603382   
1168.49663839   
1166.13465540   
1186.73206595   
1173.27845329   
1170.68457789   
1186.00817993   
1202.60895020   
1162.59954157   
1178.31710093   
1181.64717387   
1191.80242894   
1167.54161034   
1174.24164813   
1176.19076886   
1170.17288245   
1163.58559274   
1173.26013629   
1161.77852582   
1172.33560326   
1178.60900849   
1169.72650337   
1175.69280114   
1180.93589412   
1167.08919833   
1188.52682951   
1199.73667595   
1176.89354930   
1187.94909365   
1172.02806380   
1172.03142534   
1199.63813422   
1168.60686973   
1175.86416205   
1180.95529964   
1196.71234383   
1203.09711809   
1189.99276324   
1190.54637609   
1168.48910264   
1166.01225919   
1171.60354965   
1175.54933391   
1170.36322647   
1183.18517841   
1180.83886745   
1175.65612565   
1167.96795124   
1174.23248308   
1160.93395500   
1170.87879049   
1204.61824690   
1174.32004709   
1180.51098996   
1167.79993879   
1183.64170680   
1165.38273470   
1176.59441906   
1238.85166009   
1180.04646029   
1172.81767823   
1200.23898220   
1163.99250429   
1169.00558495   
1194.25124038   
1178.22454526   
1163.95849849   
1194.46354784   
1185.12749014   
1188.38912903   
1172.61414657   
1174.23650519   
1187.99332764   
1172.16197332   
1175.33258999   
1170.48163608   
1188.08368064   
1173.40114577   
1167.13504141   
1173.83338882   
1181.81233299   
1173.56237943   
1186.67588349   
1183.68809168   
1180.82950290   
1175.60129269   
1169.76368992   
1220.59362744   
1168.57368925   
1165.02574207   
1174.26300237   
1162.43911562   
1176.41800514   
1196.08028608   
1179.01150812   
1173.07062602   
1178.10199485   
1186.41308644   
1189.98252404   
1170.37695896   
1174.05235968   
1179.06781628   
1199.64297531   
1169.95371572   
1173.61888565   
1172.37365341   
1172.60469827   
1177.91498212   
1170.58742958   
1168.14241494   
1173.78031668   
1195.52580692   
1219.87201676   
1172.12624118   
1199.08365202   
1181.94261114   
1193.73521575   
1173.58361085   
1174.63359215   
1183.28511417   
1179.17496252   
1210.71719899   
1171.26223586   
1178.24814634   
1173.58144309   
1214.24945889   
1191.27396718   
1192.82972827   
1178.32583033   
1215.66082988   
1183.65783938   
1208.26740379   
1167.49899892   
1180.38503691   
1180.89456519   
1174.22313916   
1185.53364291   
1165.96645304   
1180.12148991   
1169.98471966   
1162.99153458   
1170.07951419   
1167.07148862   
1179.21429590   
1164.40333490   
1174.96855259   
1184.61444633   
1181.44932480   
1167.96629371   
1176.66478822   
1171.24448072   
1170.63590650   
1179.23341651   
1173.55097981   
1165.18834114   
1171.85262308   
1175.83778184   
1168.94918969   
1172.47711035   
1165.66170987   
1180.73481859   
1173.53315791   
1195.14804105   
1169.84096788   
1169.51644183   
1187.83216716   
1177.42833961   
1195.55187191   
1179.44392197   
1172.33760796   
1184.11134359   
1193.64989332   
1196.35366135   
1170.71093203   
1171.17861392   
1195.75271260   
1190.10136256   
1217.30753944   
1228.18191858   
1189.80976594   
1185.02440562   
1169.57328096   
1169.43382328   
1184.47192180   
1176.96014229   
1185.86870946   
1177.85745317   
1195.45968518   
1168.11450518   
1189.65062858   
1169.95285694   
1177.27885513   
1174.35681579   
1168.34652426   
1168.61513259   
1184.36189274   
1171.65412071   
1195.80868832   
1171.63961614   
1174.17578338   
1175.18799605   
1187.31000866   
1178.25120643   
1175.20799524   
1181.67575125   
1182.80013185   
1192.45262529   
1176.67849889   
1180.87751698   
1188.05828673   
1192.29990367   
1180.91003328   
1171.76070277   
1176.86909464   
1239.39814012   
1167.93739408   
1172.13217665   
1168.47506541   
1172.43240962   
1175.66340873   
1184.31015285   
1176.40698415   
1177.60208770   
1180.85815258   
1173.91267454   
1175.62253546   
1178.21157910   
1181.27914858   
1183.25563110   
1175.10713382   
1181.45521286   
1169.56855170   
1199.13779923   
1191.99716495   
1165.84916254   
1197.50370843   
1184.35703925   
1168.93647762   
1167.04783287   
1186.41492760   
1189.27511958   
1196.87143728   
1174.73751693   
1164.89097316   
1181.81317397   
1200.82301870   
1176.46123455   
1171.82710678   
1195.87330108   
1204.54082682   
1201.97188485   
1201.91318035   
1177.37332790   
1170.32259282   
1176.15566311   
1169.63714982   
1186.36842102   
1181.71355320   
1177.28836498   
1189.40012103   
1189.62851131   
1178.03875975   
1197.54024053   
1192.16200476   
1169.38552982   
1195.67660723   
1195.86583490   
1172.25945886   
1177.73986984   
1199.41263625   
1187.50437762   
1177.17761673   
1180.83235471   
1168.65450591   
1175.79382577   
1165.97840172   
1193.61631894   
1168.87995498   
1183.48775718   
1196.42019748   
1194.54886673   
1178.97807790   
1173.79101127   
1166.17431920   
1183.47253814   
1200.21549731   
1179.99634690   
1201.37539641   
1165.21018078   
1164.86494584   
1194.10987662   
1174.36677926   
1185.69426474   
1174.28408283   
1173.84916454   
1180.89192535   
1181.03732431   
1170.46659166   
1171.40548663   
1172.83046322   
1183.07225378   
1172.84934559   
1172.50310845   
1181.57546705   
1187.61170578   
1164.54887755   
1184.62847564   
1168.01579753   
1171.01382770   
1210.78851883   
1170.58294141   
1177.53768791   
1174.30881979   
1185.40514161   
1170.93395335   
1187.04026629   
1185.37047059   
1173.67257425   
1169.75277460   
1167.38039362   
1172.61537354   
1161.56178084   
1173.56280532   
1186.81273458   
1194.36881135   
1181.09507685   
1189.31245402   
1178.93822641   
1191.85678683   
1171.07388497   
1165.96975630   
1171.81996528   
1170.24547381   
1186.29326897   
1185.88965218   
1184.31958694   
1171.44166688   
1166.96955724   
1166.98161261   
1187.68368532   
1187.51802086   
1177.74541789   
1171.82078457   
1178.15606106   
1169.28381055   
1188.08101770   
1181.03668720   
1174.90060833   
1164.22203532   
1186.30264247   
1177.28362458   
1177.03736404   
1190.00203290   
1175.26657077   
1181.10790931   
1166.17758100   
1190.17008252   
1180.52833514   
1177.64489840   
1189.93407828   
1186.33383323   
1183.33686128   
1197.18550853   
1182.57798886   
1207.31297330   
1186.92234430   
1171.10570334   
1178.77119911   
1188.09213714   
1168.61865265   
1171.68506731   
1174.54929172   
1190.20615881   
1193.90771059   
1180.33362800   
1180.68252807   
1164.27096980   
1175.06839730   
1195.66069711   
1171.26509425   
1166.58612519   
1176.40576728   
1178.45558558   
1167.08897603   
1182.30193941   
1181.26560317   
1212.75577405   
1183.11222562   
1181.37908679   
1168.18109568   
1175.02637080   
1184.81334020   
1194.75328350   
1195.06204023   
1207.73116183   
1167.81244741   
1189.41549527   
1189.30301256   
1187.46127209   
1179.86243907   
1186.07473687   
1212.78678215   
1176.26571397   
1172.35695973   
1174.65418202   
1181.93446564   
1205.59982390   
1182.21966951   
1186.74579865   
1186.08071785   
1173.08154682   
1180.46267971   
1181.19917431   
1183.59438762   
1183.90201982   
1177.25782942   
1176.04419477   
1168.87739172   
1165.98626739   
1186.60121998   
1183.68076572   
1177.62597533   
1188.18461731   
1195.86510809   
1221.50243292   
1170.66907539   
1205.88528254   
1162.70075294   
1193.55657389   
1169.04923983   
1178.68587247   
1171.54444299   
1205.92904990   
1214.96812777   
1175.34356871   
1166.17024495   
1172.81926931   
1170.91017924   
1162.69873481   
1169.41387317   
1167.44715366   
1167.94358847   
1182.22198599   
1174.23035782   
1182.38138427   
1161.93080181   
1166.90804679   
1171.64778127   
1182.61206096   
1171.86597462   
1168.61830630   
1165.53417599   
1187.93116352   
1177.38273447   
1186.63078566   
1187.44830817   
1171.50743553   
1169.96660744   
1163.84746989   
1168.92568191   
1179.02538790   
1208.64152909   
1174.69512919   
1181.19817864   
1170.94417157   
1178.29993603   
1172.24451965   
1189.07152889   
1172.58689753   
1161.97580995   
1179.22069333   
1175.47022708   
1176.70526348   
1197.62144778   
1180.25933053   
1169.94287594   
1193.53137318   
1168.67061708   
1172.80299480   
1199.25444714   
1172.18298682   
1173.69201447   
1168.05320441   
1165.13170410   
1165.60504464   
1173.65171110   
1179.05520380   
1174.78004515   
1170.25000520   
1181.06927748   
1170.05044778   
1178.40657471   
1174.40310685   
1178.52381450   
1183.08386407   
1164.19467352   
1166.45539481   
1169.65713012   
1182.18141737   
1170.10903186   
1181.98399695   
1177.74856918   
1203.21838694   
1175.36629616   
1182.92041135   
1162.61719542   
1177.89903875   
1166.89090129   
1174.05931956   
1170.39534463   
1164.02292974   
1179.85582889   
1168.92649929   
1175.59114604   
1206.54719425   
1186.56090024   
1179.23025032   
1196.99316710   
1171.19652345   
1169.39609404   
1181.02039690   
1173.71389024   
1176.56404344   
1172.07380301   
1176.13515768   
1178.79557425   
1169.60865890   
1172.59530397   
1185.53450017   
1170.80776015   
1188.36667689   
1173.20167210   
1169.64995915   
1180.84427111   
1171.01192636   
1179.22071099   
1173.83940386   
1194.47908986   
1170.69500343   
1167.57410100   
1179.58445730   
1177.17374798   
1172.36188121   
1177.98255727   
1176.84835006   
1171.83858431   
1172.24430081   
1175.67483297   
1177.22892707   
1164.22614414   
1178.01835546   
1175.55575762   
1171.67546606   
1188.64776312   
1183.74812144   
1176.18236490   
1162.27545373   
1174.45478289   
1187.38403792   
1171.10732669   
1169.81725852   
1169.51607045   
1183.39626035   
1167.65906573   
1193.08601271   
1176.48171327   
1170.17431747   
1171.46107797   
1182.58309711   
1178.56367351   
1181.78571550   
1175.08481123   
1197.87718205   
1172.27652831   
1179.84099295   
1168.18411126   
1177.00331626   
1174.98864534   
1179.54952097   
1182.06615166   
1178.15692850   
1189.94493594   
1177.44730561   
1165.31117481   
1172.19791954   
1169.98547555   
1181.50931084   
1168.91988373   
1162.98580114   
1167.14219568   
1188.87184075   
1210.73011771   
1193.57766268   
1194.61959691   
1175.65128063   
1175.17990976   
1180.02276952   
1187.98143067   
1191.97078369   
1170.52430384   
1183.92759396   
1163.96123313   
1171.16578407   
1168.80147556   
1166.17717383   
1201.04868578   
1174.64784847   
1174.43512675   
1169.54886551   
1208.18341643   
1167.70418502   
1169.94851882   
1172.59376657   
1168.57497389   
1173.30313934   
1189.58066232   
1176.54749528   
1182.11306216   
1164.37885410   
1179.26098688   
1168.78796500   
1171.14842427   
1167.86392190   
1181.26174644   
1190.39933403   
1177.20388255   
1181.23813041   
1170.17811139   
1178.21075614   
1199.90797710   
1174.56309978   
1175.94529320   
1171.38031412   
1183.63343016   
1195.56360197   
1164.70508802   
1174.85909764   
1174.01717786   
1174.23155744   
1190.22670019   
1193.17674919   
1181.86330388   
1175.47249636   
1173.15184145   
1169.56351385   
1173.27778751   
1177.17969831   
1218.01258863   
1201.75331662   
1179.63407222   
1195.30708766   
1180.06189325   
1166.95036903   
1185.32902137   
1178.82770950   
1179.82469806   
1174.36189649   
1177.75399144   
1173.61271390   
1179.40747965   
1173.82185895   
1164.82824244   
1181.00755187   
1171.74192599   
1173.82623878   
1182.19286727   
1187.29269735   
1181.12593423   
1175.60436726   
1174.58620965   
1170.22066131   
1182.59645341   
1172.09255753   
1177.91146886   
1189.98156085   
1201.06552880   
1188.50812571   
1190.13563184   
1165.57908970   
1166.51652849   
1184.18784218   
1176.00675247   
1179.17797529   
1169.78063227   
1206.86859126   
1174.38993778   
1172.74992688   
1175.40039825   
1192.35531798   
1193.76962343   
1170.91116881   
1175.80471301   
1190.00026209   
1174.15297391   
1177.76942729   
1171.83254016   
1170.13408371   
1187.98705982   
1163.17209529   
1170.45631020   
1167.75272382   
1179.77310232   
1174.03720590   
1181.85136045   
1168.52924266   
1175.49292754   
1177.16163819   
1166.63653094   
1181.91558943   
1171.65598828   
1174.97645371   
1173.86322402   
1163.09512377   
1175.90871918   
1208.39832330   
1166.79199039   
1182.71711503   
1171.57081960   
1191.15699786   
1181.17850285   
1175.72892263   
1170.70163701   
1167.65857010   
1202.67566442   
1169.19589888   
1192.45002396   
1195.95945084   
1177.58559665   
1176.40504628   
1182.04736352   
1188.85945628   
1201.67221031   
1160.32491305   
1178.70430664   
1189.67702123   
1176.70991504   
1165.25570823   
1163.13265578   
1175.41576350   
1173.24322520   
1162.19292575   
1175.31600981   
1173.55178412   
1171.33524689   
1166.21808992   
1182.70760115   
1173.88631295   
1182.93185408   
1175.68486274   
1176.55067824   
1169.28336801   
1167.21876670   
1203.53505902   
1175.96737268   
1186.87476187   
1175.11787273   
1168.92280856   
1165.74230954   
1164.50246746   
1172.74564721   
1168.66246369   
1167.70040014   
1183.31297784   
1168.78153534   
1178.92355340   
1179.51892333   
1182.00894323   
1181.15147565   
1167.87341785   
1172.93291791   
1174.01702171   
1178.56950277   
1169.20414555   
1191.75262364   
1171.89534654   
1162.69179506   
1166.23986734   
1182.53731680   
1172.86645865   
1175.02558114   
1177.20761737   
1168.13562327   
1184.62982000   
1170.03980421   
1171.30314749   
1175.93817760   
1185.23112691   
1188.83919436   
1183.06507455   
1190.11356217   
1168.85995976   
1166.07369568   
1192.45866179   
1167.01557816   
1175.01707664   
1166.65378305   
1174.55960665   
1178.32766765   
1165.50769304   
1192.92723983   
1180.28149568   
1162.82333428   
1174.84246594   
1189.29957422   
1169.07491267   
1186.95189872   
1200.74339314   
1193.60252140   
1178.94696946   
1168.40083779   
1171.78747803   
1168.26775550   
1194.78996726   
1176.06930117   
1176.62408206   
1187.94685374   
1176.86281401   
1176.28108888   
1172.26736559   
1186.49159859   
1177.24606032   
1174.55474846   
1184.35662004   
1190.03672901   
1180.98367632   
