1806.27120599   
1716.67003259   
1678.07683634   
1652.84552577   
1643.43980909   
1625.95727818   
1519.00144453   
1420.36200302   
1333.66731733   
1263.95818761   
1267.93490440   
1270.25062315   
1234.50183938   
1220.88233103   
1217.91199653   
1210.17209543   
1199.85803811   
1181.12256402   
1178.51506795   
1172.20487916   
1165.12909629   
1166.00536768   
1164.48754830   
1164.10740069   
1167.62362408   
1167.44493102   
1172.92134292   
1161.67033930   
1163.17961627   
1163.81758299   
1164.14604881   
1160.70398004   
1167.10745548   
1162.60455995   
1163.55182668   
1164.12046419   
1164.51234363   
1166.37629057   
1162.60209259   
1162.31319359   
1162.93590393   
1161.95150498   
1162.96491099   
1163.69394574   
1163.15102696   
1161.30684474   
1161.59145739   
1167.25532267   
1165.16132382   
1163.89702116   
1163.63853490   
1163.77018797   
1169.26724555   
1170.87464475   
1163.62782107   
1163.22102809   
1162.16723857   
1163.02035949   
1172.10635545   
1171.44914317   
1165.51845273   
1165.38649943   
1164.26550214   
1164.07755285   
1162.10367665   
1162.02098514   
1172.36153633   
1172.36136727   
1169.15228642   
1160.78302578   
1162.99447302   
1165.23915087   
1165.62553614   
1163.73266168   
1166.74259255   
1162.37104763   
1161.90797454   
1170.05869456   
1167.70427283   
1168.34318103   
1169.80141839   
1172.33633448   
1169.73742420   
1162.39800875   
1164.16069663   
1164.16194490   
1163.92835170   
1166.91536499   
1163.25015972   
1165.58314762   
1171.45939492   
1170.54111516   
1163.09251694   
1161.56162742   
1160.88000067   
1162.32150783   
1162.63702630   
1162.80547876   
1164.14753490   
1163.99374020   
1165.98379469   
1170.75045324   
1170.67261019   
1169.24507330   
1168.49368913   
1163.39788262   
1165.82671081   
1164.45728923   
1162.72777011   
1161.88262277   
1161.77507319   
1161.78156833   
1163.31012333   
1161.99058074   
1165.04397725   
1171.41537316   
1169.95755816   
1169.49202086   
1165.23530310   
1161.01325219   
1161.34324431   
1162.95237601   
1163.17503051   
1164.32267817   
1164.20870126   
1170.36805687   
1175.01666313   
1172.92109108   
1173.06928178   
1174.41986024   
1169.53525081   
1163.52454009   
1163.02030533   
1163.09540142   
1163.32776010   
1163.79999911   
1163.97829229   
1167.84074735   
1172.62699508   
1169.14882649   
1163.78057732   
1161.65845768   
1161.85876083   
1163.52461030   
1162.10170998   
1165.58831766   
1167.17699898   
1170.16862778   
1170.40639572   
1164.86255650   
1162.19452224   
1166.21992056   
1161.78280591   
1167.33605992   
1170.35978494   
1165.42278537   
1166.53385419   
1166.34608654   
1166.09734533   
1168.37765132   
1169.43688209   
1165.68731166   
1162.92456014   
1162.59658763   
