1806.27120599   
1865.81077880   
2049.71893898   
1716.67003259   
1926.15988632   
1678.07683634   
1907.40382330   
1710.04665754   
1652.84552577   
1643.43980909   
1625.95727818   
1721.00666397   
1707.56467647   
1641.71745383   
1733.48651571   
1519.00144453   
1617.36302298   
1420.36200302   
1333.66731733   
1263.95818761   
1267.93490440   
1270.25062315   
1234.50183938   
1261.83134466   
1220.88233103   
1251.60841122   
1244.17921176   
1217.91199653   
1210.17209543   
1250.71500654   
1199.85803811   
1205.80655270   
1212.08234137   
1216.02326971   
1210.12891521   
1181.12256402   
1200.50156001   
1189.28516575   
1178.51506795   
1172.20487916   
1165.12909629   
1166.67143284   
1176.13401874   
1186.61368053   
1180.43750183   
1170.44361445   
1174.09211907   
1175.52846708   
1172.50173724   
1166.00536768   
1164.48754830   
1170.11626840   
1182.38543615   
1171.67978111   
1169.91200584   
1164.10740069   
1189.44655169   
1177.81448871   
1198.81772051   
1192.22000182   
1195.80548068   
1168.38173968   
1170.57158655   
1170.57096001   
1167.62362408   
1170.75700646   
1184.62420660   
1178.72353976   
1167.44493102   
1180.07761576   
1185.21904125   
1172.92134292   
1209.28230638   
1180.57518406   
1209.76057255   
1198.84998959   
1161.67033930   
1185.35411390   
1197.52661896   
1182.29889639   
1189.41019253   
1178.89404794   
1163.17961627   
1185.22080547   
1176.84040550   
1183.63770795   
1181.85710340   
1163.81758299   
1186.22421626   
1186.91890740   
1183.56524293   
1167.09730340   
1168.94545093   
1165.61399734   
1177.69509544   
1167.64251741   
1164.14604881   
1178.32368956   
1168.14008892   
1160.70398004   
1170.72632206   
1170.04857518   
1187.94880144   
1169.83115361   
1168.84683577   
1169.20263691   
1175.12415868   
1170.80783379   
1174.23291434   
1172.78103379   
1184.38160919   
1165.31891808   
1179.29855727   
1171.88988217   
1166.30634560   
1174.88967080   
1179.01854066   
1208.09637325   
1178.31919138   
1173.69476258   
1180.90595345   
1189.50596409   
1166.76874109   
1170.75376152   
1184.17897311   
1182.99671658   
1187.03055581   
1168.64587824   
1190.81799210   
1183.12304750   
1170.67396216   
1168.17449701   
1196.58111329   
1207.12094454   
1182.83312633   
1172.60505086   
1167.10745548   
1162.60455995   
1168.55543745   
1171.68117697   
1174.84317923   
1183.04285954   
1187.90571581   
1190.89999752   
1191.44170683   
1175.66589559   
1175.14993658   
1171.55486045   
1176.94769276   
1180.96277497   
1168.70998024   
1173.15300204   
1172.71463274   
1174.77348791   
1185.57739957   
1174.21547016   
1192.33296459   
1199.15858644   
1198.46146405   
1176.30974034   
1163.55182668   
1229.66932517   
1166.94995689   
1181.64512716   
1164.12046419   
1167.86622948   
1176.17442047   
1164.51234363   
1166.37629057   
1162.60209259   
1202.78472248   
1162.31319359   
1178.83848312   
1181.08478896   
1174.49433317   
1173.18159651   
1162.93590393   
1175.26686621   
1169.24074532   
1173.68316213   
1189.07200295   
1161.95150498   
1182.04849905   
1171.73142682   
1166.38484364   
1164.46512040   
1182.92680095   
1192.12134781   
1166.88649914   
1195.31783836   
1173.00097366   
1191.06761394   
1182.70986021   
1162.96491099   
1209.68826484   
1168.68746619   
1174.86040893   
1171.99492650   
1177.60556887   
1174.48902157   
1174.71587618   
1182.25591745   
1167.89687202   
1168.78375955   
1169.23146914   
1196.76390503   
1169.55066993   
1165.90928830   
1163.69394574   
1181.48093341   
1172.99176136   
1171.62029059   
1167.85985784   
1186.57649555   
1183.58127602   
1189.73676357   
1172.03976526   
1169.99876862   
1170.37984077   
1171.65042193   
1172.97016417   
1175.61419214   
1184.75181754   
1185.35263139   
1173.83587382   
1172.15053672   
1169.37480716   
1176.88650658   
1167.96828794   
1200.94472388   
1172.04284650   
1175.75735835   
1170.58045488   
1167.52283146   
1175.69612476   
1198.84384742   
1179.46585612   
1174.26811574   
1174.18670042   
1182.43102700   
1173.40871889   
1175.04403686   
1171.12951197   
1167.68635119   
1189.41592684   
1179.05282765   
1180.80258562   
1194.03879247   
1173.82272690   
1173.02277318   
1165.78539709   
1176.77466632   
1174.11146986   
1169.09565248   
1170.45616917   
1179.99870842   
1184.07537808   
1173.38025236   
1174.06312273   
1179.83332846   
1188.16804800   
1177.16148169   
1182.72740225   
1168.62412070   
1163.15102696   
1171.14638065   
1202.56148960   
1207.89812439   
1188.18001326   
1198.86321091   
1171.13804311   
1186.57568470   
1181.87370613   
1176.35483059   
1169.40298826   
1189.12906210   
1176.26490609   
1167.60109727   
1174.01418470   
1169.83557717   
1180.74292957   
1176.92064574   
1178.46476650   
1172.24295096   
1179.21135619   
1171.24225401   
1204.46848226   
1172.97084766   
1198.93856960   
1170.15920938   
1168.17606240   
1187.94472870   
1200.35880522   
1171.92024560   
1175.57809874   
1175.07169760   
1165.46201645   
1183.77484044   
1201.83096671   
1169.72863774   
1161.30684474   
1195.70099161   
1181.74792107   
1177.43016841   
1175.87065883   
1161.59145739   
1180.65783352   
1179.49357092   
1187.59381071   
1171.32944520   
1175.99813756   
1179.81282032   
1192.03077417   
1173.04511184   
1167.25532267   
1176.70060167   
1165.16132382   
1163.89702116   
1183.41000993   
1172.04874287   
1188.53428183   
1210.06085392   
1163.63853490   
1193.00829602   
1167.94921162   
1169.81063033   
1163.77018797   
1169.26724555   
1170.87464475   
1192.34159101   
1180.05713593   
1189.58241494   
1171.54399478   
1163.62782107   
1181.88064732   
1171.44827575   
1166.95591056   
1176.50278102   
1169.92427624   
1181.60044806   
1174.68693302   
1170.74110732   
1183.65668615   
1163.22102809   
1177.76262479   
1181.39491711   
1169.06186189   
1172.42958328   
1180.22468137   
1194.99121531   
1195.76232920   
1172.05400822   
1174.24983149   
1162.16723857   
1184.06559322   
1163.02035949   
1171.45515743   
1171.13052791   
1180.74285028   
1172.10635545   
1187.40957986   
1171.44914317   
1192.64087988   
1194.17848126   
1198.84611857   
1175.39486135   
1178.04292942   
1180.56961359   
1197.47815697   
1187.42442953   
1187.84576054   
1198.96705081   
1202.56623338   
1176.59425304   
1177.97096993   
1177.06428456   
1180.90991142   
1190.97229950   
1181.49619965   
1181.49819436   
1177.28455576   
1175.47624421   
1185.91791308   
1177.90550696   
1189.23340531   
1202.19874810   
1165.51845273   
1186.22075101   
1176.74243443   
1188.45796735   
1165.38649943   
1164.26550214   
1184.94855740   
1183.90580869   
1164.07755285   
1167.37716911   
1204.80959815   
1174.39180167   
1203.02245400   
1167.18308028   
1175.90979019   
1173.70058738   
1174.90969863   
1202.13073311   
1186.41027775   
1176.12336835   
1189.91645696   
1210.73164516   
1180.99024381   
1189.10234454   
1171.45158903   
1212.74249453   
1187.87867715   
1172.38673015   
1183.81332431   
1190.90176461   
1169.86088740   
1169.80304728   
1167.28775386   
1177.67905221   
1180.02835253   
1176.46540260   
1201.90050336   
1176.68521748   
1170.54311076   
1196.07094968   
1182.79929386   
1170.17606574   
1182.91480368   
1168.14960793   
1162.10367665   
1169.04916361   
1174.38697893   
1167.67113882   
1170.94824672   
1195.05616990   
1182.80176138   
1191.62727534   
1183.76693257   
1162.02098514   
1169.61720284   
1168.13313548   
1173.91266152   
1171.21953729   
1170.78499712   
1182.22244543   
1174.31873215   
1178.80372876   
1163.66435954   
1172.36153633   
1179.36748223   
1177.20206541   
1196.34771086   
1179.16921939   
1180.37268529   
1191.06088713   
1190.09472741   
1172.36136727   
1169.15228642   
1182.17385648   
1160.78302578   
1167.88722296   
1170.28534296   
1197.70724709   
1169.01583556   
1192.69159666   
1162.49344422   
1179.66601888   
1179.97814210   
1168.71256476   
1197.02837199   
1204.02514048   
1178.25918662   
1224.95528931   
1170.95255177   
1171.29729740   
1189.10777234   
1169.95237505   
1168.65793436   
1184.55675146   
1178.18790007   
1173.13340265   
1181.63840319   
1187.31440884   
1162.99447302   
1169.93122286   
1175.97612135   
1165.23915087   
1176.87445358   
1173.75142312   
1174.32732837   
1177.59577470   
1165.62553614   
1170.58954311   
1171.85469970   
1183.54213785   
1172.17339920   
1192.35327760   
1163.73266168   
1164.32725048   
1169.71990788   
1181.20136504   
1197.25297352   
1186.58763438   
1166.74259255   
1194.80411301   
1180.32611857   
1162.37104763   
1169.78127283   
1177.08305677   
1161.90797454   
1169.52787312   
1206.06113884   
1172.86404799   
1174.42728153   
1165.73405238   
1180.81842858   
1164.76109486   
1167.06533322   
1189.23717615   
1238.46820075   
1173.82801713   
1184.83904770   
1173.08836292   
1194.04414330   
1168.57773035   
1189.30178463   
1175.58846958   
1192.43837579   
1180.09582460   
1170.05869456   
1167.70427283   
1181.42595317   
1187.01754219   
1181.52537235   
1168.34318103   
1170.18939499   
1179.28700986   
1176.56431139   
1169.80141839   
1172.33633448   
1178.85832997   
1178.04277768   
1175.24240040   
1199.13644652   
1169.73742420   
1176.78845852   
1187.47935729   
1176.57342298   
1162.39800875   
1175.49228987   
1169.87185616   
1179.86786919   
1166.32064408   
1167.11533625   
1197.91695909   
1188.21460603   
1175.56956005   
1170.14158390   
1164.16069663   
1164.16194490   
1172.96888521   
1191.88802053   
1168.56505496   
1181.24365500   
1169.38413928   
1191.43726994   
1184.85808121   
1167.39584950   
1181.15968034   
1203.72129491   
1181.88509733   
1170.82607177   
1174.98257157   
1168.69470320   
1179.18986544   
1163.92835170   
1209.74926610   
1175.74937641   
1174.27583167   
1166.91536499   
1197.11408063   
1183.32335264   
1220.07896496   
1182.05294266   
1172.20354458   
1163.25015972   
1182.98238134   
1165.58314762   
1173.28168098   
1188.55687726   
1202.02122855   
1174.95064280   
1171.50634398   
1180.57063295   
1193.16732767   
1210.52757562   
1184.38217009   
1171.45939492   
1178.30308497   
1201.89871685   
1206.86181012   
1186.36707990   
1198.96683141   
1176.30767014   
1216.76931238   
1181.48662837   
1170.54111516   
1183.52323116   
1163.09251694   
1178.10934831   
1180.29977720   
1171.07341448   
1189.74236574   
1161.56162742   
1177.71045964   
1176.38235939   
1186.62386906   
1162.80805234   
1225.62626458   
1181.06683633   
1160.88000067   
1186.82889941   
1174.66192848   
1185.58158637   
1187.30015112   
1169.41371917   
1185.69644086   
1167.78627873   
1176.98663595   
1174.87977677   
1167.59527644   
1170.81011317   
1168.80882964   
1167.12989148   
1162.32150783   
1162.63702630   
1191.90311232   
1170.74725600   
1177.38946497   
1166.30914043   
1173.85781797   
1167.97605370   
1173.56269047   
1176.76188190   
1172.89276855   
1174.19894336   
1175.52043526   
1170.72916252   
1162.80547876   
1179.30910987   
1183.68155914   
1177.31532720   
1164.14753490   
1169.21791614   
1167.90525152   
1175.41078918   
1169.82310671   
1183.48815252   
1171.45122525   
1163.99374020   
1190.02295534   
1173.08695745   
1171.42621177   
1187.51351140   
1174.24181356   
1165.98379469   
1182.35612676   
1169.70960002   
1173.26802922   
1170.75045324   
1173.12417854   
1190.08269124   
1170.67261019   
1169.24507330   
1194.80305209   
1188.65030401   
1188.54752354   
1197.26740686   
1177.75523076   
1187.09297808   
1199.13433429   
1183.41401794   
1198.25719172   
1192.57249816   
1200.61351675   
1234.43640390   
1168.49368913   
1179.77605827   
1172.98592743   
1184.83887793   
1189.63472521   
1163.39788262   
1175.08656482   
1178.11046991   
1170.79860702   
1165.82671081   
1172.07517444   
1177.59629823   
1164.45728923   
1186.16908265   
1173.97976625   
1162.72777011   
1187.65082927   
1190.10451521   
1171.11524376   
1161.88262277   
1168.08784771   
1176.41872571   
1169.37499610   
1199.90898455   
1172.17717325   
1163.03697916   
1181.73973453   
1190.08820023   
1192.13645115   
1169.20635017   
1180.35716600   
1166.42112279   
1166.91769586   
1174.85593517   
1161.77507319   
1189.61818281   
1202.71534959   
1172.77441765   
1182.62179093   
1177.99702544   
1176.17246237   
1174.56916289   
1181.60888722   
1182.15038940   
1181.20191253   
1167.87253554   
1239.88077932   
1166.48459786   
1180.77469834   
1178.35698931   
1169.18233835   
1182.07766567   
1200.31945907   
1183.23209122   
1174.44064701   
1175.43425461   
1173.62085479   
1163.96351251   
1173.87725474   
1208.58031444   
1164.18666254   
1179.06807206   
1180.46041317   
1187.96177790   
1185.03327970   
1166.53584160   
1171.66231697   
1177.72020132   
1166.15749556   
1186.52957799   
1172.54609053   
1161.78156833   
1173.71204755   
1171.24548712   
1162.70665227   
1164.24609064   
1170.18807366   
1172.03496559   
1169.31278946   
1179.05050577   
1183.42833693   
1184.33729464   
1172.45509103   
1163.31012333   
1161.99058074   
1164.59555993   
1171.95154746   
1163.86674552   
1186.15792985   
1169.71752187   
1175.27145978   
1175.32127807   
1163.97693720   
1189.44479717   
1177.30343491   
1179.71203532   
1174.51482963   
1172.92158303   
1167.71059788   
1165.04397725   
1201.24323604   
1175.58988703   
1172.95433920   
1185.40203356   
1171.41537316   
1209.70557832   
1169.95755816   
1177.33382529   
1174.34560916   
1177.76975046   
1195.58547056   
1181.37241370   
1215.72864702   
1169.49202086   
1185.76315053   
1216.46854494   
1184.19889484   
1197.49203266   
1224.49063556   
1194.27901912   
1165.23530310   
1201.26797837   
1175.93334405   
1185.00317661   
1161.01325219   
1171.66466038   
1161.34324431   
1168.81981973   
1166.76758865   
1198.58433758   
1165.92902002   
1162.95237601   
1167.18761380   
1172.39544573   
1174.90811747   
1198.88453670   
1179.07715062   
1168.16269925   
1171.34373082   
1172.58644841   
1163.17503051   
1173.41302823   
1180.95743067   
1173.29504012   
1180.82795897   
1166.51462106   
1189.84993069   
1186.47030376   
1199.25086150   
1165.42473874   
1175.98585264   
1171.95053047   
1181.57247662   
1178.36501946   
1182.41008627   
1187.66137585   
1189.53467827   
1200.39182635   
1176.70381302   
1171.37074043   
1194.13153301   
1164.32267817   
1178.36099512   
1180.43257688   
1185.42746546   
1180.00760494   
1187.33308382   
1164.20870126   
1170.36805687   
1229.44021249   
1175.01666313   
1191.39706099   
1172.92109108   
1216.88116231   
1173.06928178   
1185.08734203   
1185.70973573   
1190.22720002   
1192.27667679   
1221.09713893   
1180.93312313   
1223.67365582   
1224.67906432   
1174.41986024   
1188.13581771   
1169.53525081   
1175.14123375   
1192.89635604   
1174.48274936   
1188.81405962   
1174.66703279   
1174.85606894   
1209.84394616   
1192.65679240   
1186.45642699   
1213.79849830   
1181.58301729   
1191.53306726   
1173.67096760   
1207.39933612   
1163.52454009   
1177.15997696   
1179.92306630   
1178.73284454   
1172.92341276   
1172.66341346   
1177.13211577   
1187.08377203   
1174.59727076   
1163.02030533   
1175.31992697   
1176.89343077   
1163.09540142   
1167.41285028   
1185.65078468   
1202.50573293   
1176.87089366   
1177.66300931   
1187.94241057   
1185.22347595   
1166.05049450   
1165.67268353   
1166.55781419   
1178.79367271   
1214.02888053   
1169.66403340   
1187.81373051   
1187.14096255   
1174.59607087   
1179.20887626   
1163.32776010   
1185.52245978   
1207.32222273   
1210.52427362   
1181.95338958   
1180.33649743   
1199.13185769   
1177.68275268   
1179.19148279   
1169.47927528   
1188.17569245   
1173.43600386   
1196.74680317   
1180.64282599   
1163.79999911   
1171.86379760   
1170.28264860   
1167.72277418   
1163.97829229   
1169.21609731   
1172.73769779   
1172.98632726   
1170.73888320   
1181.97474946   
1184.27790051   
1204.69175536   
1177.71013141   
1181.14651708   
1171.07763759   
1176.82590726   
1176.21789068   
1175.60902147   
1181.90255955   
1167.84074735   
1190.89021349   
1200.93656852   
1180.23273629   
1186.38360024   
1172.62699508   
1180.05758205   
1203.08576931   
1176.49954965   
1189.95684615   
1180.63158369   
1181.44259237   
1222.95021966   
1183.21408375   
1181.49830321   
1169.14882649   
1177.88823432   
1173.70830423   
1198.65292386   
1202.24407153   
1180.09727872   
1200.17340271   
1173.24230261   
1178.46457172   
1226.04628622   
1163.78057732   
1161.65845768   
1207.14635095   
1181.32572613   
1163.19865051   
1193.51462003   
1178.10552179   
1174.04098941   
1165.81907670   
1183.98946628   
1170.84455875   
1175.70215669   
1161.85876083   
1167.84733302   
1169.79526253   
1172.07737924   
1168.58282230   
1174.57117236   
1183.01776322   
1185.94080881   
1178.25131326   
1177.57876675   
1170.70349204   
1169.30436336   
1169.43921578   
1171.94399109   
1176.12936690   
1194.76196591   
1175.97486026   
1176.56699343   
1179.53619115   
1188.13938504   
1173.74796522   
1169.52669249   
1182.57965387   
1171.92502298   
1169.12354708   
1191.60591200   
1175.27727255   
1174.05359202   
1163.62037938   
1163.52461030   
1179.81172166   
1185.90641471   
1183.50968936   
1162.10170998   
1182.10728112   
1177.67102513   
1165.83533660   
1170.66916916   
1180.31369085   
1175.02743487   
1171.74304007   
1192.41737876   
1169.67505530   
1189.09434153   
1172.67850549   
1166.43565544   
1175.31058309   
1167.53903154   
1176.75341143   
1168.86823072   
1189.43233484   
1181.42797927   
1172.26292847   
1202.68474122   
1165.24167146   
1179.09977308   
1170.38724377   
1165.58831766   
1187.43363860   
1178.99378616   
1168.68603702   
1189.62443392   
1176.54913878   
1174.38388404   
1172.00379503   
1178.24798284   
1168.64259351   
1194.85935403   
1167.17699898   
1179.50618324   
1181.82489562   
1183.01113828   
1184.16824904   
1195.32936534   
1178.99429772   
1186.51000836   
1187.05340504   
1174.19286639   
1171.11561152   
1170.16862778   
1182.28445425   
1177.31257810   
1177.41020376   
1191.14518224   
1188.59048226   
1194.42141589   
1170.40639572   
1164.86255650   
1185.46306886   
1204.43791544   
1177.15810916   
1168.58245941   
1200.63279144   
1175.94368451   
1190.43072664   
1174.30939193   
1162.19452224   
1186.15381624   
1174.20151751   
1169.31496061   
1173.39020739   
1174.54141234   
1209.00971773   
1170.53375078   
1182.52261663   
1166.93173525   
1177.90181281   
1175.91250596   
1180.00078968   
1164.73352087   
1172.92793583   
1179.99949840   
1167.38758010   
1165.00488774   
1166.21992056   
1187.65806936   
1175.60496783   
1169.22073580   
1161.78280591   
1166.09121445   
1173.32517495   
1176.36223769   
1180.46749193   
1173.74364297   
1183.22232225   
1201.22944248   
1168.18392495   
1213.22786737   
1162.99930956   
1164.29473953   
1172.23449298   
1169.34666817   
1172.19315336   
1180.64995009   
1192.55497123   
1167.33605992   
1170.35978494   
1177.43183924   
1165.42278537   
1178.94563778   
1182.12470703   
1175.03557249   
1177.95420339   
1215.03818150   
1184.67716166   
1178.60949864   
1183.89599274   
1185.11663396   
1196.71428536   
1170.97823036   
1183.21854401   
1179.05283478   
1188.55430305   
1201.44458023   
1203.24726162   
1185.65909941   
1179.97932769   
1166.53385419   
1185.39918799   
1166.34608654   
1211.80984978   
1197.12157128   
1166.09734533   
1180.82033088   
1181.25527542   
1172.04451811   
1178.96871309   
1203.89189324   
1191.84145209   
1177.87315770   
1210.75244445   
1187.06674417   
1223.05166568   
1168.37765132   
1189.80353172   
1169.31595486   
1177.59795477   
1188.01712714   
1182.83080167   
1178.74516213   
1181.44863605   
1186.15799424   
1177.34214816   
1177.00696865   
1182.62281261   
1170.10440119   
1200.11779505   
1169.43688209   
1165.68731166   
1169.07854286   
1179.60682270   
1168.00464023   
1179.95779538   
1184.40928360   
1177.46037121   
1169.23962249   
1162.92456014   
1177.79747019   
1174.88801260   
1171.39674747   
1178.08712846   
1167.52085214   
1169.43392567   
1172.82705224   
1209.20762967   
1175.48226788   
1181.91623888   
1170.43107033   
1182.54733856   
1181.40412596   
1182.28216094   
1203.28873572   
1214.85810210   
1172.97815611   
1173.02773981   
1189.68172971   
1183.31568003   
1183.89917508   
1162.59658763   
1170.38300741   
1168.23878161   
1171.40221462   
1168.58796989   
1165.63991757   
1171.65662255   
1175.62428359   
1165.93343662   
1166.40005199   
1167.24011329   
1173.98900817   
1179.08171268   
1170.84362534   
1175.51695757   
1175.88529334   
1171.43694890   
1173.06985985   
1164.86119385   
1171.50270644   
1193.51109657   
1167.44326815   
1181.05223074   
1179.45171723   
1165.25582593   
1182.98736995   
1180.43602462   
1180.09784990   
1165.90786018   
1167.15524453   
1170.05508720   
1171.56500816   
1191.88131671   
1174.02136958   
1186.21747033   
1183.56451673   
1166.10020741   
1200.26638351   
1182.85196370   
