1715.41295476   
1834.30904695   
1767.70337872   
1655.39489505   
1703.82719739   
1625.92792872   
1672.01305743   
1567.23580287   
1779.90057103   
1483.79806258   
1493.76110190   
1429.87985473   
1418.59883729   
1499.43682459   
1398.93351591   
1433.54085515   
1338.48610711   
1390.28316434   
1279.84917399   
1229.99858741   
1336.22909138   
1217.10466768   
1274.86794321   
1257.88283606   
1207.09580048   
1179.16917799   
1185.85294642   
1176.74550037   
1194.06826120   
1177.08538691   
1192.19043633   
1196.39273581   
1166.33403814   
1187.63314487   
1190.17137523   
1174.34871627   
1176.53181396   
1181.33083174   
1169.57214880   
1181.53629076   
1198.99179975   
1185.12312013   
1174.59176835   
1178.68947976   
1178.62193329   
1178.96097280   
1192.02845842   
1184.21338441   
1161.69237870   
1177.54518560   
1182.90437371   
1176.95072840   
1166.30240540   
1176.75386011   
1162.20323028   
1181.15492417   
1171.52682588   
1162.03864768   
1187.64890227   
1176.60996663   
1173.02239960   
1169.44027011   
1177.79711382   
1179.07003527   
1166.78404241   
1170.05446373   
1171.37208915   
1162.74326708   
1171.93688898   
1163.97030777   
1182.62777085   
1183.48733218   
1177.59154839   
1173.56026035   
1175.72924209   
1168.41554419   
1164.08457271   
1191.81347381   
1166.62693570   
1205.20917163   
1171.72202355   
1170.01887865   
1184.17175146   
1166.67276985   
1175.80533530   
1181.00484884   
1175.26437696   
1172.96382493   
1188.55265073   
1167.75642415   
1166.05600840   
1193.35268139   
1194.44557025   
1182.82338826   
1183.82921145   
1172.30681587   
1170.78856894   
1187.38015142   
1179.88283192   
1175.35053248   
1197.06155013   
1195.60646573   
1176.71829623   
1169.13811524   
1178.08711234   
1175.33797542   
1185.90355209   
1189.70094279   
1183.29807193   
1197.72798942   
1177.33004703   
1171.90744659   
1185.66397538   
1184.52633660   
1183.34019009   
1197.42737413   
1177.42339621   
1235.47296023   
1194.25681486   
1170.09833392   
1198.23253783   
1185.87720535   
1171.97597053   
1182.83617311   
1199.71974794   
1190.11227645   
1176.23436928   
1191.94732467   
1188.61327008   
1183.02100118   
1176.35658838   
1170.18997820   
1181.36949454   
1187.50953123   
1173.57979149   
1223.14650027   
1172.66333414   
1189.71344225   
1212.16502682   
1173.35247103   
1185.11514884   
1182.04649551   
1178.08999383   
1180.48576180   
1181.55008306   
1199.60802373   
1168.47484884   
1169.41161045   
1184.70033015   
1209.26826836   
1171.79332370   
1199.28413885   
1184.79380311   
1179.85003380   
1190.09676270   
1197.64114481   
1195.43503325   
1194.41951738   
1180.89216697   
1185.46184009   
1192.26174515   
1176.46339432   
1161.52834622   
1163.55049241   
1166.24385411   
1165.06762988   
1190.08287554   
1199.58805147   
1169.37289800   
1168.61363220   
1195.89717105   
1167.97406612   
1177.58482820   
1167.43325831   
1192.10433903   
1203.95429586   
1170.30620284   
1190.06257514   
1185.37486739   
1175.44184348   
1183.12847195   
1168.99319859   
1167.21912706   
1186.74344994   
1172.30766025   
1167.65633211   
1174.59309623   
1170.97888892   
1178.77444230   
1181.43726648   
1168.55079590   
1175.12697143   
1194.12948200   
1165.83451989   
1179.54955829   
1180.75890543   
1187.97920513   
1169.81421902   
1173.07932089   
1164.17664447   
1191.70743155   
1179.66233724   
1175.04424539   
1162.86489240   
1171.52231625   
1193.33276689   
1169.99916865   
1175.53030613   
1184.64645814   
1169.45447747   
1169.85647986   
1170.33799990   
1173.93310785   
1172.47205158   
1180.42948777   
1172.10108339   
1184.80564515   
1163.52972771   
1176.32484951   
1168.14898527   
1185.18702635   
1190.30016152   
1174.13099463   
1175.86302249   
1198.55614566   
1179.35764814   
1180.09928107   
1184.07984459   
1188.27771125   
1183.27651265   
1170.94503828   
1170.55012584   
1172.64720625   
1181.59527249   
1178.38325667   
1178.21284053   
1190.40352830   
1181.40320276   
1183.23363523   
1189.64473401   
1204.25523587   
1164.35822715   
1171.21925120   
1175.52634339   
1173.44579299   
1176.56026969   
1188.53459719   
1167.22154388   
1184.04659280   
1170.82829401   
1186.98631822   
1170.14180079   
1181.23700156   
1183.19863771   
1197.45996039   
1178.79293631   
1170.55809851   
1188.68956379   
1173.91799120   
1210.73281905   
1171.65739903   
1169.72139763   
1195.86838436   
1174.92176846   
1171.89092364   
1176.72082084   
1170.14737616   
1198.16955290   
1178.47383893   
1184.94954763   
1195.32005725   
1181.45456374   
1186.93993411   
1164.10185524   
1172.09451264   
1163.70779986   
1170.88203912   
1174.29954524   
1185.90560692   
1177.46623220   
1168.15159525   
1165.99556740   
1166.77645142   
1180.19482696   
1170.25515680   
1175.96937086   
1182.27526410   
1185.77216727   
1176.12012800   
1178.02562952   
1169.96905401   
1166.90758725   
1243.75530381   
1182.46713896   
1188.89994011   
1166.23305306   
1180.03165829   
1164.93688062   
1164.94226675   
1183.64270486   
1179.91173000   
1166.38387285   
1174.57407360   
1173.12421664   
1169.95418791   
1168.54009856   
1172.99883378   
1186.46823896   
1196.52594303   
1185.69926144   
1161.88854241   
1178.32227411   
1207.95871832   
1181.71253872   
1168.76256044   
1188.69361580   
1176.28211681   
1170.18576993   
1170.43884535   
1176.63070351   
1171.50480599   
1170.77298260   
1201.80143712   
1229.69236737   
1185.83254131   
1168.24004156   
1169.27300763   
1175.17011174   
1164.76489190   
1200.72350992   
1201.91771553   
1218.48156792   
1163.70827475   
1173.36325964   
1181.18307868   
1184.65906357   
1168.35818663   
1186.26389144   
1172.43359035   
1183.46376536   
1168.66963978   
1167.92307560   
1206.77461813   
1182.89473128   
1185.19259749   
1179.34660650   
1181.19694440   
1164.71409772   
1199.90855980   
1166.61747699   
1200.84184402   
1170.55904879   
1170.33413875   
1169.03326341   
1177.63109147   
1173.51321204   
1171.50377711   
1168.05966994   
1175.90372319   
1170.90744206   
1172.46058872   
1177.49936871   
1181.17904227   
1210.38384876   
1164.19470294   
1169.19615523   
1162.99985979   
1186.83176012   
1175.95930384   
1205.20766568   
1185.63074222   
1169.35147035   
1192.69658283   
1172.24292836   
1177.56389818   
1176.93790131   
1162.93497897   
1179.06068824   
1171.81708887   
1171.85639597   
1196.65092442   
1179.63720156   
1162.75398134   
1164.99736112   
1177.35333354   
1183.42540372   
1214.28167428   
1183.11927449   
1183.25719206   
1171.23579461   
1173.35203644   
1167.83038942   
1174.00536522   
1168.56569200   
1191.88815863   
1184.20052003   
1202.00273369   
1182.39938702   
1176.01573504   
1202.03930464   
1200.21939541   
1164.68345923   
1181.38171414   
1175.48483418   
1176.20362267   
1169.66137984   
1163.00073972   
1167.45084212   
1193.37972248   
1196.19354336   
1189.60648139   
1179.61826755   
1176.59927158   
1182.68517709   
1164.35029799   
1169.05493177   
1165.08428473   
1187.76191183   
1184.85056701   
1201.85021604   
1174.70804044   
1187.92909303   
1193.18746583   
1171.22271411   
1176.70325231   
1187.91866259   
1193.20020344   
1173.23612261   
1180.00336568   
1169.79441169   
1163.42678873   
1176.40585272   
1196.86181077   
1176.17042195   
1202.76580850   
1173.55072601   
1198.15786867   
1171.19625130   
1165.21308548   
1200.79672738   
1176.88234618   
1170.33480435   
1177.52371712   
1170.13711586   
1201.69231465   
1175.72858524   
1179.99885714   
1161.37713292   
1164.87751087   
1189.70485388   
1167.89771070   
1192.68915233   
1214.48598118   
1182.55791264   
1172.71272933   
1176.44353955   
1192.34181615   
1185.27851155   
1170.63386463   
1176.42013532   
1169.39543835   
1169.25499710   
1169.94494893   
1183.77488502   
1182.05619798   
1177.43324658   
1173.96267058   
1168.61862841   
1177.37388051   
1184.25193631   
1169.17913882   
1207.11117444   
1162.35875914   
1168.94012998   
1176.68459095   
1189.07662638   
1164.61747631   
1180.08526805   
1175.28758238   
1185.75446940   
1198.75491206   
1210.28658952   
1168.64799211   
1175.59081332   
1177.89852764   
1174.37051643   
1199.91180867   
1193.50790993   
1174.25943681   
1175.02439035   
1200.98507425   
1184.67865046   
1178.05040666   
1175.00938432   
1165.65739257   
1184.00681889   
1215.25372684   
1175.98559656   
1178.05500375   
1173.44369634   
1179.01854200   
1180.13813660   
1163.18824459   
1176.86927267   
1169.52508089   
1162.86669944   
1177.85354650   
1169.47719885   
1176.61562150   
1173.90585420   
1176.31387458   
1179.88003158   
1166.10143288   
1169.39003580   
1166.76747369   
1185.60480289   
1218.70059988   
1174.45182460   
1176.17102280   
1174.09796675   
1176.69590791   
1192.27305183   
1175.52161302   
1168.82275151   
1166.14108265   
1162.29541922   
1175.67553216   
1184.80858303   
1179.47583594   
1168.90344827   
1188.57619743   
1163.40748615   
1170.38079623   
1177.17267265   
1178.41865499   
1178.27832001   
1168.59109063   
1176.56250645   
1205.76394884   
1172.81616604   
1164.07503737   
1176.63051305   
1167.34903488   
1166.47529218   
1180.06677719   
1184.44674020   
1184.53812947   
1163.62825278   
1163.88079151   
1168.71759368   
1168.73250414   
1171.87356349   
1166.74380017   
1177.63323772   
1176.48246942   
1174.65882673   
1209.70009881   
1187.57032051   
1179.67368128   
1176.14082790   
1187.00113853   
1163.83221706   
1187.32109665   
1170.84642500   
1176.81210430   
1205.37082709   
1162.56145533   
1172.69348252   
1186.20941716   
1189.71284032   
1171.60936198   
1182.65484473   
1203.40432916   
1169.95788681   
1169.70712454   
1172.96202077   
1169.90656458   
1188.32685347   
1178.81315206   
1165.79284493   
1174.07632687   
1179.53866165   
1177.39365693   
1181.18657927   
1191.23030228   
1182.39324942   
1174.84439779   
1177.15744027   
1164.28695200   
1170.07850133   
1176.82984442   
1173.67654386   
1184.17930313   
1180.73890981   
1166.66848991   
1174.30332006   
1173.18109796   
1193.08456241   
1180.49038036   
1184.83672288   
1161.32529137   
1172.26723374   
1169.70753032   
1175.84439919   
1165.76304175   
1165.48585156   
1175.88479022   
1168.42106951   
1185.83026909   
1188.85813491   
1170.99470070   
1178.97534778   
1179.73479025   
1180.51354666   
1170.70201117   
1195.75238865   
1169.19709576   
1166.81094608   
1183.94821461   
1169.86328317   
1174.48003043   
1163.92124399   
1188.56770168   
1168.80369636   
1178.97220038   
1171.64578664   
1174.57734345   
1169.53067872   
1180.07191498   
1182.22909361   
1192.04242581   
1197.13559793   
1181.92354216   
1170.20293825   
1174.26974805   
1169.43303029   
1174.53747288   
1179.52578919   
1162.56041001   
1181.04440908   
1170.96666386   
1178.52599542   
1168.06394079   
1178.09921154   
1164.56735794   
1202.16872119   
1170.52302817   
1173.54236355   
1173.94311049   
1199.21139070   
1175.92406623   
1165.35692680   
1180.82914857   
1172.09781178   
1175.20954861   
1165.29395670   
1171.10647800   
1170.96789269   
1180.54901278   
1188.99943694   
1171.74526161   
1190.97185631   
1169.61551658   
1165.17325041   
1178.89392519   
1174.22160630   
1201.97062282   
1174.39471125   
1177.59581494   
1175.98057620   
1180.99838412   
1176.60590894   
1171.88077771   
1166.89892591   
1162.55086356   
1168.22870405   
1172.15208650   
1171.88291802   
1182.65014849   
1177.00279600   
1169.28243023   
1169.35762259   
1165.51393249   
1173.27308180   
1172.98297616   
1169.72571623   
1168.27511448   
1176.11389375   
1181.67102359   
1182.72448389   
1176.82638424   
1164.91729019   
1173.17786246   
1169.29571145   
1180.86476627   
1167.16157804   
1204.14230635   
1180.84889642   
1168.65559824   
1171.13200013   
1177.95264741   
1178.65978356   
1167.32843965   
1191.52702559   
1179.77380423   
1162.37622465   
1164.77216435   
1173.43669259   
1216.93998541   
1180.19063056   
1184.21019584   
1164.47784103   
1178.98014349   
1179.01505373   
1190.49585111   
1171.74906957   
1196.90453806   
1174.05368349   
1191.79490205   
1162.47772279   
1188.59557637   
1190.95882174   
1171.56141207   
1176.70902871   
1169.24070609   
1175.57431290   
1186.34393583   
1186.34488794   
1186.45949009   
1179.69010056   
1172.96460251   
1166.82338443   
1187.41511022   
1180.02385431   
1172.13882279   
1177.01435267   
1179.57822362   
1172.79954782   
1166.77870129   
1175.23885906   
1173.43892283   
1175.90435430   
1164.57153467   
1195.49658644   
1177.28659565   
1217.52023625   
1191.63339923   
1169.73257989   
1172.63875348   
1167.28301505   
1169.31907254   
1165.14475023   
1170.25830223   
1185.64891492   
1187.96411642   
1178.69599949   
1199.71759456   
1181.44571562   
1169.19736993   
1176.34539380   
1164.19798663   
1186.80338517   
1170.75055513   
1187.63964243   
1174.98120278   
1182.91711008   
1159.09730272   
1171.60195511   
1165.53447566   
1170.12233660   
1179.37176506   
1186.13892115   
1167.73490514   
1175.51769779   
1195.86098062   
1169.97112226   
1169.04693568   
1163.35451676   
1172.53435308   
1192.96171120   
1181.25297724   
1184.83606390   
1185.35072082   
1164.37914165   
1160.68838319   
1190.01987983   
1173.75819220   
1167.55220974   
1167.47958596   
1178.17814631   
1167.52381935   
1189.13093769   
1179.15500711   
1191.23726447   
1175.79554537   
1178.59398318   
1167.91778875   
1167.63515511   
1181.98655759   
1162.98300122   
1173.15089663   
1189.16651531   
1174.19751473   
1174.91718623   
1181.60096631   
1170.40702947   
1183.76240486   
1170.21921117   
1168.73190845   
1168.41394568   
1197.75506052   
1169.12077516   
1182.32923520   
1174.64337815   
1188.97316724   
1174.89788910   
1189.95340762   
1183.24756646   
1179.48119107   
1171.69198769   
1174.92704261   
1177.03883018   
1175.41153226   
1183.24702864   
1165.59921710   
1185.10807578   
1172.95890954   
1188.68562408   
1172.52474927   
1171.25912745   
1185.35063103   
1182.01730485   
1172.70693856   
1170.01256822   
1172.83458462   
1167.08398345   
1168.36118174   
1170.66135492   
1170.02553446   
1170.94611664   
1168.86795613   
1167.29769006   
1175.64586085   
1172.80171451   
1183.75824596   
1182.13542242   
1205.82044088   
1193.13261961   
1169.04790766   
1163.74938449   
1168.76014020   
1198.18444498   
1173.68823127   
1175.46324430   
1183.84186915   
1191.77768875   
1186.63178229   
1177.31185443   
1176.67059480   
1171.00585132   
1165.20712051   
1170.64831785   
1163.07215724   
1174.87505928   
1177.24257210   
1172.36013989   
1161.18489568   
1179.89132443   
1187.74578389   
1171.35181014   
1178.81413144   
1173.26240410   
1170.08268675   
1175.78283474   
1173.31628091   
1177.04387882   
1179.82245654   
1182.22890206   
1177.41301145   
1172.94243966   
1167.40818797   
1187.97810435   
1164.27861602   
1173.09817503   
1167.76795048   
1166.52714605   
1174.99200681   
1172.10755127   
1195.40671621   
1185.95169924   
1191.26273661   
1179.86102119   
1182.21305129   
1203.45710772   
1182.43478456   
1183.31520056   
1186.73569332   
1182.88248912   
1169.01203442   
1185.44026260   
1203.33593170   
1167.07170386   
1175.53235525   
1216.28036395   
1187.57997849   
1165.14686612   
1171.53425714   
1169.79697783   
1194.23878869   
1176.61780368   
1184.06952267   
1168.89199138   
1179.32568590   
1163.19519766   
1179.39252044   
1187.38735456   
1202.88663751   
1177.24282790   
1174.36275306   
1191.24346675   
1215.83587203   
1197.91245322   
1169.40961743   
1171.99213611   
1180.13358289   
1175.44932362   
1175.42116293   
1174.20567791   
1164.87754813   
1198.48493121   
1189.17866136   
1177.83793035   
1169.04067206   
1198.22778081   
1201.49441712   
1181.09404794   
1188.02729067   
1189.66795426   
1181.44728965   
1177.00302336   
1177.58987508   
1163.73554536   
1193.74559119   
1170.83556539   
1169.35521687   
1171.64223962   
1194.34306073   
1177.12740297   
1167.72831232   
1189.28620292   
1173.92813068   
1163.22251256   
1176.06563487   
1172.31869500   
1189.05537832   
1175.25513912   
1165.66262738   
1177.95583138   
1172.69996378   
1211.59860237   
1171.50452889   
1181.17248233   
1177.49967687   
1176.65629506   
1174.53598880   
1186.63146962   
1174.47480476   
1165.96003941   
1202.92479164   
1169.46240549   
1191.35791641   
1170.01257292   
1175.04122899   
1187.16497821   
1203.28651614   
1177.80680554   
1168.61248954   
1173.95687748   
1174.86701913   
1177.53836463   
1184.65944884   
1170.01324004   
1170.47931161   
1174.30701759   
1182.06957003   
1181.45256298   
1185.85666465   
1163.66031604   
1186.20576723   
1180.90549000   
1180.92260545   
1196.64080368   
1192.84904301   
1181.14627156   
1170.91555259   
1170.13508564   
1178.68072373   
1178.70576996   
1179.08875304   
1163.36330664   
1204.99270795   
1170.45838219   
1169.54813313   
1171.89993977   
1187.07303478   
1220.89953602   
1168.88331941   
1168.16751286   
1173.12347281   
1190.22612431   
1170.85442274   
1164.44793148   
1180.72242413   
1169.51331500   
1178.64236448   
1188.16094691   
1175.67723698   
1179.09720847   
1178.34440938   
1169.66899984   
1168.91468696   
1182.83489426   
1176.31772482   
1188.04431687   
1192.13739891   
1174.34857164   
1193.15337243   
1175.29960856   
1173.71937007   
1173.33159242   
1174.75168625   
1167.10699525   
1184.42593413   
1202.83603203   
1170.59609693   
1179.37548316   
1172.47534805   
1171.70119178   
1183.93466032   
1183.25533003   
1187.98134376   
1177.73505123   
1174.85463424   
1188.06729693   
1175.18954811   
1199.68025214   
1195.35260731   
1183.50325450   
1196.61696510   
1170.79467902   
1189.62130166   
1187.00251956   
1176.09659383   
1183.88942455   
1183.40597862   
1179.31052979   
1166.62734269   
1175.55820977   
1166.34771421   
1173.94553624   
1177.39458194   
1196.90405525   
1170.51822104   
1178.46000717   
1176.88821998   
1184.54589178   
1186.22606164   
1177.64707626   
1180.88331243   
1182.27309487   
1174.82061128   
1175.21806389   
1173.16525644   
1191.63086831   
1184.83891037   
1173.18377673   
1195.45203960   
1190.57879205   
1180.24064576   
1163.53874698   
1183.37743120   
1191.43248308   
1199.22136447   
1177.04424693   
1166.85798227   
1169.75825196   
1178.88000651   
1176.47316352   
1198.47229920   
1181.42871993   
1192.33025210   
1170.54652552   
1180.88576148   
1191.45913777   
1193.48070274   
1198.47146992   
1197.06676704   
1177.79416586   
1165.66964254   
1177.14305850   
1174.74600325   
1184.31906007   
1184.30184241   
1166.08434544   
1192.55713493   
1196.71145103   
1163.68905010   
1177.24863182   
1176.87907967   
1165.75879443   
1199.96508782   
1161.80492566   
1172.38600803   
1170.78327761   
1171.34232967   
1179.71741656   
1171.05899142   
1193.35369963   
1163.13064357   
1184.90605488   
1177.31410081   
1180.97158033   
1187.72005088   
1164.13610440   
1166.19485595   
1172.68563099   
1172.48741644   
1179.89184762   
1173.24894665   
1176.17782349   
1212.07749748   
1179.39037055   
1170.04682653   
1168.70237612   
1179.76594871   
1183.44200552   
1173.77200992   
1171.46016257   
1206.11689031   
1174.78109870   
1170.84700309   
1167.61434681   
1180.28899160   
1175.02180378   
1176.32163115   
1182.07485347   
1167.40013369   
1170.50607995   
1193.01138286   
1171.79550830   
1175.79377396   
1183.56521148   
1180.68627721   
1172.88392420   
1173.17827749   
1166.42737979   
1161.31343551   
1217.14760529   
1179.41136895   
1175.57253734   
1180.96103303   
1166.80435513   
1181.71238300   
1182.39777754   
1186.67544943   
1199.81431161   
1182.39203449   
1175.87066920   
1178.94019101   
1184.80137636   
1169.44550027   
1176.56871063   
1188.22662203   
1176.19308754   
1174.95182810   
1177.79256157   
1159.78105520   
1175.72499286   
1170.50072681   
1176.59542127   
1172.65244455   
1167.42329750   
1168.56240356   
1179.48023916   
1179.07613078   
1174.99058632   
1185.21728813   
1177.33072211   
1167.55995330   
1166.58611081   
1214.15273246   
1182.66486228   
1231.38608398   
1175.79704239   
1162.19526844   
1171.73400110   
1186.37635783   
1175.00059487   
1169.86773115   
