6.65000000   -0.92200000   -0.03000000   -0.26900000   0.99500000   0.06200000   -0.07300000   25.57587413   99.91874947   5.83083891   -0.07826843   
6.65000000   -0.92200000   -0.03000000   -0.26900000   0.99500000   0.06200000   -0.07300000   25.57667978   99.87779934   6.27116088   -0.17150370   
6.65000000   -0.92200000   -0.03000000   -0.26900000   0.99500000   0.06200000   -0.07300000   25.56648563   99.85335811   6.84335905   -0.16041783   
6.65000000   -0.92200000   -0.03000000   -0.26900000   0.99500000   0.06200000   -0.07300000   25.57833277   99.83634339   6.09571191   -0.08310720   
6.65000000   -0.92200000   -0.03000000   -0.26900000   0.99500000   0.06200000   -0.07300000   25.62298186   99.83234527   6.79748721   -0.14509367   
6.65000000   -0.92200000   -0.03000000   -0.26900000   0.99500000   0.06200000   -0.07300000   25.63812353   99.83971003   6.21699342   -0.28277068   
6.65000000   -0.92200000   -0.03000000   -0.26900000   0.99500000   0.06200000   -0.07300000   25.65614054   99.83692990   6.08563860   -0.31374407   
6.65000000   -0.92200000   -0.03000000   -0.26900000   0.99500000   0.06200000   -0.07300000   25.65598129   99.83206589   5.62241004   -0.37991975   
6.65000000   -0.92200000   -0.03000000   -0.26900000   0.99500000   0.06200000   -0.07300000   25.66706323   99.83770827   5.87375972   -0.26329945   
6.65000000   -0.92200000   -0.03000000   -0.26900000   0.99500000   0.06200000   -0.07300000   25.65711339   99.79920949   4.79407817   -0.19187712   
6.65000000   -0.92200000   -0.03000000   -0.26900000   0.99500000   0.06200000   -0.07300000   25.67042659   99.77357503   4.82496386   -0.19658265   
6.65000000   -0.92200000   -0.03000000   -0.26900000   0.99500000   0.06200000   -0.07300000   25.66929850   99.75950340   3.91945784   -0.26074146   
6.65000000   -0.92200000   -0.03000000   -0.26900000   0.99500000   0.06200000   -0.07300000   25.66696146   99.77057005   3.55988434   -0.19100110   
6.65000000   -0.92200000   -0.03000000   -0.26900000   0.99500000   0.06200000   -0.07300000   25.69084108   99.75342969   3.63995466   -0.10424964   
6.65000000   -0.92200000   -0.03000000   -0.26900000   0.99500000   0.06200000   -0.07300000   25.70269349   99.73495964   3.56099948   -0.03164783   
6.65000000   -0.92200000   -0.03000000   -0.26900000   0.99500000   0.06200000   -0.07300000   25.71489837   99.71045240   3.27110915   -0.17746058   
6.65000000   -0.92200000   -0.03000000   -0.26900000   0.99500000   0.06200000   -0.07300000   25.71908297   99.71461162   3.48717267   -0.14410942   
6.65000000   -0.92200000   -0.03000000   -0.26900000   0.99500000   0.06200000   -0.07300000   25.71597879   99.72901590   3.88877523   -0.24591523   
6.65000000   -0.92200000   -0.03000000   -0.26900000   0.99500000   0.06200000   -0.07300000   25.74258173   99.72251547   3.53132175   -0.17560542   
6.65000000   -0.92200000   -0.03000000   -0.26900000   0.99500000   0.06200000   -0.07300000   25.71985656   99.72985906   3.67027344   -0.10787931   
6.65000000   -0.92200000   -0.03000000   -0.26900000   0.99500000   0.06200000   -0.07300000   25.74010197   99.72644553   3.61861805   -0.28336039   
6.65000000   -0.92200000   -0.03000000   -0.26900000   0.99500000   0.06200000   -0.07300000   25.73719451   99.73786380   3.55791810   -0.41092679   
6.65000000   -0.92200000   -0.03000000   -0.26900000   0.99500000   0.06200000   -0.07300000   25.74338755   99.71467759   3.04834800   -0.39184484   
6.65000000   -0.92200000   -0.03000000   -0.26900000   0.99500000   0.06200000   -0.07300000   25.73822246   99.71640084   2.19149859   -0.30809194   
6.65000000   -0.92200000   -0.03000000   -0.26900000   0.99500000   0.06200000   -0.07300000   25.75673238   99.72974424   1.20355571   -0.31183328   
6.65000000   -0.92200000   -0.03000000   -0.26900000   0.99500000   0.06200000   -0.07300000   25.76130481   99.74887897   1.14697602   -0.40765419   
6.65000000   -0.92200000   -0.03000000   -0.26900000   0.99500000   0.06200000   -0.07300000   25.74590573   99.72339646   1.01482237   -0.36650123   
6.65000000   -0.92200000   -0.03000000   -0.26900000   0.99500000   0.06200000   -0.07300000   25.72834569   99.75526875   1.04550927   -0.30975395   
6.65000000   -0.92200000   -0.03000000   -0.26900000   0.99500000   0.06200000   -0.07300000   25.73283786   99.73730173   1.10387667   -0.38084702   
6.65000000   -0.92200000   -0.03000000   -0.26900000   0.99500000   0.06200000   -0.07300000   25.72514472   99.75105569   1.11366534   -0.45429949   
6.65000000   -0.92200000   -0.03000000   -0.26900000   0.99500000   0.06200000   -0.07300000   25.73196803   99.75103793   1.05910346   -0.36261127   
6.65000000   -0.92200000   -0.03000000   -0.26900000   0.99500000   0.06200000   -0.07300000   25.73606046   99.73915022   1.04352847   -0.50599380   
6.65000000   -0.92200000   -0.03000000   -0.26900000   0.99500000   0.06200000   -0.07300000   25.73369724   99.73038616   1.24533604   -0.58313570   
6.65000000   -0.92200000   -0.03000000   -0.26900000   0.99500000   0.06200000   -0.07300000   25.74660796   99.74611100   1.07436721   -0.48821924   
6.65000000   -0.92200000   -0.03000000   -0.26900000   0.99500000   0.06200000   -0.07300000   25.73431243   99.73892740   1.01003693   -0.55296049   
6.65000000   -0.92200000   -0.03000000   -0.26900000   0.99500000   0.06200000   -0.07300000   25.74195389   99.73064180   1.22306578   -0.68991788   
6.65000000   -0.92200000   -0.03000000   -0.26900000   0.99500000   0.06200000   -0.07300000   25.72669185   99.72754021   1.11071111   -0.63726985   
6.65000000   -0.92200000   -0.03000000   -0.26900000   0.99500000   0.06200000   -0.07300000   25.74399928   99.71995861   1.00106463   -0.73329274   
6.65000000   -0.92200000   -0.03000000   -0.26900000   0.99500000   0.06200000   -0.07300000   25.72259322   99.71768407   1.13090813   -0.73049986   
6.65000000   -0.92200000   -0.03000000   -0.26900000   0.99500000   0.06200000   -0.07300000   25.73368896   99.72060541   1.57301701   -0.59175154   
6.65000000   -0.92200000   -0.03000000   -0.26900000   0.99500000   0.06200000   -0.07300000   25.72986312   99.73150541   1.09369890   -0.50121820   
6.65000000   -0.92200000   -0.03000000   -0.26900000   0.99500000   0.06200000   -0.07300000   25.72046610   99.72866767   1.21691477   -0.51080099   
6.65000000   -0.92200000   -0.03000000   -0.26900000   0.99500000   0.06200000   -0.07300000   25.73410288   99.73275919   1.23879953   -0.57230649   
6.65000000   -0.92200000   -0.03000000   -0.26900000   0.99500000   0.06200000   -0.07300000   25.72857980   99.74688064   1.00609751   -0.46600866   
6.65000000   -0.92200000   -0.03000000   -0.26900000   0.99500000   0.06200000   -0.07300000   25.73107969   99.73066268   1.02782612   -0.44775049   
6.65000000   -0.92200000   -0.03000000   -0.26900000   0.99500000   0.06200000   -0.07300000   25.72125332   99.73663147   1.13303309   -0.50529103   
6.65000000   -0.92200000   -0.03000000   -0.26900000   0.99500000   0.06200000   -0.07300000   25.72306226   99.74529234   1.18111846   -0.50275787   
6.65000000   -0.92200000   -0.03000000   -0.26900000   0.99500000   0.06200000   -0.07300000   25.72962960   99.74025676   1.24868447   -0.41597303   
6.65000000   -0.92200000   -0.03000000   -0.26900000   0.99500000   0.06200000   -0.07300000   25.73253951   99.74194279   1.44573160   -0.42072321   
6.65000000   -0.92200000   -0.03000000   -0.26900000   0.99500000   0.06200000   -0.07300000   25.72796556   99.75125562   1.12194213   -0.36212313   
6.65000000   -0.92200000   -0.03000000   -0.26900000   0.99500000   0.06200000   -0.07300000   25.72237396   99.75027825   1.17579999   -0.31302385   
6.65000000   -0.92200000   -0.03000000   -0.26900000   0.99500000   0.06200000   -0.07300000   25.71985152   99.74394328   1.16885366   -0.39012252   
6.65000000   -0.92200000   -0.03000000   -0.26900000   0.99500000   0.06200000   -0.07300000   25.72330276   99.74410795   1.46523149   -0.38540767   
6.65000000   -0.92200000   -0.03000000   -0.26900000   0.99500000   0.06200000   -0.07300000   25.72780249   99.74070437   1.66583989   -0.48002567   
6.65000000   -0.92200000   -0.03000000   -0.26900000   0.99500000   0.06200000   -0.07300000   25.73869903   99.75124734   1.34304799   -0.46203178   
6.65000000   -0.92200000   -0.03000000   -0.26900000   0.99500000   0.06200000   -0.07300000   25.71710672   99.71906052   1.13132294   -0.57857229   
6.65000000   -0.92200000   -0.03000000   -0.26900000   0.99500000   0.06200000   -0.07300000   25.73378678   99.72932342   1.19977788   -0.59898864   
6.65000000   -0.92200000   -0.03000000   -0.26900000   0.99500000   0.06200000   -0.07300000   25.71380291   99.73313555   1.14912126   -0.48657318   
6.65000000   -0.92200000   -0.03000000   -0.26900000   0.99500000   0.06200000   -0.07300000   25.71367372   99.74281860   1.08258175   -0.46693150   
6.65000000   -0.92200000   -0.03000000   -0.26900000   0.99500000   0.06200000   -0.07300000   25.71908712   99.73606937   1.09398000   -0.52110236   
6.65000000   -0.92200000   -0.03000000   -0.26900000   0.99500000   0.06200000   -0.07300000   25.72278451   99.73715215   1.54589713   -0.56828283   
6.65000000   -0.92200000   -0.03000000   -0.26900000   0.99500000   0.06200000   -0.07300000   25.74649494   99.75008837   1.13488698   -0.60651569   
6.65000000   -0.92200000   -0.03000000   -0.26900000   0.99500000   0.06200000   -0.07300000   25.73794470   99.73472055   1.06329936   -0.50023435   
6.65000000   -0.92200000   -0.03000000   -0.26900000   0.99500000   0.06200000   -0.07300000   25.73015755   99.74276604   1.12955879   -0.57265612   
6.65000000   -0.92200000   -0.03000000   -0.26900000   0.99500000   0.06200000   -0.07300000   25.72842967   99.73371213   1.12771021   -0.58466267   
6.65000000   -0.92200000   -0.03000000   -0.26900000   0.99500000   0.06200000   -0.07300000   25.73425328   99.76578568   1.02611957   -0.40058838   
6.65000000   -0.92200000   -0.03000000   -0.26900000   0.99500000   0.06200000   -0.07300000   25.72481098   99.77197082   1.04025044   -0.23913966   
6.65000000   -0.92200000   -0.03000000   -0.26900000   0.99500000   0.06200000   -0.07300000   25.71009874   99.76497183   1.11141030   -0.20394569   
6.65000000   -0.92200000   -0.03000000   -0.26900000   0.99500000   0.06200000   -0.07300000   25.73198050   99.76305298   1.23053331   -0.34439394   
6.65000000   -0.92200000   -0.03000000   -0.26900000   0.99500000   0.06200000   -0.07300000   25.73963065   99.73604691   1.55044461   -0.47135558   
6.65000000   -0.92200000   -0.03000000   -0.26900000   0.99500000   0.06200000   -0.07300000   25.72811855   99.73792930   1.40690734   -0.51018390   
6.65000000   -0.92200000   -0.03000000   -0.26900000   0.99500000   0.06200000   -0.07300000   25.72299867   99.71669023   1.08134562   -0.61571123   
6.65000000   -0.92200000   -0.03000000   -0.26900000   0.99500000   0.06200000   -0.07300000   25.72197666   99.73688737   1.34676501   -0.54236649   
6.65000000   -0.92200000   -0.03000000   -0.26900000   0.99500000   0.06200000   -0.07300000   25.74078084   99.74168756   1.53584345   -0.39514768   
6.65000000   -0.92200000   -0.03000000   -0.26900000   0.99500000   0.06200000   -0.07300000   25.74708883   99.75174838   1.45119587   -0.42549800   
6.65000000   -0.92200000   -0.03000000   -0.26900000   0.99500000   0.06200000   -0.07300000   25.74469454   99.75508952   1.24824357   -0.30696264   
6.65000000   -0.92200000   -0.03000000   -0.26900000   0.99500000   0.06200000   -0.07300000   25.73165863   99.75664688   1.20260537   -0.25104942   
6.65000000   -0.92200000   -0.03000000   -0.26900000   0.99500000   0.06200000   -0.07300000   25.71372856   99.73218499   1.16497692   -0.52642959   
6.65000000   -0.92200000   -0.03000000   -0.26900000   0.99500000   0.06200000   -0.07300000   25.71680287   99.74375706   1.00846377   -0.52559950   
6.65000000   -0.92200000   -0.03000000   -0.26900000   0.99500000   0.06200000   -0.07300000   25.72134110   99.73585872   1.21835167   -0.52739320   
6.65000000   -0.92200000   -0.03000000   -0.26900000   0.99500000   0.06200000   -0.07300000   25.72191128   99.73536599   1.16506944   -0.56893126   
6.65000000   -0.92200000   -0.03000000   -0.26900000   0.99500000   0.06200000   -0.07300000   25.73785601   99.75321846   1.00217018   -0.50966688   
6.65000000   -0.92200000   -0.03000000   -0.26900000   0.99500000   0.06200000   -0.07300000   25.73717495   99.73985896   1.22648715   -0.52992920   
6.65000000   -0.92200000   -0.03000000   -0.26900000   0.99500000   0.06200000   -0.07300000   25.72314336   99.73649845   1.14103101   -0.44415822   
6.65000000   -0.92200000   -0.03000000   -0.26900000   0.99500000   0.06200000   -0.07300000   25.71579069   99.74195545   1.11951551   -0.37337562   
6.65000000   -0.92200000   -0.03000000   -0.26900000   0.99500000   0.06200000   -0.07300000   25.71728636   99.73710676   1.05789677   -0.73187762   
6.65000000   -0.92200000   -0.03000000   -0.26900000   0.99500000   0.06200000   -0.07300000   25.70969063   99.74400924   1.02407733   -0.66288851   
6.65000000   -0.92200000   -0.03000000   -0.26900000   0.99500000   0.06200000   -0.07300000   25.72796695   99.74419478   1.52857101   -0.73947316   
6.65000000   -0.92200000   -0.03000000   -0.26900000   0.99500000   0.06200000   -0.07300000   25.74390091   99.74716927   1.13019939   -0.62267289   
6.65000000   -0.92200000   -0.03000000   -0.26900000   0.99500000   0.06200000   -0.07300000   25.74371746   99.73421849   1.13761678   -0.60609306   
6.65000000   -0.92200000   -0.03000000   -0.26900000   0.99500000   0.06200000   -0.07300000   25.73557118   99.74050915   1.36431953   -0.45503044   
6.65000000   -0.92200000   -0.03000000   -0.26900000   0.99500000   0.06200000   -0.07300000   25.74221240   99.74092237   1.08341473   -0.55647858   
6.65000000   -0.92200000   -0.03000000   -0.26900000   0.99500000   0.06200000   -0.07300000   25.73133017   99.73365890   1.17576941   -0.54148224   
6.65000000   -0.92200000   -0.03000000   -0.26900000   0.99500000   0.06200000   -0.07300000   25.72936180   99.75238433   1.01668712   -0.43333972   
6.65000000   -0.92200000   -0.03000000   -0.26900000   0.99500000   0.06200000   -0.07300000   25.73776966   99.73733600   1.54540265   -0.48926769   
6.65000000   -0.92200000   -0.03000000   -0.26900000   0.99500000   0.06200000   -0.07300000   25.74896233   99.75266271   1.15798584   -0.51918401   
6.65000000   -0.92200000   -0.03000000   -0.26900000   0.99500000   0.06200000   -0.07300000   25.73219845   99.75129831   1.09152884   -0.56663171   
6.65000000   -0.92200000   -0.03000000   -0.26900000   0.99500000   0.06200000   -0.07300000   25.72997374   99.74119001   1.03447160   -0.50835474   
6.65000000   -0.92200000   -0.03000000   -0.26900000   0.99500000   0.06200000   -0.07300000   25.73543843   99.73349646   1.23204003   -0.52140401   
6.65000000   -0.92200000   -0.03000000   -0.26900000   0.99500000   0.06200000   -0.07300000   25.73715515   99.75746044   1.17655199   -0.49694348   
6.65000000   -0.92200000   -0.03000000   -0.26900000   0.99500000   0.06200000   -0.07300000   25.74484668   99.73884481   1.24816448   -0.47174429   
6.65000000   -0.92200000   -0.03000000   -0.26900000   0.99500000   0.06200000   -0.07300000   25.72801036   99.73265823   1.35394030   -0.42019958   
6.65000000   -0.92200000   -0.03000000   -0.26900000   0.99500000   0.06200000   -0.07300000   25.71963934   99.73502629   1.10627258   -0.56345815   
6.65000000   -0.92200000   -0.03000000   -0.26900000   0.99500000   0.06200000   -0.07300000   25.71882869   99.73154359   1.19965078   -0.63741596   
6.65000000   -0.92200000   -0.03000000   -0.26900000   0.99500000   0.06200000   -0.07300000   25.74758295   99.73091353   1.63786589   -0.55248897   
6.65000000   -0.92200000   -0.03000000   -0.26900000   0.99500000   0.06200000   -0.07300000   25.71513674   99.73995057   1.72844524   -0.34157540   
6.65000000   -0.92200000   -0.03000000   -0.26900000   0.99500000   0.06200000   -0.07300000   25.73930911   99.74390220   1.40701239   -0.32601521   
6.65000000   -0.92200000   -0.03000000   -0.26900000   0.99500000   0.06200000   -0.07300000   25.71584410   99.75578514   1.11914034   -0.34926042   
6.65000000   -0.92200000   -0.03000000   -0.26900000   0.99500000   0.06200000   -0.07300000   25.71741516   99.74428961   1.03342996   -0.46458771   
6.65000000   -0.92200000   -0.03000000   -0.26900000   0.99500000   0.06200000   -0.07300000   25.74015639   99.75798669   1.13596546   -0.44553017   
6.65000000   -0.92200000   -0.03000000   -0.26900000   0.99500000   0.06200000   -0.07300000   25.73983989   99.74160964   1.13339475   -0.52081203   
6.65000000   -0.92200000   -0.03000000   -0.26900000   0.99500000   0.06200000   -0.07300000   25.73252186   99.74064351   1.15301834   -0.55459588   
6.65000000   -0.92200000   -0.03000000   -0.26900000   0.99500000   0.06200000   -0.07300000   25.71804612   99.73730318   1.12689401   -0.54510579   
6.65000000   -0.92200000   -0.03000000   -0.26900000   0.99500000   0.06200000   -0.07300000   25.71955561   99.73854429   1.24820280   -0.65817907   
6.65000000   -0.92200000   -0.03000000   -0.26900000   0.99500000   0.06200000   -0.07300000   25.72143541   99.73959110   1.11621498   -0.58700236   
6.65000000   -0.92200000   -0.03000000   -0.26900000   0.99500000   0.06200000   -0.07300000   25.71599740   99.72079142   1.14232661   -0.65730979   
6.65000000   -0.92200000   -0.03000000   -0.26900000   0.99500000   0.06200000   -0.07300000   25.73767577   99.71896007   1.02818699   -0.62335358   
6.65000000   -0.92200000   -0.03000000   -0.26900000   0.99500000   0.06200000   -0.07300000   25.72147418   99.73922327   1.02557236   -0.66279710   
6.65000000   -0.92200000   -0.03000000   -0.26900000   0.99500000   0.06200000   -0.07300000   25.73644021   99.74934788   1.00813669   -0.57331957   
6.65000000   -0.92200000   -0.03000000   -0.26900000   0.99500000   0.06200000   -0.07300000   25.71649082   99.73435252   1.00603086   -0.62387630   
6.65000000   -0.92200000   -0.03000000   -0.26900000   0.99500000   0.06200000   -0.07300000   25.73969568   99.73698779   1.21031939   -0.84917598   
6.65000000   -0.92200000   -0.03000000   -0.26900000   0.99500000   0.06200000   -0.07300000   25.73048677   99.71317382   1.11590523   -0.84672769   
