6.57000000   170.02000000   51.68000000   -156.47000000   25.54013417   100.00962094   8.66068638   -1.05052353   
6.57000000   170.02000000   51.68000000   -156.47000000   25.54122702   99.99374366   8.64249975   -1.10787927   
6.57000000   170.02000000   51.68000000   -156.47000000   25.55988312   99.98435310   8.99711730   -1.06461955   
6.57000000   170.02000000   51.68000000   -156.47000000   25.55038951   99.96866352   8.28837223   -0.90582343   
6.57000000   170.02000000   51.68000000   -156.47000000   25.56648850   99.96896082   8.25064753   -0.92471572   
6.57000000   170.02000000   51.68000000   -156.47000000   25.59562849   99.97548807   7.75047279   -0.95622483   
6.57000000   170.02000000   51.68000000   -156.47000000   25.62991474   99.97948525   7.06877160   -0.88236645   
6.57000000   170.02000000   51.68000000   -156.47000000   25.62042330   99.97367104   7.68687041   -0.78784275   
6.57000000   170.02000000   51.68000000   -156.47000000   25.62297510   99.97094271   6.93378581   -0.82797225   
6.57000000   170.02000000   51.68000000   -156.47000000   25.61728617   99.96901283   6.49857684   -0.81544005   
6.57000000   170.02000000   51.68000000   -156.47000000   25.64149232   99.96828029   7.18823832   -0.80007391   
6.57000000   170.02000000   51.68000000   -156.47000000   25.65327048   99.96941686   7.66574746   -0.76092129   
6.57000000   170.02000000   51.68000000   -156.47000000   25.65090530   99.94399792   7.69140357   -0.61236107   
6.57000000   170.02000000   51.68000000   -156.47000000   25.66498224   99.92817124   8.42119714   -0.72884573   
6.57000000   170.02000000   51.68000000   -156.47000000   25.68594944   99.89520075   7.72003894   -0.56721522   
6.57000000   170.02000000   51.68000000   -156.47000000   25.67441127   99.87687855   7.69944289   -0.60719489   
6.57000000   170.02000000   51.68000000   -156.47000000   25.67654370   99.85463646   7.50421431   -0.52821879   
6.57000000   170.02000000   51.68000000   -156.47000000   25.67839417   99.82524685   7.87721979   -0.67242529   
6.57000000   170.02000000   51.68000000   -156.47000000   25.69062652   99.81373411   7.90812606   -0.60560135   
6.57000000   170.02000000   51.68000000   -156.47000000   25.70744506   99.80706030   7.74860181   -0.47562480   
6.57000000   170.02000000   51.68000000   -156.47000000   25.70759290   99.79763980   7.10282970   -0.50409151   
6.57000000   170.02000000   51.68000000   -156.47000000   25.70697942   99.77861477   6.43378442   -0.46294992   
6.57000000   170.02000000   51.68000000   -156.47000000   25.73082404   99.74318215   5.35478888   -0.12425810   
6.57000000   170.02000000   51.68000000   -156.47000000   25.75019149   99.75573035   5.19357060   -0.00938891   
6.57000000   170.02000000   51.68000000   -156.47000000   25.75993275   99.73199309   6.08189225   0.03186272   
6.57000000   170.02000000   51.68000000   -156.47000000   25.75750960   99.73308190   5.55105710   -0.02460006   
6.57000000   170.02000000   51.68000000   -156.47000000   25.73797390   99.72113474   6.01637277   0.02708785   
6.57000000   170.02000000   51.68000000   -156.47000000   25.72930579   99.72311191   5.79504337   0.06792978   
6.57000000   170.02000000   51.68000000   -156.47000000   25.73296133   99.73585580   6.22513388   0.27069195   
6.57000000   170.02000000   51.68000000   -156.47000000   25.72402523   99.74280846   5.48052033   0.26432918   
6.57000000   170.02000000   51.68000000   -156.47000000   25.73374064   99.74913804   4.90707468   0.29067170   
6.57000000   170.02000000   51.68000000   -156.47000000   25.73945277   99.72714398   5.41001523   0.28146116   
6.57000000   170.02000000   51.68000000   -156.47000000   25.72381066   99.76699296   4.51995377   0.40469934   
6.57000000   170.02000000   51.68000000   -156.47000000   25.71577543   99.74942975   4.47668858   0.40863618   
6.57000000   170.02000000   51.68000000   -156.47000000   25.72239711   99.76490283   4.36514154   0.36240181   
6.57000000   170.02000000   51.68000000   -156.47000000   25.71290301   99.73099466   3.38492299   0.38003458   
6.57000000   170.02000000   51.68000000   -156.47000000   25.71883892   99.72891094   2.44647941   0.29721155   
6.57000000   170.02000000   51.68000000   -156.47000000   25.72035055   99.72428072   2.30471929   0.08800379   
6.57000000   170.02000000   51.68000000   -156.47000000   25.71437087   99.74592146   2.18497449   -0.03169588   
6.57000000   170.02000000   51.68000000   -156.47000000   25.70196608   99.74639464   1.50442856   -0.03619755   
6.57000000   170.02000000   51.68000000   -156.47000000   25.70261345   99.78220524   1.49627860   -0.03584658   
6.57000000   170.02000000   51.68000000   -156.47000000   25.69828107   99.74591823   1.53600669   -0.03809727   
6.57000000   170.02000000   51.68000000   -156.47000000   25.71408500   99.76601486   1.00359798   -0.00800450   
6.57000000   170.02000000   51.68000000   -156.47000000   25.74229203   99.76112903   1.21488739   -0.14888149   
6.57000000   170.02000000   51.68000000   -156.47000000   25.72849972   99.75248828   1.76280525   -0.03428422   
6.57000000   170.02000000   51.68000000   -156.47000000   25.72885444   99.76476824   1.16189221   -0.16014576   
6.57000000   170.02000000   51.68000000   -156.47000000   25.71196042   99.75942761   1.10147860   -0.21852666   
6.57000000   170.02000000   51.68000000   -156.47000000   25.72455149   99.75067932   1.45647367   -0.18834746   
6.57000000   170.02000000   51.68000000   -156.47000000   25.72207532   99.73059179   2.20259745   -0.26357701   
6.57000000   170.02000000   51.68000000   -156.47000000   25.73776171   99.72070316   2.03821512   -0.35945707   
6.57000000   170.02000000   51.68000000   -156.47000000   25.73224927   99.72774859   1.94733918   -0.46210052   
6.57000000   170.02000000   51.68000000   -156.47000000   25.72042953   99.75108503   1.08728541   -0.51237288   
6.57000000   170.02000000   51.68000000   -156.47000000   25.71901158   99.73854119   1.17520341   -0.52013592   
6.57000000   170.02000000   51.68000000   -156.47000000   25.71595030   99.75709915   1.35089664   -0.50453043   
6.57000000   170.02000000   51.68000000   -156.47000000   25.73664356   99.75284035   1.00960572   -0.57880438   
6.57000000   170.02000000   51.68000000   -156.47000000   25.72448563   99.75662397   1.08980091   -0.60419976   
6.57000000   170.02000000   51.68000000   -156.47000000   25.70444826   99.74650460   1.19362722   -0.49928009   
6.57000000   170.02000000   51.68000000   -156.47000000   25.70574565   99.74226641   1.44822831   -0.48256190   
6.57000000   170.02000000   51.68000000   -156.47000000   25.71477311   99.72787167   2.30170052   -0.48351644   
6.57000000   170.02000000   51.68000000   -156.47000000   25.74002619   99.73607192   1.49838041   -0.22029856   
6.57000000   170.02000000   51.68000000   -156.47000000   25.72566784   99.74827998   1.15408823   -0.27228631   
6.57000000   170.02000000   51.68000000   -156.47000000   25.70810043   99.75964341   1.00987734   -0.27754950   
6.57000000   170.02000000   51.68000000   -156.47000000   25.69872125   99.76847152   1.20332111   -0.38334827   
6.57000000   170.02000000   51.68000000   -156.47000000   25.70920963   99.74444945   1.29722937   -0.36931004   
6.57000000   170.02000000   51.68000000   -156.47000000   25.69841892   99.72538185   1.27184025   -0.29690219   
6.57000000   170.02000000   51.68000000   -156.47000000   25.70840266   99.73092350   1.65709629   -0.23132389   
6.57000000   170.02000000   51.68000000   -156.47000000   25.71516151   99.74683118   1.94941338   -0.18638547   
6.57000000   170.02000000   51.68000000   -156.47000000   25.72855025   99.75883831   1.49386541   -0.07255140   
6.57000000   170.02000000   51.68000000   -156.47000000   25.73133426   99.74292573   1.77701809   -0.15226145   
6.57000000   170.02000000   51.68000000   -156.47000000   25.72399345   99.74640383   1.40340537   -0.29670836   
6.57000000   170.02000000   51.68000000   -156.47000000   25.74397733   99.73881054   1.23685522   -0.28423977   
6.57000000   170.02000000   51.68000000   -156.47000000   25.73727635   99.74251193   1.50924837   -0.29197831   
6.57000000   170.02000000   51.68000000   -156.47000000   25.75251457   99.74623993   1.71045748   -0.39371079   
6.57000000   170.02000000   51.68000000   -156.47000000   25.73055463   99.76442096   2.57378197   -0.32231153   
6.57000000   170.02000000   51.68000000   -156.47000000   25.74578498   99.75712386   2.25690672   -0.30288356   
6.57000000   170.02000000   51.68000000   -156.47000000   25.73956258   99.73929161   2.21532969   -0.38199024   
6.57000000   170.02000000   51.68000000   -156.47000000   25.77349890   99.74863807   1.59981804   -0.49572077   
6.57000000   170.02000000   51.68000000   -156.47000000   25.75103284   99.76334917   1.76371304   -0.39373549   
6.57000000   170.02000000   51.68000000   -156.47000000   25.74704465   99.75431191   1.83239509   -0.46551226   
6.57000000   170.02000000   51.68000000   -156.47000000   25.73982412   99.72303752   1.81860673   -0.59071682   
6.57000000   170.02000000   51.68000000   -156.47000000   25.72672643   99.74285935   1.87120991   -0.47542287   
6.57000000   170.02000000   51.68000000   -156.47000000   25.69424597   99.76459641   1.23133972   -0.34975703   
6.57000000   170.02000000   51.68000000   -156.47000000   25.69533523   99.75961512   1.60231300   -0.25059467   
6.57000000   170.02000000   51.68000000   -156.47000000   25.69935790   99.75928825   2.15920827   -0.29597032   
6.57000000   170.02000000   51.68000000   -156.47000000   25.71104396   99.75129445   2.21981415   -0.35271148   
6.57000000   170.02000000   51.68000000   -156.47000000   25.71079779   99.74727461   2.43426463   -0.23708820   
6.57000000   170.02000000   51.68000000   -156.47000000   25.72096967   99.75548951   2.66382394   -0.25139248   
6.57000000   170.02000000   51.68000000   -156.47000000   25.75359198   99.73525792   2.18969785   -0.23821779   
6.57000000   170.02000000   51.68000000   -156.47000000   25.73604232   99.76738210   2.16591678   -0.16775489   
6.57000000   170.02000000   51.68000000   -156.47000000   25.68786320   99.75934419   2.08156103   -0.15488203   
6.57000000   170.02000000   51.68000000   -156.47000000   25.69084035   99.74664877   1.48992832   -0.11519037   
6.57000000   170.02000000   51.68000000   -156.47000000   25.73444115   99.77506939   1.33198579   -0.12194136   
6.57000000   170.02000000   51.68000000   -156.47000000   25.71758368   99.76802711   1.01388063   0.06019700   
6.57000000   170.02000000   51.68000000   -156.47000000   25.73347743   99.77197392   1.12155185   -0.07397817   
6.57000000   170.02000000   51.68000000   -156.47000000   25.71543140   99.76315354   1.32597133   -0.30564872   
6.57000000   170.02000000   51.68000000   -156.47000000   25.74557902   99.74505087   1.19226703   -0.33674649   
6.57000000   170.02000000   51.68000000   -156.47000000   25.73166915   99.73084010   1.23023865   -0.45905534   
6.57000000   170.02000000   51.68000000   -156.47000000   25.72616702   99.74487837   1.41884874   -0.37458541   
6.57000000   170.02000000   51.68000000   -156.47000000   25.70434808   99.76015213   1.69136159   -0.37063920   
6.57000000   170.02000000   51.68000000   -156.47000000   25.72951816   99.75708364   1.65291362   -0.41550400   
6.57000000   170.02000000   51.68000000   -156.47000000   25.74730157   99.75099024   1.50403516   -0.43923461   
6.57000000   170.02000000   51.68000000   -156.47000000   25.75445934   99.72883080   1.69171379   -0.44826481   
6.57000000   170.02000000   51.68000000   -156.47000000   25.74465482   99.70562098   1.68660915   -0.41497968   
6.57000000   170.02000000   51.68000000   -156.47000000   25.73179269   99.72142085   2.40412603   -0.49670484   
6.57000000   170.02000000   51.68000000   -156.47000000   25.76339468   99.72790098   2.74791721   -0.52858752   
6.57000000   170.02000000   51.68000000   -156.47000000   25.75094624   99.72410283   2.50872069   -0.30782433   
6.57000000   170.02000000   51.68000000   -156.47000000   25.75263017   99.72471230   2.66980757   -0.27278434   
6.57000000   170.02000000   51.68000000   -156.47000000   25.74706890   99.71652614   2.01164598   -0.37955853   
6.57000000   170.02000000   51.68000000   -156.47000000   25.75569025   99.71962466   1.63032534   -0.45126516   
6.57000000   170.02000000   51.68000000   -156.47000000   25.74553756   99.71340751   1.46973935   -0.55172964   
6.57000000   170.02000000   51.68000000   -156.47000000   25.75672626   99.72295999   1.36125462   -0.63801616   
6.57000000   170.02000000   51.68000000   -156.47000000   25.76012212   99.74203690   1.04021365   -0.72188288   
6.57000000   170.02000000   51.68000000   -156.47000000   25.75542515   99.73311382   1.36280437   -0.63174410   
6.57000000   170.02000000   51.68000000   -156.47000000   25.76370934   99.73157903   1.34638064   -0.57988374   
6.57000000   170.02000000   51.68000000   -156.47000000   25.76235653   99.74069123   1.56762041   -0.71662451   
6.57000000   170.02000000   51.68000000   -156.47000000   25.76895825   99.71915149   1.03812434   -0.60299623   
6.57000000   170.02000000   51.68000000   -156.47000000   25.77361778   99.74823259   1.04497599   -0.65246922   
6.57000000   170.02000000   51.68000000   -156.47000000   25.76636323   99.74188201   1.66633462   -0.67495570   
6.57000000   170.02000000   51.68000000   -156.47000000   25.77289295   99.73244465   1.52213173   -0.66260364   
6.57000000   170.02000000   51.68000000   -156.47000000   25.76462909   99.70311570   1.69211624   -0.47199633   
6.57000000   170.02000000   51.68000000   -156.47000000   25.75915477   99.70832794   1.01905595   -0.34157282   
6.57000000   170.02000000   51.68000000   -156.47000000   25.76220257   99.72163391   1.13485620   -0.23618121   
6.57000000   170.02000000   51.68000000   -156.47000000   25.73527808   99.74808348   1.65937264   -0.41669808   
6.57000000   170.02000000   51.68000000   -156.47000000   25.73630236   99.73867558   1.47229684   -0.39870700   
6.57000000   170.02000000   51.68000000   -156.47000000   25.73864517   99.74800003   1.28048148   -0.37361884   
6.57000000   170.02000000   51.68000000   -156.47000000   25.72563151   99.75087502   1.21346595   -0.33766841   
6.57000000   170.02000000   51.68000000   -156.47000000   25.73638933   99.73854973   1.13123342   -0.40649950   
6.57000000   170.02000000   51.68000000   -156.47000000   25.74691258   99.72986440   1.05366997   -0.42323492   
6.57000000   170.02000000   51.68000000   -156.47000000   25.73097880   99.73509863   1.18236245   -0.49344546   
6.57000000   170.02000000   51.68000000   -156.47000000   25.72950191   99.75794480   1.16611768   -0.51851671   
6.57000000   170.02000000   51.68000000   -156.47000000   25.73802806   99.72943551   1.38648669   -0.51059874   
6.57000000   170.02000000   51.68000000   -156.47000000   25.72251783   99.73344115   1.63929140   -0.48309388   
6.57000000   170.02000000   51.68000000   -156.47000000   25.72247153   99.72654371   1.58368996   -0.44294257   
6.57000000   170.02000000   51.68000000   -156.47000000   25.74075171   99.73366712   1.15458819   -0.28020950   
6.57000000   170.02000000   51.68000000   -156.47000000   25.75304312   99.73334633   1.27300537   -0.36657037   
6.57000000   170.02000000   51.68000000   -156.47000000   25.74454395   99.72774666   1.39493878   -0.45460869   
6.57000000   170.02000000   51.68000000   -156.47000000   25.72868491   99.76032235   1.27806264   -0.39639036   
6.57000000   170.02000000   51.68000000   -156.47000000   25.75252007   99.71485753   1.26213384   -0.42578559   
6.57000000   170.02000000   51.68000000   -156.47000000   25.74033333   99.71300582   1.05929085   -0.47297355   
6.57000000   170.02000000   51.68000000   -156.47000000   25.75324652   99.73323225   1.06888710   -0.41311676   
6.57000000   170.02000000   51.68000000   -156.47000000   25.75267579   99.74206112   1.30278584   -0.49684510   
6.57000000   170.02000000   51.68000000   -156.47000000   25.76228923   99.73224441   1.30376644   -0.55022896   
6.57000000   170.02000000   51.68000000   -156.47000000   25.76670115   99.75375792   1.20762845   -0.63187175   
6.57000000   170.02000000   51.68000000   -156.47000000   25.75973911   99.75039462   1.26712764   -0.55867791   
6.57000000   170.02000000   51.68000000   -156.47000000   25.74096969   99.73407195   1.28926082   -0.39800953   
6.57000000   170.02000000   51.68000000   -156.47000000   25.74860041   99.75384687   1.01956285   -0.61513937   
6.57000000   170.02000000   51.68000000   -156.47000000   25.76435093   99.74555432   1.08688816   -0.75484061   
6.57000000   170.02000000   51.68000000   -156.47000000   25.74891038   99.73220021   1.73160203   -0.69495121   
6.57000000   170.02000000   51.68000000   -156.47000000   25.74619289   99.73984517   1.11213398   -0.82495490   
6.57000000   170.02000000   51.68000000   -156.47000000   25.75017844   99.72307526   1.15338528   -0.61755143   
6.57000000   170.02000000   51.68000000   -156.47000000   25.73663461   99.74915869   1.11368990   -0.56784090   
6.57000000   170.02000000   51.68000000   -156.47000000   25.71731305   99.73480969   1.01830148   -0.50404610   
6.57000000   170.02000000   51.68000000   -156.47000000   25.71283540   99.72665855   1.20469668   -0.76884839   
6.57000000   170.02000000   51.68000000   -156.47000000   25.74314389   99.72580290   1.68066255   -0.74974062   
6.57000000   170.02000000   51.68000000   -156.47000000   25.73042127   99.73016708   2.12745450   -0.86230883   
6.57000000   170.02000000   51.68000000   -156.47000000   25.75870666   99.73863568   1.94118093   -0.88219846   
6.57000000   170.02000000   51.68000000   -156.47000000   25.74514412   99.71333963   1.17176447   -0.85679322   
6.57000000   170.02000000   51.68000000   -156.47000000   25.73513811   99.70825808   1.24118606   -1.00112082   
6.57000000   170.02000000   51.68000000   -156.47000000   25.75090225   99.73482451   1.03090598   -0.95940466   
6.57000000   170.02000000   51.68000000   -156.47000000   25.73640154   99.72715328   1.16646510   -1.03022912   
6.57000000   170.02000000   51.68000000   -156.47000000   25.74252587   99.70333265   1.76153855   -0.89851468   
6.57000000   170.02000000   51.68000000   -156.47000000   25.74054143   99.70357714   1.82744509   -0.92661137   
6.57000000   170.02000000   51.68000000   -156.47000000   25.70751517   99.71981930   1.56721845   -1.13131253   
6.57000000   170.02000000   51.68000000   -156.47000000   25.69659531   99.71198768   1.21334268   -1.03645817   
6.57000000   170.02000000   51.68000000   -156.47000000   25.70352248   99.73515074   1.19763121   -1.05327901   
6.57000000   170.02000000   51.68000000   -156.47000000   25.71563129   99.74027566   1.15212121   -1.12191268   
6.57000000   170.02000000   51.68000000   -156.47000000   25.75405494   99.75111089   1.17107905   -1.06795013   
6.57000000   170.02000000   51.68000000   -156.47000000   25.73594993   99.73090026   1.37537669   -1.15767130   
6.57000000   170.02000000   51.68000000   -156.47000000   25.73736226   99.70972998   1.00213281   -1.18362360   
6.57000000   170.02000000   51.68000000   -156.47000000   25.71980887   99.71830856   1.06552546   -1.10509138   
6.57000000   170.02000000   51.68000000   -156.47000000   25.74125302   99.71545877   1.15899986   -1.26410494   
6.57000000   170.02000000   51.68000000   -156.47000000   25.71275459   99.70463685   1.24430012   -1.18966067   
6.57000000   170.02000000   51.68000000   -156.47000000   25.71098728   99.70749721   1.21098980   -1.17351739   
6.57000000   170.02000000   51.68000000   -156.47000000   25.72898060   99.71157781   1.16053552   -1.21255624   
6.57000000   170.02000000   51.68000000   -156.47000000   25.71871794   99.70143132   1.07949177   -1.08559883   
6.57000000   170.02000000   51.68000000   -156.47000000   25.71090689   99.72237584   1.11859028   -1.16355660   
6.57000000   170.02000000   51.68000000   -156.47000000   25.71897494   99.72625075   1.36712301   -1.02581599   
6.57000000   170.02000000   51.68000000   -156.47000000   25.73370083   99.72241389   1.52656388   -0.89518538   
6.57000000   170.02000000   51.68000000   -156.47000000   25.71554380   99.71533372   1.07939815   -0.77665117   
6.57000000   170.02000000   51.68000000   -156.47000000   25.71701298   99.72837769   1.08405862   -0.69329922   
6.57000000   170.02000000   51.68000000   -156.47000000   25.72411807   99.73658104   1.00746252   -0.68967559   
6.57000000   170.02000000   51.68000000   -156.47000000   25.73324193   99.74037812   1.23974108   -0.79458562   
6.57000000   170.02000000   51.68000000   -156.47000000   25.73710890   99.71333197   1.35629517   -0.65852005   
6.57000000   170.02000000   51.68000000   -156.47000000   25.72333365   99.72444454   1.58752795   -0.72932705   
6.57000000   170.02000000   51.68000000   -156.47000000   25.72976592   99.73770924   1.47609087   -0.67333699   
6.57000000   170.02000000   51.68000000   -156.47000000   25.74220212   99.73212416   1.31212153   -0.62776862   
6.57000000   170.02000000   51.68000000   -156.47000000   25.73316204   99.71586474   1.57012257   -0.65510912   
6.57000000   170.02000000   51.68000000   -156.47000000   25.73911520   99.74245199   1.97517345   -0.65326313   
6.57000000   170.02000000   51.68000000   -156.47000000   25.70789725   99.75174080   1.64546790   -0.54195115   
6.57000000   170.02000000   51.68000000   -156.47000000   25.71198686   99.73646924   1.39488528   -0.52144707   
6.57000000   170.02000000   51.68000000   -156.47000000   25.70637863   99.72382994   1.14192078   -0.57354126   
6.57000000   170.02000000   51.68000000   -156.47000000   25.71880895   99.74535234   1.73966953   -0.51932736   
6.57000000   170.02000000   51.68000000   -156.47000000   25.74476768   99.74588410   1.43711374   -0.54715154   
6.57000000   170.02000000   51.68000000   -156.47000000   25.74624743   99.73668876   1.27997533   -0.70550903   
6.57000000   170.02000000   51.68000000   -156.47000000   25.72740740   99.73074116   1.49719128   -0.65634190   
6.57000000   170.02000000   51.68000000   -156.47000000   25.71116585   99.71773792   2.02102527   -0.49872308   
6.57000000   170.02000000   51.68000000   -156.47000000   25.69238355   99.73605891   1.59558240   -0.45294643   
6.57000000   170.02000000   51.68000000   -156.47000000   25.73581248   99.72132352   1.73879411   -0.37951894   
6.57000000   170.02000000   51.68000000   -156.47000000   25.72451385   99.74997428   1.82941000   -0.44520874   
6.57000000   170.02000000   51.68000000   -156.47000000   25.72215955   99.73861476   1.33926182   -0.37675222   
6.57000000   170.02000000   51.68000000   -156.47000000   25.73062447   99.75942256   1.46267550   -0.32153521   
6.57000000   170.02000000   51.68000000   -156.47000000   25.72625221   99.76254090   1.11499216   -0.15808555   
6.57000000   170.02000000   51.68000000   -156.47000000   25.72864854   99.76179707   1.26821822   -0.19569492   
6.57000000   170.02000000   51.68000000   -156.47000000   25.72406109   99.76856477   1.72333753   -0.21075359   
6.57000000   170.02000000   51.68000000   -156.47000000   25.74029516   99.75402084   1.46487587   -0.25645007   
6.57000000   170.02000000   51.68000000   -156.47000000   25.73664446   99.76031563   1.28643758   -0.19594160   
6.57000000   170.02000000   51.68000000   -156.47000000   25.73910801   99.77863980   1.20639601   -0.14506691   
6.57000000   170.02000000   51.68000000   -156.47000000   25.73779952   99.76706556   1.56788576   -0.21082116   
6.57000000   170.02000000   51.68000000   -156.47000000   25.73255189   99.75945146   1.51843900   -0.29233839   
6.57000000   170.02000000   51.68000000   -156.47000000   25.72550557   99.75009622   1.37554605   -0.40024803   
6.57000000   170.02000000   51.68000000   -156.47000000   25.72741963   99.76431374   1.17349039   -0.46335952   
6.57000000   170.02000000   51.68000000   -156.47000000   25.73261359   99.76219193   1.79545349   -0.40141287   
6.57000000   170.02000000   51.68000000   -156.47000000   25.72212773   99.74733028   1.49469044   -0.47755570   
6.57000000   170.02000000   51.68000000   -156.47000000   25.72449124   99.74668404   1.29237526   -0.62090829   
6.57000000   170.02000000   51.68000000   -156.47000000   25.73242696   99.74455467   1.29610222   -0.58523568   
6.57000000   170.02000000   51.68000000   -156.47000000   25.71718233   99.73237670   1.29104252   -0.46515726   
6.57000000   170.02000000   51.68000000   -156.47000000   25.74882360   99.75567248   1.24409426   -0.48483271   
6.57000000   170.02000000   51.68000000   -156.47000000   25.72510433   99.74047583   1.01002027   -0.39381177   
6.57000000   170.02000000   51.68000000   -156.47000000   25.72487237   99.74915644   1.02795392   -0.51000353   
6.57000000   170.02000000   51.68000000   -156.47000000   25.69512462   99.73909904   1.38786257   -0.61805853   
6.57000000   170.02000000   51.68000000   -156.47000000   25.71662473   99.73086325   1.30261863   -0.71555680   
6.57000000   170.02000000   51.68000000   -156.47000000   25.75214390   99.73900735   1.39344943   -0.68025682   
6.57000000   170.02000000   51.68000000   -156.47000000   25.73270451   99.73021322   1.71988112   -0.61733198   
6.57000000   170.02000000   51.68000000   -156.47000000   25.72781737   99.74010714   2.56084735   -0.53777336   
6.57000000   170.02000000   51.68000000   -156.47000000   25.74198587   99.73410896   1.71205954   -0.41614831   
6.57000000   170.02000000   51.68000000   -156.47000000   25.72780776   99.73973589   1.25067162   -0.43414135   
6.57000000   170.02000000   51.68000000   -156.47000000   25.74280922   99.76270851   1.18249126   -0.41247251   
6.57000000   170.02000000   51.68000000   -156.47000000   25.72115128   99.76580796   1.20698699   -0.53603543   
6.57000000   170.02000000   51.68000000   -156.47000000   25.71080649   99.74578069   1.22237766   -0.49128612   
6.57000000   170.02000000   51.68000000   -156.47000000   25.70363876   99.73685492   1.34195927   -0.47692096   
6.57000000   170.02000000   51.68000000   -156.47000000   25.72510635   99.70924417   1.37113864   -0.57089781   
6.57000000   170.02000000   51.68000000   -156.47000000   25.72850289   99.70971432   1.81154431   -0.58279986   
6.57000000   170.02000000   51.68000000   -156.47000000   25.75599612   99.74124393   2.26572832   -0.60453553   
6.57000000   170.02000000   51.68000000   -156.47000000   25.75489686   99.75544070   2.03354577   -0.38571598   
6.57000000   170.02000000   51.68000000   -156.47000000   25.73548997   99.77103562   1.57074843   -0.42429783   
6.57000000   170.02000000   51.68000000   -156.47000000   25.74253660   99.76565146   1.71980110   -0.49884102   
6.57000000   170.02000000   51.68000000   -156.47000000   25.72074663   99.76531028   1.37880941   -0.43677735   
6.57000000   170.02000000   51.68000000   -156.47000000   25.69754296   99.75063981   1.55383904   -0.33074728   
6.57000000   170.02000000   51.68000000   -156.47000000   25.72478195   99.77272180   1.06010752   -0.43002535   
6.57000000   170.02000000   51.68000000   -156.47000000   25.72025770   99.75485337   1.34156062   -0.49098574   
6.57000000   170.02000000   51.68000000   -156.47000000   25.74790877   99.76369316   1.21063700   -0.46400010   
6.57000000   170.02000000   51.68000000   -156.47000000   25.72999755   99.75306849   1.63347320   -0.44518174   
6.57000000   170.02000000   51.68000000   -156.47000000   25.76327138   99.75123877   1.81097588   -0.55788562   
6.57000000   170.02000000   51.68000000   -156.47000000   25.74089596   99.75611120   1.58859841   -0.54535980   
6.57000000   170.02000000   51.68000000   -156.47000000   25.73669044   99.71141131   2.22023286   -0.51159964   
6.57000000   170.02000000   51.68000000   -156.47000000   25.73571940   99.72231149   2.75494620   -0.44990648   
6.57000000   170.02000000   51.68000000   -156.47000000   25.74812750   99.74532247   3.17960399   -0.36401505   
6.57000000   170.02000000   51.68000000   -156.47000000   25.74753449   99.75690384   2.24135626   -0.33403821   
6.57000000   170.02000000   51.68000000   -156.47000000   25.75821976   99.73017220   2.67416851   -0.45156951   
6.57000000   170.02000000   51.68000000   -156.47000000   25.77482230   99.73304210   1.71445539   -0.62516187   
6.57000000   170.02000000   51.68000000   -156.47000000   25.76491141   99.73843323   2.09854164   -0.47730227   
6.57000000   170.02000000   51.68000000   -156.47000000   25.74742098   99.74705386   2.15002070   -0.49705466   
6.57000000   170.02000000   51.68000000   -156.47000000   25.74988627   99.71046421   2.30396079   -0.80931417   
6.57000000   170.02000000   51.68000000   -156.47000000   25.72666722   99.73498479   2.31804839   -0.79467658   
6.57000000   170.02000000   51.68000000   -156.47000000   25.71129967   99.74427479   2.03937005   -0.52898325   
6.57000000   170.02000000   51.68000000   -156.47000000   25.72623293   99.75754191   1.78074661   -0.67702469   
6.57000000   170.02000000   51.68000000   -156.47000000   25.72914683   99.75894230   1.93389887   -0.69617803   
6.57000000   170.02000000   51.68000000   -156.47000000   25.72273233   99.78192279   1.53493292   -0.65416981   
6.57000000   170.02000000   51.68000000   -156.47000000   25.70491246   99.77917877   1.60726486   -0.68080227   
6.57000000   170.02000000   51.68000000   -156.47000000   25.71141210   99.76176275   1.94391654   -0.61792558   
6.57000000   170.02000000   51.68000000   -156.47000000   25.68492131   99.73186538   1.26313209   -0.34572381   
6.57000000   170.02000000   51.68000000   -156.47000000   25.71712512   99.73901582   1.18450799   -0.39829684   
6.57000000   170.02000000   51.68000000   -156.47000000   25.70655442   99.74190229   1.17990606   -0.42571456   
6.57000000   170.02000000   51.68000000   -156.47000000   25.70970659   99.74440523   1.19985512   -0.49846599   
6.57000000   170.02000000   51.68000000   -156.47000000   25.70516024   99.73129046   1.12853968   -0.52250705   
6.57000000   170.02000000   51.68000000   -156.47000000   25.68885843   99.74062707   1.22427565   -0.70800729   
6.57000000   170.02000000   51.68000000   -156.47000000   25.70031674   99.77261551   1.22181184   -0.58934324   
6.57000000   170.02000000   51.68000000   -156.47000000   25.69053524   99.72318116   1.14689255   -0.49208690   
6.57000000   170.02000000   51.68000000   -156.47000000   25.69345038   99.72100166   1.21982788   -0.56873263   
6.57000000   170.02000000   51.68000000   -156.47000000   25.72440813   99.70484639   1.15774031   -0.51520484   
6.57000000   170.02000000   51.68000000   -156.47000000   25.71197415   99.70495368   1.62649243   -0.51226544   
6.57000000   170.02000000   51.68000000   -156.47000000   25.76856449   99.71195249   1.12373416   -0.52062086   
6.57000000   170.02000000   51.68000000   -156.47000000   25.78494561   99.75266501   1.11676275   -0.52688455   
6.57000000   170.02000000   51.68000000   -156.47000000   25.76753044   99.75280100   1.70250920   -0.63503303   
6.57000000   170.02000000   51.68000000   -156.47000000   25.73874996   99.73985645   1.88289039   -0.70656372   
6.57000000   170.02000000   51.68000000   -156.47000000   25.75520222   99.75007254   1.18201850   -0.83742753   
6.57000000   170.02000000   51.68000000   -156.47000000   25.72105046   99.73139398   1.16736277   -0.92835296   
6.57000000   170.02000000   51.68000000   -156.47000000   25.73797622   99.70671277   1.20363131   -0.78439483   
6.57000000   170.02000000   51.68000000   -156.47000000   25.74812874   99.72786686   1.11595231   -0.46851833   
6.57000000   170.02000000   51.68000000   -156.47000000   25.74979092   99.72367695   1.54457864   -0.49626399   
6.57000000   170.02000000   51.68000000   -156.47000000   25.73857717   99.72748073   1.38523726   -0.56147522   
6.57000000   170.02000000   51.68000000   -156.47000000   25.73689710   99.73201044   1.18130089   -0.41216973   
6.57000000   170.02000000   51.68000000   -156.47000000   25.72709187   99.72893465   2.11812482   -0.37754437   
6.57000000   170.02000000   51.68000000   -156.47000000   25.74362104   99.74090677   1.45228278   -0.30987643   
6.57000000   170.02000000   51.68000000   -156.47000000   25.73663184   99.71508031   1.73055851   -0.28512228   
6.57000000   170.02000000   51.68000000   -156.47000000   25.75059206   99.76168340   1.03566731   -0.19195508   
6.57000000   170.02000000   51.68000000   -156.47000000   25.75853028   99.74859293   1.03590646   -0.40696462   
6.57000000   170.02000000   51.68000000   -156.47000000   25.73685199   99.77018371   1.39737804   -0.41339132   
6.57000000   170.02000000   51.68000000   -156.47000000   25.75035783   99.74574504   1.66743657   -0.30774649   
6.57000000   170.02000000   51.68000000   -156.47000000   25.72792340   99.74116001   1.39013062   -0.36236335   
6.57000000   170.02000000   51.68000000   -156.47000000   25.72441002   99.72357832   1.36617941   -0.49381636   
6.57000000   170.02000000   51.68000000   -156.47000000   25.72373536   99.74392526   1.37900514   -0.31798926   
6.57000000   170.02000000   51.68000000   -156.47000000   25.72241892   99.73870047   1.00149581   -0.23405762   
6.57000000   170.02000000   51.68000000   -156.47000000   25.72203916   99.75959817   1.15962763   -0.07454291   
6.57000000   170.02000000   51.68000000   -156.47000000   25.72747409   99.75485874   1.15045564   -0.09900746   
6.57000000   170.02000000   51.68000000   -156.47000000   25.73345351   99.74756429   1.11006291   -0.11962120   
6.57000000   170.02000000   51.68000000   -156.47000000   25.69664128   99.74400966   1.08883112   -0.25951609   
6.57000000   170.02000000   51.68000000   -156.47000000   25.70459021   99.73455301   1.17167148   -0.31606387   
6.57000000   170.02000000   51.68000000   -156.47000000   25.73518886   99.73768511   1.42140903   -0.28817535   
6.57000000   170.02000000   51.68000000   -156.47000000   25.71498140   99.72937970   1.64454024   -0.44386650   
6.57000000   170.02000000   51.68000000   -156.47000000   25.70649806   99.71902302   1.55588270   -0.58018682   
6.57000000   170.02000000   51.68000000   -156.47000000   25.70452673   99.73839690   1.36172554   -0.61049827   
6.57000000   170.02000000   51.68000000   -156.47000000   25.70348581   99.73442530   1.55010275   -0.68521626   
6.57000000   170.02000000   51.68000000   -156.47000000   25.71934288   99.72147069   1.59722418   -0.81074630   
6.57000000   170.02000000   51.68000000   -156.47000000   25.73983642   99.75607151   1.17287749   -0.76301021   
6.57000000   170.02000000   51.68000000   -156.47000000   25.71261759   99.75395416   1.17765778   -0.75929562   
6.57000000   170.02000000   51.68000000   -156.47000000   25.71961764   99.76749544   1.03570139   -0.61775080   
6.57000000   170.02000000   51.68000000   -156.47000000   25.72837785   99.74727887   1.92816702   -0.64056640   
6.57000000   170.02000000   51.68000000   -156.47000000   25.72701124   99.75307600   2.06570631   -0.55823774   
6.57000000   170.02000000   51.68000000   -156.47000000   25.74846248   99.74969741   2.18677860   -0.56845051   
6.57000000   170.02000000   51.68000000   -156.47000000   25.76012511   99.70881497   2.22237602   -0.58503173   
6.57000000   170.02000000   51.68000000   -156.47000000   25.75582989   99.73385631   2.18348329   -0.50032092   
6.57000000   170.02000000   51.68000000   -156.47000000   25.74453983   99.75601948   2.39262647   -0.32155075   
6.57000000   170.02000000   51.68000000   -156.47000000   25.71784792   99.73570905   1.40240019   -0.22987645   
6.57000000   170.02000000   51.68000000   -156.47000000   25.73363957   99.72469229   1.50804408   -0.23705107   
6.57000000   170.02000000   51.68000000   -156.47000000   25.73858098   99.73838772   1.88907282   -0.01998602   
6.57000000   170.02000000   51.68000000   -156.47000000   25.74930268   99.73966031   1.88170848   -0.03858460   
6.57000000   170.02000000   51.68000000   -156.47000000   25.73646072   99.73182798   2.07290555   -0.04918636   
6.57000000   170.02000000   51.68000000   -156.47000000   25.73397976   99.73697547   1.74675001   -0.05575364   
6.57000000   170.02000000   51.68000000   -156.47000000   25.73410522   99.73279481   1.07547482   -0.02488577   
6.57000000   170.02000000   51.68000000   -156.47000000   25.73518831   99.74212688   1.06513020   -0.24083046   
6.57000000   170.02000000   51.68000000   -156.47000000   25.72390321   99.72325085   1.65375215   -0.22936599   
6.57000000   170.02000000   51.68000000   -156.47000000   25.74755896   99.73759736   1.96994091   -0.22849691   
6.57000000   170.02000000   51.68000000   -156.47000000   25.73136272   99.76764846   2.07261615   -0.28047631   
6.57000000   170.02000000   51.68000000   -156.47000000   25.72931298   99.76028760   2.92431093   -0.40000003   
6.57000000   170.02000000   51.68000000   -156.47000000   25.72267797   99.73647740   2.85452114   -0.38778870   
6.57000000   170.02000000   51.68000000   -156.47000000   25.73296999   99.74376073   2.62573129   -0.37442867   
6.57000000   170.02000000   51.68000000   -156.47000000   25.72650825   99.73232601   2.45773576   -0.37984694   
6.57000000   170.02000000   51.68000000   -156.47000000   25.72476866   99.72941941   2.55458906   -0.41824470   
6.57000000   170.02000000   51.68000000   -156.47000000   25.73421764   99.72057730   2.44761593   -0.67505611   
6.57000000   170.02000000   51.68000000   -156.47000000   25.72462932   99.70857724   2.60070533   -0.52108765   
6.57000000   170.02000000   51.68000000   -156.47000000   25.72563777   99.72196393   2.37614569   -0.49057834   
6.57000000   170.02000000   51.68000000   -156.47000000   25.73496253   99.71723099   2.47975764   -0.65414458   
6.57000000   170.02000000   51.68000000   -156.47000000   25.73901191   99.73788520   2.06703461   -0.59866025   
6.57000000   170.02000000   51.68000000   -156.47000000   25.72946199   99.73212746   1.70876340   -0.56538800   
6.57000000   170.02000000   51.68000000   -156.47000000   25.73360273   99.72082377   1.63605687   -0.61475747   
6.57000000   170.02000000   51.68000000   -156.47000000   25.75141577   99.74108428   1.37573737   -0.65234234   
6.57000000   170.02000000   51.68000000   -156.47000000   25.73774722   99.74235506   2.04204726   -0.63911873   
6.57000000   170.02000000   51.68000000   -156.47000000   25.72675677   99.71181910   1.64754054   -0.63087390   
6.57000000   170.02000000   51.68000000   -156.47000000   25.74247330   99.73855753   1.16488686   -0.60705215   
6.57000000   170.02000000   51.68000000   -156.47000000   25.73970799   99.73191107   1.97931661   -0.55133352   
6.57000000   170.02000000   51.68000000   -156.47000000   25.73930500   99.74224752   1.74741832   -0.51492077   
6.57000000   170.02000000   51.68000000   -156.47000000   25.72964063   99.73594731   1.64401261   -0.50218645   
6.57000000   170.02000000   51.68000000   -156.47000000   25.72634224   99.75519934   1.04051511   -0.54095754   
6.57000000   170.02000000   51.68000000   -156.47000000   25.70860546   99.74078793   1.64162119   -0.49506735   
6.57000000   170.02000000   51.68000000   -156.47000000   25.71806800   99.73450108   1.42739195   -0.41151834   
6.57000000   170.02000000   51.68000000   -156.47000000   25.70799989   99.73990036   1.23351707   -0.41588309   
6.57000000   170.02000000   51.68000000   -156.47000000   25.71297615   99.73778399   1.38952918   -0.44099861   
6.57000000   170.02000000   51.68000000   -156.47000000   25.70432164   99.72739063   1.33485107   -0.43912243   
6.57000000   170.02000000   51.68000000   -156.47000000   25.72229977   99.73388436   1.48298840   -0.51394579   
6.57000000   170.02000000   51.68000000   -156.47000000   25.72194258   99.74521646   1.05120572   -0.60472470   
6.57000000   170.02000000   51.68000000   -156.47000000   25.74126089   99.75224662   1.38575142   -0.42638655   
6.57000000   170.02000000   51.68000000   -156.47000000   25.72461314   99.73844483   1.17754429   -0.28322127   
6.57000000   170.02000000   51.68000000   -156.47000000   25.70417891   99.73726725   1.03720936   -0.38090385   
6.57000000   170.02000000   51.68000000   -156.47000000   25.71844716   99.74766066   1.72896266   -0.12190645   
6.57000000   170.02000000   51.68000000   -156.47000000   25.71942538   99.75628838   1.16884756   -0.17978392   
6.57000000   170.02000000   51.68000000   -156.47000000   25.72344806   99.73612931   1.00785309   -0.19161964   
6.57000000   170.02000000   51.68000000   -156.47000000   25.73186307   99.74107851   1.59695368   -0.23259491   
6.57000000   170.02000000   51.68000000   -156.47000000   25.72545779   99.75315307   1.67989831   -0.10892757   
6.57000000   170.02000000   51.68000000   -156.47000000   25.71277536   99.74740242   1.01388451   -0.08202207   
6.57000000   170.02000000   51.68000000   -156.47000000   25.70506552   99.74606271   1.08128419   -0.28194306   
6.57000000   170.02000000   51.68000000   -156.47000000   25.70858064   99.76456007   1.20046678   -0.30245908   
6.57000000   170.02000000   51.68000000   -156.47000000   25.71453171   99.75524067   1.14718271   -0.16044575   
6.57000000   170.02000000   51.68000000   -156.47000000   25.72847241   99.76020895   1.61578904   -0.12971145   
6.57000000   170.02000000   51.68000000   -156.47000000   25.74093734   99.75522527   1.49603664   -0.10503973   
6.57000000   170.02000000   51.68000000   -156.47000000   25.74146380   99.76461051   1.35624446   -0.17666320   
6.57000000   170.02000000   51.68000000   -156.47000000   25.74366642   99.77085340   1.07579608   -0.02972139   
6.57000000   170.02000000   51.68000000   -156.47000000   25.71056509   99.73202669   1.16096929   -0.10023581   
6.57000000   170.02000000   51.68000000   -156.47000000   25.71450492   99.74636303   1.65553837   0.03038479   
6.57000000   170.02000000   51.68000000   -156.47000000   25.71617702   99.75744534   1.01092626   -0.01762194   
6.57000000   170.02000000   51.68000000   -156.47000000   25.72081586   99.76382257   1.47570459   -0.02804001   
6.57000000   170.02000000   51.68000000   -156.47000000   25.72153552   99.77251972   1.13924472   -0.00870131   
6.57000000   170.02000000   51.68000000   -156.47000000   25.73732517   99.75367579   1.57045958   -0.03617241   
6.57000000   170.02000000   51.68000000   -156.47000000   25.71210388   99.77574601   1.16868803   -0.13810395   
6.57000000   170.02000000   51.68000000   -156.47000000   25.72774719   99.76820727   1.74107925   -0.27286282   
6.57000000   170.02000000   51.68000000   -156.47000000   25.70624673   99.77555862   1.60355992   -0.30855117   
6.57000000   170.02000000   51.68000000   -156.47000000   25.70622946   99.76292801   1.29537795   -0.22361598   
6.57000000   170.02000000   51.68000000   -156.47000000   25.69840125   99.73448182   1.28431851   -0.21636484   
6.57000000   170.02000000   51.68000000   -156.47000000   25.73545600   99.77480114   1.48746036   -0.35158566   
6.57000000   170.02000000   51.68000000   -156.47000000   25.73305408   99.77319181   1.35799593   -0.46207436   
6.57000000   170.02000000   51.68000000   -156.47000000   25.73679172   99.77194226   1.12153625   -0.46077559   
6.57000000   170.02000000   51.68000000   -156.47000000   25.73829330   99.75857148   1.10748315   -0.53544453   
6.57000000   170.02000000   51.68000000   -156.47000000   25.75523587   99.76159798   1.16485242   -0.56042741   
6.57000000   170.02000000   51.68000000   -156.47000000   25.74542595   99.75939695   1.12729755   -0.64413312   
6.57000000   170.02000000   51.68000000   -156.47000000   25.74445588   99.74821317   1.16929946   -0.70473875   
6.57000000   170.02000000   51.68000000   -156.47000000   25.74941044   99.72847389   1.34263779   -0.80163212   
6.57000000   170.02000000   51.68000000   -156.47000000   25.74226867   99.72170444   1.01909122   -0.88405600   
6.57000000   170.02000000   51.68000000   -156.47000000   25.75780849   99.72419737   1.02733242   -0.75767193   
6.57000000   170.02000000   51.68000000   -156.47000000   25.75099116   99.71518493   1.05641116   -0.84879236   
6.57000000   170.02000000   51.68000000   -156.47000000   25.73671159   99.71331549   1.20390965   -0.88607745   
6.57000000   170.02000000   51.68000000   -156.47000000   25.73833978   99.73809167   1.09916219   -0.78233965   
6.57000000   170.02000000   51.68000000   -156.47000000   25.74632022   99.71794566   1.00929691   -0.75809747   
6.57000000   170.02000000   51.68000000   -156.47000000   25.73751445   99.72867532   1.26617896   -0.65625939   
6.57000000   170.02000000   51.68000000   -156.47000000   25.74172796   99.73382180   1.42483888   -0.67006042   
6.57000000   170.02000000   51.68000000   -156.47000000   25.71750052   99.73063159   1.27524069   -0.54227732   
6.57000000   170.02000000   51.68000000   -156.47000000   25.72427076   99.72283557   1.23489321   -0.49458405   
6.57000000   170.02000000   51.68000000   -156.47000000   25.72383724   99.72608182   1.31472880   -0.59538963   
6.57000000   170.02000000   51.68000000   -156.47000000   25.73202045   99.73428432   1.70721945   -0.37843668   
6.57000000   170.02000000   51.68000000   -156.47000000   25.71264855   99.74629406   1.87241345   -0.32882243   
6.57000000   170.02000000   51.68000000   -156.47000000   25.73128034   99.71289996   1.00544545   -0.34498872   
6.57000000   170.02000000   51.68000000   -156.47000000   25.73460736   99.75197105   1.92546190   -0.39247749   
6.57000000   170.02000000   51.68000000   -156.47000000   25.73526338   99.75005099   1.52455242   -0.48151367   
6.57000000   170.02000000   51.68000000   -156.47000000   25.73578125   99.73396596   1.16151428   -0.52169367   
