1969.91745228   
1994.62074700   
2107.35076527   
2003.79278242   
2025.75169067   
1853.08129683   
1734.05905107   
1584.43658843   
1643.08136372   
1636.17235389   
1690.83204652   
1598.67639631   
1739.46241906   
1627.37608579   
1559.08301836   
1621.16264904   
1621.75163229   
1652.08301617   
1503.18518820   
1554.25623257   
1467.14336897   
1377.64485178   
1385.81118677   
1373.96815642   
1397.51891379   
1497.54468716   
1464.70549399   
1380.30555350   
1416.76355607   
1349.50406466   
1342.82014922   
1345.51079678   
1375.56970178   
1292.09831651   
1269.66611825   
1262.70965208   
1290.52722011   
1268.13261655   
1333.02268130   
1243.37140917   
1263.86438757   
1256.79780105   
1261.86275215   
1222.38558968   
1217.73010430   
1223.79345448   
1229.97234445   
1242.65982336   
1213.67407143   
1207.00140417   
1212.51782711   
1217.40165493   
1191.44659772   
1202.27400519   
1192.88326501   
1197.77247649   
1222.49632983   
1201.79666773   
1203.82075023   
1245.24155552   
1223.40450575   
1193.66607268   
1193.93516862   
1204.36508915   
1199.44825475   
1198.59144913   
1216.36731516   
1183.93676252   
1168.76705566   
1183.46804873   
1173.44946328   
1173.02619142   
1186.51195287   
1162.30348193   
1184.43442650   
1189.22250829   
1178.17925693   
1205.39226067   
1181.85550759   
1234.04969822   
1177.82500146   
1176.48223570   
1174.30694079   
1168.97272454   
1169.49474813   
1166.42359320   
1166.93818803   
1170.73507242   
1185.01706662   
1162.76058265   
1174.10051665   
1185.90665704   
1175.95227910   
1224.40498970   
1179.35354502   
1187.80577864   
1162.57722481   
1174.16270934   
1172.78835126   
1182.44651241   
1171.54247932   
1184.54846877   
1175.39990732   
1169.71656810   
1176.48698703   
1165.23049076   
1168.95764028   
1190.42048703   
1168.99686844   
1175.99066761   
1171.51212815   
1189.06750896   
1182.02355411   
1167.38787518   
1183.17612370   
1178.69710419   
1185.12492725   
1199.48092402   
1173.09334067   
1209.49561625   
1176.85326430   
1173.94372708   
1163.00237399   
1177.51454345   
1176.41918496   
1162.06148002   
1170.61487155   
1184.68822994   
1166.93540357   
1164.28713051   
1161.92620065   
1175.97656581   
1168.29412177   
1171.84163610   
1195.27540396   
1182.67349817   
1186.54823538   
1169.18539773   
1178.94532214   
1200.22138434   
1167.56185359   
1178.12486837   
1162.62241547   
1173.82470288   
1170.96352641   
1164.74570164   
1186.45767157   
1170.82644381   
1179.88556672   
1171.35621085   
1161.63373314   
1169.43226540   
1170.29901939   
1165.87721992   
1203.04133013   
1183.38466574   
1186.64324768   
1179.29144545   
1178.51279929   
1164.42602492   
1180.90406692   
1163.10761107   
1171.96110994   
1181.24937027   
1165.41435694   
1177.25930647   
1175.03042725   
1170.80385508   
1177.17210340   
1170.93217454   
1172.07135777   
1170.75039238   
1183.88820893   
1172.31900406   
1162.35261355   
1181.70072039   
1171.71778018   
1180.55621550   
1183.09616679   
1161.62060813   
1178.91330597   
1191.22033906   
1175.72297921   
1178.50678897   
1170.48412737   
1171.51709124   
1213.25314317   
1177.17020903   
1183.16790751   
1169.99636878   
1184.81730411   
1176.38982318   
1216.81368217   
1176.78464092   
1164.86158830   
1173.02665054   
1171.22832517   
1165.99394514   
1181.82240953   
1180.15245414   
1178.20439212   
1176.44341398   
1164.70006063   
1184.28261998   
1172.74479852   
1165.06407497   
1165.25340474   
1176.44688920   
1201.33706372   
1170.01832484   
1177.76614026   
1173.71177813   
1168.10564320   
1180.19073717   
1189.09611085   
1172.96123337   
1182.70223121   
1164.03548943   
1185.40869897   
1182.07119174   
1187.17351823   
1195.82802468   
1171.70125305   
1165.00839563   
1207.24242676   
1165.53242286   
1190.02183207   
1194.73902270   
1185.19331226   
1183.67258001   
1169.02520949   
1187.42192247   
1180.98458465   
1194.81452503   
1169.68290365   
1173.00065100   
1168.29936001   
1203.75032607   
1186.34584111   
1165.02143553   
1181.37981549   
1184.53352503   
1163.46245427   
1227.78709314   
1180.76371402   
1178.86268549   
1161.61676235   
1166.38602107   
1174.41330021   
1165.15151504   
1167.42788742   
1172.99801267   
1186.61086777   
1182.65663595   
1186.75882591   
1162.05930346   
1180.82524556   
1163.40014363   
1173.62064526   
1176.02208964   
1180.05435371   
1163.60775048   
1187.21993342   
1184.64482558   
1168.47584811   
1170.98772245   
1163.54231163   
1183.44424125   
1186.53698512   
1161.34435134   
1181.94327476   
1178.26103422   
1201.68356791   
1162.72250474   
1177.19539251   
1173.54559415   
1189.48389701   
1165.32174230   
1181.17193189   
1184.87118207   
1176.42306848   
1169.49625280   
1168.78871315   
1176.15011184   
1168.49047689   
1177.15751795   
1173.02733001   
1174.67199910   
1181.58668002   
1176.04762042   
1170.03684142   
1162.01335012   
1229.79391287   
1177.11851046   
1191.11589439   
1170.02103004   
1184.90919743   
1189.98189833   
1193.05692732   
1165.86378548   
1188.84107129   
1170.15159093   
1181.32340269   
1178.35953390   
1175.80114329   
1179.38129761   
1172.42786839   
1180.04352635   
1211.40599176   
1168.27484575   
1181.07577159   
1189.34554768   
1181.44574189   
1214.73652683   
1168.36969907   
1170.14919956   
1174.83766685   
1181.07847365   
1183.07122838   
1196.28492301   
1170.39966910   
1171.51440951   
1184.99289264   
1162.48530854   
1160.22300002   
1170.35630448   
1203.14193852   
1169.44839517   
1167.93755960   
1169.95188460   
1170.22551100   
1193.28359897   
1165.07285210   
1179.07691934   
1179.67640613   
1186.86578015   
1175.00177160   
1182.75319095   
1172.99850832   
1190.42542153   
1168.44103046   
1178.28951657   
1171.09648132   
1182.03646753   
1170.66240844   
1169.61600493   
1181.77308842   
1170.69238583   
1167.32801526   
1182.69678227   
1172.36459101   
1161.98788596   
1178.71607501   
1167.43352793   
1198.57788814   
1172.37618672   
1167.59290478   
1182.81191153   
1167.70116765   
1174.10187999   
1178.29608327   
1185.33853559   
1171.50566265   
1166.75158081   
1170.97922051   
1171.16167106   
1163.31320643   
1191.92973926   
1175.73566737   
1165.71624592   
1161.89978378   
1170.89378114   
1177.21258931   
1171.53287218   
1217.70125262   
1176.42603085   
1176.50565446   
1173.83830662   
1201.14334885   
1171.45019081   
1176.99456442   
1170.62380748   
1171.83330365   
1173.43258319   
1172.13824706   
1167.88411071   
1162.18418899   
1182.58170107   
1168.99117077   
1182.94895788   
1167.14018267   
1180.49107228   
1175.38203596   
1190.60976834   
1188.47831650   
1169.11320753   
1173.05609630   
1183.93633235   
1179.67938639   
1176.24007969   
1186.45027339   
1161.59222511   
1167.17359146   
1167.32681421   
1165.71997359   
1165.72419362   
1180.59370401   
1165.08606007   
1219.07435099   
1176.33786607   
1179.02532220   
1171.29819172   
1170.20914010   
1186.97579862   
1175.20578523   
1190.24178129   
1179.03801069   
1180.54421376   
1178.18378038   
1184.84295586   
1162.94144097   
1162.67354865   
1181.13853246   
1179.48079886   
1176.42531636   
1168.37447629   
1175.53636511   
1176.06401662   
1181.57552287   
1182.75825937   
1177.52027953   
1170.92720626   
1166.18460073   
1169.18950208   
1168.12300012   
1174.92294282   
1181.07698587   
1169.73586399   
1176.07369247   
1160.91692862   
1192.25463516   
1163.38566727   
1169.93801819   
1173.34449562   
1172.00817527   
1185.97145892   
1167.44123763   
1181.45365273   
1169.00801697   
1163.39280725   
1169.23307924   
1188.94648717   
1186.50599743   
1175.74317126   
1173.88827555   
1162.05915095   
1167.28870638   
1166.05871444   
1169.18507416   
1174.20709972   
1169.87253629   
1166.58671191   
1174.33677395   
1176.71115266   
1169.99514760   
1167.30338692   
1173.64207362   
1169.24656963   
1184.06793161   
1174.67860417   
1161.59869408   
1177.94109873   
1170.56186637   
1179.01510175   
1210.68250982   
1201.70670484   
1177.18527878   
1174.09117290   
1179.57521296   
1181.70196923   
1199.81481178   
1177.49548510   
1171.63138301   
1162.91744167   
1164.89608410   
1166.35999440   
1180.78862105   
1179.20011315   
1176.26783022   
1164.45352728   
1175.94545230   
1182.58390506   
1167.61109116   
1180.54589464   
1183.06816187   
1174.09027633   
1169.88735433   
1180.43630186   
1194.65496042   
1177.72576539   
1167.80857429   
1165.30673350   
1175.01154831   
1189.74872916   
1175.49553722   
1178.29401212   
1175.14452750   
1177.30999075   
1164.07474353   
1171.38153239   
1165.18164165   
1181.69875775   
1183.07644641   
1192.96214673   
1207.61404125   
1175.48886656   
1178.15732444   
1166.45028300   
1210.07371755   
1189.74785563   
1201.96197930   
1171.10369083   
1177.91884496   
1184.56803168   
1220.27221566   
1200.58737075   
1162.79739834   
1171.23932155   
1194.39889593   
1178.29212235   
1172.89275150   
1185.05589347   
1200.52304389   
1163.70820911   
1167.70217703   
1185.31008289   
1169.61478304   
1176.89617062   
1172.33175400   
1169.88505449   
1173.25378399   
1182.99889390   
1170.99882488   
1171.06646340   
1192.40468340   
1166.04737604   
1201.55445165   
1180.65624441   
1165.61150046   
1206.15619876   
1176.57147121   
1193.90251399   
1193.51959668   
1170.47655024   
1174.53822999   
1177.14455607   
1166.32830246   
1175.00992710   
1185.34182537   
1167.52010713   
1190.88405731   
1172.56290898   
1232.56098936   
1172.26701189   
1165.99095211   
1170.87852961   
1184.66044113   
1172.60726835   
1171.49803730   
1182.49930435   
1179.06135143   
1170.79253351   
1162.45974322   
1171.33214361   
1166.69706078   
1182.44691924   
1177.14701959   
1171.59771018   
1173.47243538   
1182.78966116   
1185.81504712   
1164.87600711   
1168.11063659   
1177.35443592   
1192.11730372   
1180.35671520   
1166.22914712   
1171.50967385   
1187.56877654   
1173.49749584   
1163.38524185   
1174.08737742   
1166.61845902   
1182.00113933   
1162.60337593   
1172.98390498   
1190.62129799   
1193.84336498   
1178.55773600   
1165.05233979   
1175.08185316   
1200.30475016   
1177.38175694   
1174.99168150   
1177.65749315   
1168.39154712   
1169.44962240   
1194.64609141   
1161.71212946   
1172.12252165   
1171.14169642   
1182.41333843   
1183.20402571   
1188.15143650   
1167.04048360   
1178.43673037   
1172.56592261   
1173.36136266   
1167.25476123   
1182.28103807   
1181.04776456   
1174.22378133   
1191.70951411   
1196.82056801   
1169.75577528   
1176.84367284   
1174.48817229   
1170.36545671   
1179.86351183   
1201.59398437   
1164.20332026   
1179.05083344   
1184.47779801   
1173.65715809   
1167.23478539   
1180.43163172   
1180.80400848   
1174.48112873   
1175.19355306   
1173.87887038   
1197.82797061   
1171.55057897   
1186.58116729   
1188.89100679   
1168.48644800   
1170.90990958   
1173.72056999   
1170.35815139   
1190.01515875   
1180.99055987   
1180.43027339   
1204.32003104   
1185.38388665   
1180.27551068   
1173.02846146   
1172.30647711   
1174.70834978   
1180.64101743   
1185.56119207   
1172.13457104   
1169.62848977   
1196.30237235   
1170.88991157   
1170.67594601   
1217.49786112   
1167.17676408   
1190.95697125   
1178.16693332   
1172.62315316   
1170.39933365   
1171.55952400   
1172.63024392   
1168.50010147   
1172.03185182   
1197.66004666   
1188.47806841   
1194.30186561   
1218.58032804   
1162.85855340   
1182.14188867   
1176.14857599   
1198.24847800   
1168.72454645   
1174.00933309   
1183.93802279   
1206.76183403   
1171.96989299   
1175.19884931   
1178.27139039   
1175.17238007   
1170.23469889   
1165.34255033   
1175.87463929   
1165.69845022   
1181.81741656   
1189.16058353   
1165.38322289   
1189.78875518   
1182.75275064   
1170.61420731   
1169.67323956   
1170.38737071   
1177.62934787   
1174.70074322   
1205.26122711   
1174.14674633   
1182.92954776   
1167.70725774   
1173.44466571   
1174.91463255   
1167.65628338   
1188.77062014   
1171.68548850   
1195.82450995   
1190.82463017   
1175.18874949   
1187.42807440   
1172.08543283   
1179.67920800   
1190.38701705   
1188.81498707   
1172.37223595   
1187.15258067   
1173.36549679   
1191.40109700   
1163.15393453   
1198.76150717   
1177.51501121   
1199.62848872   
1169.83233310   
1194.15833281   
1173.97763581   
1168.25058459   
1173.82754215   
1187.71239789   
1181.01720328   
1176.16201002   
1181.95441890   
1179.84869924   
1170.23105588   
1185.14407407   
1163.44116775   
1179.69083956   
1185.67638183   
1183.38301790   
1193.62348042   
1176.60622437   
1166.85675081   
1172.82272286   
1182.72448806   
1175.45857775   
1195.34386737   
1177.32698042   
1170.62741639   
1168.07828365   
1181.57635197   
1182.72122049   
1197.11497243   
1170.64745342   
1175.74356431   
1168.57382128   
1176.82886616   
1185.71970421   
1173.15617611   
1184.67157477   
1187.33425978   
1217.39405031   
1164.73208770   
1177.04529267   
1190.18503478   
1178.79456086   
1181.72772799   
1178.57446782   
1180.84260864   
1171.11919718   
1178.11747858   
1222.38903336   
1181.68848494   
1174.83430619   
1171.97978570   
1166.55415239   
1176.78751261   
1198.52732090   
1192.48054135   
1184.89056507   
1179.01749225   
1190.14022197   
1170.46335852   
1195.20946966   
1181.40568931   
1168.13388160   
1175.13741855   
1173.87772034   
1172.08173458   
1195.99645313   
1175.85095274   
1179.52686735   
1175.00522117   
1164.99968958   
1171.50371796   
1170.43502115   
1170.13936958   
1172.70531848   
1165.98548896   
1169.77688387   
1170.64579818   
1180.19538345   
1170.55584206   
1168.08544935   
1170.72104772   
1172.20300988   
1198.48523202   
1182.75247050   
1167.99551423   
1181.07015425   
1203.98944982   
1167.14364772   
1174.98086141   
1181.29149862   
1163.22628931   
1188.53031629   
1187.92429264   
1175.04843854   
1184.08534028   
1191.80923603   
1168.17124944   
1174.34964128   
1176.99444263   
1177.54733333   
1183.81860550   
1184.23765669   
1176.16119726   
1164.70101953   
1184.39949473   
1176.67366612   
1182.44967587   
1166.34485469   
1178.85486806   
1177.74113039   
1187.71029353   
1182.66837944   
1172.49344497   
1182.75518880   
1201.47972389   
1178.22251399   
1183.02249219   
1171.96548294   
1186.87514905   
1177.87921752   
1171.64288707   
1175.40856024   
1205.73397276   
1194.66932482   
1171.55673718   
1169.79298852   
1163.52874261   
1161.09720027   
1166.02553176   
1173.35137112   
1176.21916219   
1182.25092021   
1181.30419993   
1169.97477650   
1162.22139292   
1173.99787225   
1184.94896871   
1161.35227447   
1171.86265307   
1172.59382816   
1190.09169078   
1179.86875628   
1169.01237421   
1173.30471621   
1201.70901676   
1168.22115876   
1200.26195593   
1166.15888981   
1173.61632242   
1172.72868974   
1182.05896132   
1163.22767022   
1167.83495953   
1186.78504967   
1174.86353851   
1174.31173642   
1199.54542046   
1186.68411909   
1168.82146890   
1167.37767752   
1167.14324068   
1171.84873280   
1180.20557049   
1173.29835298   
1183.31172969   
1162.12389195   
1177.79147280   
1177.56808201   
1176.31227722   
1169.49021231   
1173.76291591   
1167.21172879   
1172.13621210   
1169.74453330   
1167.29449319   
1166.55593515   
1173.61529855   
1167.18837303   
1163.41933168   
1177.02235480   
1170.84720508   
1179.41650171   
1178.05505922   
1171.61559432   
1193.03781452   
1168.79018318   
1177.67760671   
1179.15820620   
1169.37626440   
1174.04238064   
1178.37715908   
1189.04124206   
1171.22005861   
1179.29589481   
1175.06077901   
1179.25078004   
1175.93817942   
1172.70728592   
1171.22162986   
1176.17557649   
1193.37838125   
1178.53401064   
1173.67684318   
1199.64634044   
1176.82065017   
1174.38808618   
1178.75378839   
1168.16335591   
1172.43762640   
1179.81755931   
1168.40442519   
1218.77149397   
1163.52270514   
1167.84956701   
1166.44415962   
1190.60302422   
1177.69074121   
1190.78009110   
1174.55346837   
1174.12813520   
1176.69195949   
1177.11547247   
1195.28219395   
1173.87538160   
1174.51656653   
1169.03007758   
1166.63076051   
1187.68619015   
1173.09868253   
1167.45674347   
1176.77279056   
1206.27244593   
1167.36955008   
1171.54741528   
1176.92646770   
1179.26273502   
1162.05521811   
1179.37078898   
1164.07919514   
1162.47969225   
1162.34930351   
1207.18200833   
1180.03143882   
1174.85768794   
1170.93167140   
1162.97456682   
1172.34919780   
1185.16386764   
1187.38759592   
1168.14234807   
1191.43044344   
1173.79922036   
1168.26868288   
1197.04221285   
1173.11830353   
1181.16097531   
1167.29594937   
1184.25870388   
1170.31939992   
1165.48676883   
1188.57378693   
1167.87423393   
1169.60856198   
1171.12165013   
1160.67283813   
1197.26125148   
1159.88584322   
1164.83142716   
1170.08391171   
1173.78140831   
1209.30879758   
1191.29836203   
1173.00160683   
1172.09783165   
1176.30683500   
1174.44432938   
1207.30326982   
1165.12211992   
1183.58641801   
1174.15237459   
1181.34091721   
1169.14203222   
1175.74441425   
1171.65833908   
1180.29986382   
1182.26542383   
1174.33394541   
1174.29888430   
1166.76844642   
1166.16636027   
1162.85432548   
1170.31903478   
1166.58429456   
1177.36234442   
1178.07919560   
1192.72902338   
1177.43679654   
1173.93392290   
1193.69692609   
1209.72570935   
1197.54209961   
1202.95126893   
1188.86951707   
1176.26343298   
1208.09505203   
1179.08813423   
1192.94398633   
1163.37934658   
1173.63041310   
1167.58254399   
1193.76730884   
1175.59940395   
1226.95207371   
1173.58384483   
1173.89997574   
1167.46228151   
1177.60126927   
1173.39622619   
1182.39083751   
1195.51317927   
1180.44821106   
1185.49044160   
1199.93556537   
1167.33265880   
1160.88388081   
1166.18132268   
1182.39196197   
1180.97437606   
1171.09966581   
1168.11614843   
1181.36585223   
1163.46140691   
1172.16774896   
1219.23100318   
1173.63013033   
1164.06742456   
1177.75412666   
1177.90289234   
1181.49807167   
1175.16648903   
1175.70300941   
1175.96798082   
1175.69285196   
1193.29141194   
1173.76179399   
1162.04205948   
1165.41296998   
1189.20562973   
1189.02136801   
1188.44638417   
1168.46921680   
1180.13004150   
1181.35764575   
1176.33490244   
1170.92232961   
1179.17209903   
1202.90276186   
1164.46768212   
1190.08572438   
1182.69798605   
1163.70957092   
1165.10748225   
1189.11637284   
1179.92470858   
1176.92203318   
1179.90574193   
1174.53991822   
1183.30527486   
1197.76986803   
1171.15370230   
1179.14490333   
1179.92651623   
1180.35866603   
1170.50855063   
1168.48500344   
1165.35695959   
1168.27371907   
1163.43795832   
1177.98011307   
1170.19703804   
1180.16745642   
1174.39619955   
1175.01540993   
1177.87746494   
1189.02389288   
1171.51574433   
1184.99654223   
1210.63877489   
1174.66804792   
1167.92057776   
1166.14899157   
1161.76999921   
1200.34073336   
1180.33556369   
1181.22669898   
1172.35073722   
1175.00243261   
1171.28239095   
1184.30471679   
1161.77948177   
1169.72346687   
1178.43162844   
1168.12605753   
1190.49286192   
1183.94390403   
1171.46440232   
1165.96862468   
1169.99180161   
1164.28652285   
1180.75724858   
1197.10570610   
1188.60879567   
1172.17794664   
1174.42689874   
1201.10610455   
1168.83946034   
1179.24035337   
1168.15036182   
1178.09458123   
1195.14027763   
1166.30757763   
1165.16285147   
1180.02498855   
1178.55349378   
1181.09327135   
1171.36565936   
1190.36114094   
1170.37808819   
1199.55351749   
1165.53118578   
1201.49084920   
1177.76055418   
1171.88864864   
1165.60312893   
1174.46740342   
1185.18443415   
1162.26928788   
1163.68552771   
1187.71250067   
1188.73981528   
1185.28994040   
1184.05618430   
1174.77849341   
1170.26951185   
1171.10966541   
1173.37688748   
1175.87755944   
1179.47321731   
1168.95941984   
