2222.72256850   
2042.12284992   
2165.01836702   
2089.02659532   
2067.29286247   
1926.00857708   
1932.11090722   
2054.69983311   
2114.40428313   
1986.45750209   
1797.07882623   
1883.71229007   
1685.25505370   
1473.70568768   
1485.53927176   
1397.46037619   
1380.13286296   
1299.08199510   
1301.05196156   
1242.04773560   
1231.01867837   
1257.02529106   
1233.46772413   
1200.37208154   
1213.05329983   
1203.80705450   
1218.05869084   
1213.74657782   
1222.60645764   
1205.41383075   
1211.18499593   
1208.51411729   
1211.32740521   
1218.44725781   
1220.96434064   
1208.99733004   
1211.31976764   
1208.83628894   
1208.68325319   
1210.32388761   
1203.33776623   
1214.26745457   
1206.99099478   
1224.59339157   
1215.91023482   
1212.59646046   
1205.74995661   
1204.25561090   
1237.74638391   
1196.41301604   
1204.38393668   
1215.46204362   
1207.35371288   
1190.19529491   
1181.56525313   
1190.61311368   
1180.89792052   
1213.87690294   
1202.63864485   
1185.51953665   
1174.59204811   
1181.56163136   
1174.96644222   
1173.07288371   
1194.90159794   
1176.20050155   
1192.28021574   
1176.98034032   
1186.25945747   
1187.61176078   
1181.58422227   
1183.38021950   
1181.82825603   
1195.18302613   
1175.19438519   
1178.71865772   
1212.47746319   
1266.86324563   
1203.81163955   
1181.01509339   
1166.46169735   
1182.35345055   
1172.11596363   
1175.72710470   
1182.85130828   
1165.54656257   
1194.09747082   
1172.58361857   
1192.27686889   
1187.20050952   
1174.18503874   
1185.52579614   
1179.44888233   
1176.59835161   
1230.52832992   
1174.53625624   
1182.42910195   
1203.67990980   
1178.04165629   
1182.83575169   
1169.03779979   
1191.35897561   
1178.11333345   
1186.04880685   
1169.89323811   
1184.81650062   
1169.11224722   
1221.83107862   
1169.26641773   
1174.98343435   
1189.12876713   
1201.93520122   
1182.41759426   
1207.06907418   
1179.12170771   
1165.88602953   
1169.46978626   
1169.70053718   
1183.48904857   
1181.45981396   
1200.46385221   
1185.12876001   
1201.31403462   
1180.77875977   
1177.74939320   
1169.71824684   
1168.29917593   
1188.03044684   
1184.38864358   
1193.01582449   
1189.71072979   
1164.85206210   
1190.17805474   
1180.77476441   
1181.50623120   
1187.59424454   
1212.99666032   
1175.08978214   
1187.97360516   
1171.08266904   
1170.09485001   
1171.00190687   
1168.51390400   
1182.27694770   
1175.41390870   
1176.24835419   
1180.86304171   
1189.68207896   
1184.23499888   
1186.34847327   
1184.50884277   
1168.04942631   
1205.47850493   
1176.33960467   
1175.50500577   
1178.65386603   
1167.61797633   
1174.45524824   
1202.49850282   
1176.38823094   
1180.06625523   
1171.10548967   
1211.21667109   
1163.66952024   
1165.21880198   
1178.68038955   
1172.65533485   
1185.02529885   
1170.26502368   
1170.37661241   
1187.98570268   
1193.26061424   
1203.88751955   
1181.93842198   
1163.44736703   
1176.65412223   
1169.50241918   
1177.28253561   
1161.23748378   
1207.98304538   
1175.73010269   
1166.71838146   
1184.13422595   
1174.25814394   
1176.19055151   
1175.58547046   
1164.32276632   
1196.90018882   
1170.98706526   
1176.41739830   
1183.75987756   
1186.05926387   
1163.27197639   
1191.92679133   
1197.93495399   
1176.21600958   
1170.66764499   
1188.57445839   
1169.70174978   
1186.77541619   
1169.82091727   
1172.16069434   
1188.36296203   
1168.07856485   
1186.26949726   
1206.55377337   
1168.97196162   
1180.08127310   
1174.40101284   
1175.08221329   
1179.05213127   
1179.93137707   
1184.75402643   
1176.90043866   
1183.66764467   
1184.82124244   
1186.84667360   
1174.85750696   
1168.37684252   
1193.03830702   
1167.90591011   
1174.75709530   
1179.82844667   
1173.33121034   
1178.71957271   
1180.22366384   
1186.64053606   
1174.70121571   
1188.43372756   
1169.19810658   
1163.49032671   
1167.37016723   
1167.88823610   
1177.32255882   
1180.76527959   
1166.98574319   
1169.43042483   
1176.85959022   
1184.98045100   
1192.23810485   
1175.76854420   
1173.31065879   
1218.81260861   
1181.36988781   
1169.15052898   
1169.62283531   
1181.83151368   
1174.03616816   
1189.42005951   
1173.23818387   
1174.37566906   
1169.81217951   
1172.04517121   
1174.43748035   
1175.36753569   
1178.99424287   
1175.49827808   
1182.31518184   
1163.64881746   
1168.26845159   
1169.54013660   
1168.69051134   
1209.02875554   
1177.13870400   
1174.56821101   
1179.06661165   
1183.04686420   
1172.30314915   
1196.18537386   
1174.25098026   
1170.58076419   
1179.65857306   
1175.53474442   
1171.84840562   
1174.10342191   
1173.73039221   
1170.50312891   
1173.47400969   
1185.25503004   
1163.42816127   
1173.50835111   
1183.24268817   
1185.60674053   
1176.48922288   
1167.78679687   
1172.82950549   
1173.00280609   
1171.07266978   
1187.04943366   
1166.39482114   
1198.38990531   
1180.40873706   
1182.14799506   
1186.33060582   
1181.82346076   
1186.20054143   
1189.37849172   
1163.50676442   
1173.31586707   
1191.33805397   
1166.33568828   
1173.20048051   
1191.35907002   
1180.25251844   
1225.52524076   
1195.30422435   
1163.40128434   
1181.09930074   
1170.00736825   
1166.73443948   
1182.54795211   
1197.34106662   
1171.84007064   
1192.49993100   
1173.72902618   
1196.84096596   
1163.75240466   
1180.89771824   
1178.56522097   
1175.16544505   
1168.87411867   
1173.97618553   
1183.77188034   
1177.86683231   
1170.08799788   
1167.59614258   
1168.11898955   
1168.37431120   
1226.27613356   
1211.75576706   
1176.63309735   
1168.68768637   
1185.77539641   
1166.63453182   
1178.25288333   
1207.85599191   
1191.74747630   
1177.65227210   
1166.76342304   
1175.40798767   
1181.34260132   
1191.19091687   
1181.03541034   
1176.94744348   
1172.60855866   
1175.22135358   
1163.01436319   
1164.52001633   
1171.21410937   
1191.26286518   
1169.60348392   
1187.46076833   
1191.36602638   
1171.18554129   
1174.55424838   
1180.35894732   
1179.74058756   
1183.96160460   
1182.12120313   
1181.88119594   
1187.46732671   
1170.33345473   
1178.09312940   
1217.20389739   
1178.23446047   
1181.81208312   
1179.37117871   
1172.46358293   
1172.42233501   
1180.34253260   
1169.02571416   
1172.43319809   
1165.34742902   
1182.85133638   
1228.51373318   
1179.37083218   
1177.37257418   
1171.22866347   
1190.42259957   
1165.09524041   
1170.55070027   
1171.18629045   
1169.51948488   
1188.81205891   
1176.95966204   
1176.38704928   
1170.22491828   
1177.81095001   
1185.58794283   
1170.43869966   
1185.50804894   
1171.19252137   
1207.43188348   
1175.14413619   
1168.46346816   
1172.50105743   
1163.13188107   
1195.65508671   
1176.65382891   
1169.86280646   
1172.87194654   
1191.33017704   
1182.15727785   
1175.60877235   
1184.44752976   
1163.58347051   
1167.45110131   
1209.75759941   
1176.55691337   
1197.22736345   
1179.75124554   
1164.07691084   
1176.37552285   
1179.88028368   
1183.88279336   
1191.45647402   
1170.02238785   
1175.76998649   
1173.38707388   
1173.58558905   
1168.10625414   
1176.17190319   
1171.79190748   
1171.08247764   
1177.64547950   
1170.20243257   
1172.27444106   
1167.84844043   
1183.19197668   
1178.78774740   
1169.43086783   
1184.96355019   
1207.37500386   
1171.15464464   
1187.18651569   
1259.81305615   
1183.52412223   
1212.52664879   
1170.15307233   
1235.92486533   
1182.24133092   
1203.77592610   
1188.60069597   
1177.97583492   
1187.45264910   
1162.37195629   
1176.50083186   
1170.48310468   
1172.67609210   
1168.12243876   
1184.19882988   
1174.59192934   
1164.56326729   
1199.43038748   
1178.19335627   
1177.70689503   
1161.95639357   
1178.16844091   
1187.36050238   
1181.91679481   
1164.63755132   
1178.52757766   
1181.24101957   
1178.95596842   
1174.48479286   
1200.56260527   
1169.80543878   
1167.72506301   
1184.65171367   
1170.88956849   
1168.52024417   
1170.57603614   
1183.85638538   
1183.90160422   
1171.08314030   
1173.91664745   
1182.57231847   
1174.24880236   
1168.64999728   
1167.25033883   
1179.95443694   
1170.29531248   
1186.34952723   
1177.59202184   
1182.85355309   
1186.98744804   
1167.88205952   
1170.96011264   
1170.40599841   
1172.69314059   
1167.55360567   
1164.62634727   
1172.58010644   
1193.07465989   
1200.28558822   
1185.45979967   
1168.38735225   
1185.53431667   
1216.34280153   
1167.90846845   
1165.49391894   
1168.67504091   
1164.42654388   
1175.18519660   
1193.09677280   
1168.62142688   
1168.77223606   
1195.45679421   
1181.18331832   
1181.11592174   
1199.51899711   
1219.97882730   
1194.04468867   
1174.77825627   
1171.78505497   
1181.63755582   
1220.91955708   
1213.53158674   
1179.67471840   
1169.34028852   
1201.27348199   
1174.62061148   
1177.20685233   
1189.85700769   
1180.59874559   
1175.58557853   
1211.65216134   
1204.01555133   
1191.18565050   
1177.64302996   
1167.06163783   
1169.42105540   
1191.41644210   
1181.02554759   
1171.68610136   
1181.42470044   
1198.90727570   
1183.81934137   
1185.74111717   
1170.47381084   
1193.30184408   
1202.50868639   
1162.85934179   
1170.34716607   
1176.53578687   
1170.23154379   
1179.19602007   
1192.01982525   
1185.40929188   
1171.40707232   
1171.69483211   
1175.19890377   
1196.45365498   
1176.28812313   
1183.21410274   
1178.62489132   
1185.91082150   
1176.74081681   
1215.39494728   
1170.23947941   
1174.90194665   
1167.10501672   
1170.95775538   
1180.90824730   
1176.39078934   
1196.34757463   
1186.25586237   
1216.75882413   
1187.08154191   
1172.53544093   
1174.57335124   
1175.09159725   
1183.02412309   
1181.94105681   
1168.72503256   
1177.56373763   
1169.72963366   
1196.84772177   
1164.01780836   
1175.93748089   
1169.07028076   
1169.92925561   
1173.82137984   
1188.23670808   
1171.26400824   
1185.79733522   
1172.90320353   
1177.04312549   
1191.20041409   
1188.78907321   
1188.95742113   
1174.75637692   
1171.87150199   
1177.61475895   
1190.03622442   
1167.83471425   
1174.63443141   
1175.41160779   
1175.93019331   
1181.30101595   
1174.89063378   
1179.52545791   
1170.69084372   
1162.46082166   
1178.60660581   
1173.68118459   
1172.99515263   
1165.73497023   
1181.71351740   
1180.84799712   
1184.60388156   
1165.99103189   
1182.92618335   
1167.74062421   
1175.73287596   
1165.46507003   
1191.17048777   
1177.17847530   
1180.94220643   
1175.19531540   
1169.25977708   
1212.54098597   
1171.65887914   
1188.07007848   
1171.59131839   
1180.59753680   
1161.67792177   
1173.71453185   
1164.71665534   
1170.06321886   
1191.81609017   
1185.43798613   
1186.98470905   
1193.87004094   
1187.73073613   
1179.36210397   
1172.17145437   
1184.15037841   
1185.78562477   
1168.79051111   
1168.31316133   
1173.84503120   
1172.31392721   
1193.82964829   
1165.53711012   
1168.93956798   
1171.87926777   
1193.38897556   
1185.08144358   
1169.32607887   
1171.88753084   
1213.43012872   
1213.68245017   
1185.11402121   
1175.78103391   
1176.67286317   
1194.41492644   
1183.08059748   
1186.03803713   
1166.89331672   
1185.78065886   
1171.91750592   
1193.77420482   
1172.75688656   
1168.71279098   
1189.84974863   
1174.77486734   
1183.94417669   
1175.66155814   
1207.20426605   
1173.10299126   
1187.23017282   
1173.68831751   
1189.26835607   
1222.13796009   
1174.36294728   
1171.44640654   
1201.56189311   
1164.87199109   
1204.07787279   
1169.23256300   
1165.43632230   
1177.10794168   
1194.42261054   
1172.28448134   
1174.11093979   
1189.19998065   
1180.08958773   
1169.77650274   
1189.77847810   
1169.69596409   
1211.28990504   
1212.89151734   
1198.32813636   
1181.48859346   
1171.37048358   
1181.58410036   
1170.42436187   
1176.55990053   
1169.12932321   
1184.61471922   
1167.38337865   
1227.19255464   
1185.82114276   
1194.56490681   
1202.35942486   
1183.09400101   
1188.79179254   
1179.96526677   
1203.33227504   
1183.61382243   
1188.46373440   
1188.81930079   
1177.83512682   
1177.88761980   
1183.53935461   
1173.86181333   
1162.31536953   
1168.81485100   
1206.71324762   
1192.34613571   
1180.71956104   
1173.88011802   
1172.88392267   
1180.88525871   
1161.16383326   
1180.76840255   
1184.27408328   
1217.50522541   
1196.77369484   
1167.06503429   
1186.75132959   
1183.26406238   
1205.37508388   
1168.96760197   
1192.53713424   
1189.11356739   
1171.40357125   
1168.82149917   
1161.83910819   
1187.86613578   
1162.57297313   
1173.16365515   
1214.28661854   
1174.77892067   
1178.95641995   
1163.26641478   
1172.84770719   
1171.81501367   
1168.09090841   
1201.78969911   
1168.44683066   
1170.28816875   
1168.84814352   
1184.53646374   
1173.02054611   
1181.64146614   
1192.13898297   
1168.19766878   
1165.59329562   
1183.56336745   
1174.53704693   
1169.59195597   
1174.05732412   
1192.58718052   
1184.88751972   
1179.91321229   
1164.99283118   
1173.39312564   
1161.49427055   
1182.86085352   
1175.25093827   
1181.76580887   
1180.42885053   
1173.92963840   
1167.66743904   
1173.30444114   
1187.95531705   
1174.14308702   
1193.30257737   
1166.93910840   
1183.30337563   
1169.26124398   
1210.66745644   
1173.90653523   
1230.92800428   
1191.47994625   
1173.02666953   
1165.50450092   
1166.17550416   
1170.93693265   
1185.18439470   
1164.95053980   
1213.64264016   
1184.22893914   
1180.32223530   
1169.69692394   
1166.33562255   
1198.94885134   
1194.31010433   
1169.99725507   
1196.67532012   
1168.54407731   
1169.69993450   
1174.60928271   
1160.32302363   
1178.49529347   
1189.93198979   
1172.15546687   
1178.82152800   
1176.14678839   
1180.04006319   
1170.20036925   
1171.27987514   
1163.56350668   
1164.47854634   
1183.85878346   
1177.39947456   
1179.02057898   
1174.60790648   
1170.83558499   
1166.90039613   
1171.60770651   
1167.48142776   
1172.25080503   
1170.08247482   
1205.32482888   
1181.15586285   
1169.23477157   
1189.40690478   
1164.52809041   
1181.23094309   
1189.90508004   
1180.37105277   
1167.88861088   
1173.77703863   
1171.45549551   
1170.86404244   
1162.23321785   
1162.89888641   
1169.76541280   
1175.98511363   
1172.48327433   
1175.68486079   
1170.15040010   
1167.45707259   
1170.91040116   
1173.82461222   
1190.57110652   
1192.47730318   
1165.09236482   
1168.97761760   
1176.22820607   
1188.68618702   
1164.02225153   
1173.84293159   
1169.99606285   
1182.07891487   
1182.26342326   
1181.53070439   
1172.93447404   
1171.48327360   
1208.70045837   
1159.35671201   
1171.10771781   
1167.96633966   
1176.74656430   
1192.90607670   
1173.66555501   
1172.34259445   
1169.83099928   
1185.23365056   
1164.84591350   
1168.12852063   
1177.46314342   
1171.70523410   
1172.17868747   
1170.30792251   
1169.06685490   
1174.13443471   
1166.18493261   
1163.32680815   
1170.34878359   
1175.22149203   
1184.52328619   
1213.20275670   
1178.67988086   
1175.21364251   
1170.35639706   
1180.51119205   
1174.58710399   
1194.58895277   
1181.09567649   
1163.79653797   
1180.54719315   
1170.20155433   
1172.69815124   
1175.36490713   
1178.29749955   
1186.10825080   
1171.14795707   
1176.96619672   
1172.87164501   
1178.86401789   
1190.92523059   
1173.83602953   
1168.94980135   
1176.48739390   
1170.73085842   
1176.13019597   
1168.07278712   
1168.19967382   
1185.13352534   
1179.39964226   
1170.32258089   
1169.68895871   
1167.68034317   
1179.19138872   
1168.21692524   
1167.23378825   
1173.24590198   
1170.04594870   
1176.36772084   
1168.58591357   
1166.41869891   
1179.63109215   
1182.80631895   
1167.46264740   
1176.69030148   
1189.73392248   
1203.58509941   
1208.94843111   
1171.46784770   
1186.01731611   
1174.40699057   
1177.34623948   
1187.15903356   
1210.81914511   
1174.76432869   
1189.64597333   
1178.23595385   
1185.40970226   
1191.17368131   
1194.12465030   
1185.12280169   
1190.15012419   
1182.34079934   
1201.84648644   
1204.78759854   
1196.41198732   
1205.38857462   
1174.17004955   
1195.12902856   
1210.74811512   
1175.30813412   
1203.79071236   
1198.83023477   
1166.93595269   
1187.12707873   
1167.17544147   
1188.45559723   
1172.62764793   
1213.12102875   
1179.64783864   
1180.90593062   
1177.64151532   
1178.10184075   
1178.54854980   
1180.58309167   
1179.29257028   
1166.32675764   
1185.39964809   
1184.83293784   
1167.21228617   
1188.17903159   
1172.75034491   
1166.94243383   
1194.02877311   
1170.99685504   
1214.96145246   
1169.59985079   
1168.95923980   
1174.23981076   
1174.45317406   
1190.31419394   
1180.87015681   
1171.12004169   
1176.30906954   
1172.30198262   
1179.32722606   
1185.80198502   
1169.95473963   
1175.18117851   
1168.00696496   
1188.86301562   
1177.72521536   
1176.96261202   
1171.39627906   
1178.42388575   
1188.92630098   
1185.24932561   
1174.40507826   
1180.57667901   
1187.09520456   
1177.84805887   
1172.13086165   
1169.33306526   
1171.24273671   
1186.32510206   
1176.49458347   
1191.29916042   
1160.59319389   
1180.71421024   
1168.20272753   
1178.43361528   
1177.46329521   
1172.26933411   
1179.57835540   
1179.65018004   
1171.68413564   
1163.99876562   
1203.16484675   
1182.88222099   
1181.46625401   
1163.76659817   
1164.10310315   
1174.76361207   
1184.30349026   
1181.85735030   
1202.50092273   
1179.51201656   
1188.09598069   
1186.63533589   
1180.57491432   
1185.57741514   
1172.33619343   
1162.30811222   
1174.01336943   
1168.22999144   
1165.79299799   
1182.37112837   
1169.89941692   
1177.45181907   
1161.54257289   
1182.26776123   
1211.87938731   
1186.28261492   
1173.50879933   
1195.79521487   
1161.46091745   
1178.15795987   
1168.82260899   
1202.41211069   
1168.03853818   
1172.04348523   
1174.42829209   
1170.70848342   
1192.06721784   
1182.44333133   
1175.96259914   
1167.24030463   
1179.61276281   
1173.56506124   
1170.88341327   
1185.36026647   
1184.21895809   
1173.86624612   
1180.21059438   
1191.35954869   
1183.15455496   
1191.70768023   
1180.55210897   
1171.38394575   
1185.82814666   
1182.49649452   
1174.80700212   
1179.28673870   
1184.77652391   
1179.46614799   
1170.56771876   
1176.37606974   
1181.90284399   
1190.80472911   
1168.36081876   
1192.82984143   
1184.74636039   
1184.14419772   
1180.17324645   
1180.76087344   
1190.97389476   
1198.63151083   
1185.90067641   
1162.52722317   
1211.34175852   
1179.69949148   
1168.59653357   
1180.51346748   
1167.26087228   
1175.66470510   
1172.89034088   
1181.42528622   
1172.08574576   
1168.74725109   
1162.62895837   
1174.90029138   
1183.65538381   
1172.68607169   
1186.97351609   
1170.95216509   
1180.90997221   
1191.43300111   
1185.02998325   
1169.51674143   
1176.19196634   
1163.59224061   
1194.48606588   
1206.14424379   
1171.26249117   
1166.00176114   
1165.80280540   
1174.77559798   
1180.31143317   
1176.46739956   
1185.82148934   
1179.05312939   
1165.30410132   
1191.37342582   
1173.40756010   
1181.11845717   
1169.72276668   
1190.32016685   
1183.25116757   
1168.58915953   
1175.11539690   
1162.93344280   
1174.35912012   
1176.65929565   
1181.64062696   
1230.01309010   
1176.34583962   
1197.95961582   
1178.00118078   
1171.32673341   
1173.74324131   
1209.33591008   
1192.69393117   
1169.18082880   
1183.14040083   
1163.68275773   
1186.10229829   
1179.38573211   
1168.74535461   
1164.14160896   
1172.33126924   
1179.69123330   
1179.96096554   
1182.84649941   
1171.00717070   
1180.35644439   
1176.28189940   
1182.89805311   
1181.70384690   
1174.13438121   
1183.17256578   
1175.38222983   
1174.89105503   
1178.27962817   
1183.96390035   
1180.08820218   
1175.08777000   
1196.11316132   
1190.73163404   
1212.15532138   
1177.18257070   
1172.83201187   
1177.81841217   
1183.12525639   
1185.98957604   
1195.05141230   
1176.71336979   
1170.07310627   
1165.75663939   
1179.61288197   
1190.68099773   
1177.79814020   
1211.53611709   
1173.08784611   
1179.32562180   
1196.77586398   
1178.20669221   
1171.01269438   
1176.27153982   
1175.58311088   
1179.30896247   
1173.64816936   
1181.47236905   
1210.02543522   
