1040.88515886   
1039.79670700   
1078.68354999   
1057.76821606   
927.36246917   
870.98997411   
882.34510067   
905.85102765   
882.39654717   
863.75115958   
811.41221416   
832.51213002   
812.57189818   
759.31790770   
798.66417832   
778.97766941   
768.70997288   
685.11863882   
720.81969380   
687.29725733   
686.59489325   
685.58870003   
667.01593889   
705.18379704   
693.68836845   
694.17500293   
696.98573233   
656.84883800   
646.76987282   
657.43610933   
650.97641531   
655.23295394   
659.01399968   
666.81782643   
666.29348509   
659.45126626   
696.07617128   
678.57583184   
704.49879775   
680.84169095   
675.13263229   
688.10346845   
652.01283428   
632.21599902   
626.06883839   
629.62300462   
666.85628552   
659.82778944   
625.93515629   
622.54555705   
617.31007424   
657.06262496   
621.39067569   
618.42075265   
629.22506482   
600.03047539   
611.53544797   
611.37014880   
616.84225590   
604.14485613   
623.01277133   
614.94620176   
597.61035791   
600.02291938   
608.89147394   
591.70647445   
603.27361059   
586.15668645   
592.77014649   
581.40170131   
589.87301878   
592.76750966   
607.60766674   
576.11284208   
583.36279536   
572.62066506   
615.44228911   
577.89023057   
577.00451093   
578.02502196   
575.54195193   
576.73178798   
573.14656607   
573.23053675   
562.89156608   
582.56399039   
562.10098835   
585.45812012   
564.72884145   
572.13196474   
559.51791978   
555.64429783   
590.41933991   
575.34028642   
551.38444110   
556.15597503   
553.26213393   
556.73060357   
551.22759182   
559.36589721   
554.49944732   
551.15100534   
558.41255792   
552.75089319   
557.47441077   
551.33329838   
553.27555456   
564.18311858   
551.43581053   
555.29574524   
559.33263316   
557.83384589   
557.34456244   
554.03095750   
551.61862336   
554.62411005   
555.64268901   
554.21602718   
551.07872108   
561.63999854   
561.39485247   
553.51488693   
555.34450214   
556.64785749   
555.66425224   
562.53461268   
562.64513110   
556.95679732   
553.95157701   
558.03411045   
556.80478592   
556.90835264   
556.08155362   
558.15921237   
555.97638033   
570.17478804   
569.26704427   
560.72469465   
558.79209353   
561.49216803   
562.24846576   
555.09873178   
556.55220845   
555.24716545   
557.13551458   
557.39276024   
557.69571223   
559.08823694   
551.36380965   
567.35472482   
548.43006602   
552.47987368   
555.31922026   
548.19748009   
547.85632247   
556.00870319   
555.93440248   
555.90523613   
563.53851759   
551.81668609   
556.32631160   
552.27605602   
562.10234999   
556.32934340   
552.71003450   
551.61875318   
547.27389363   
556.24891454   
551.30990547   
550.20273387   
547.04471874   
551.87615796   
574.54170108   
556.64137724   
548.99074254   
549.15672455   
546.78515606   
555.01133514   
553.71256520   
549.83602551   
552.35366576   
547.36616153   
549.21797837   
550.60407586   
554.61348869   
556.10319534   
553.46099821   
552.10584813   
549.94450070   
542.59458031   
552.62834214   
541.33662416   
544.73039384   
543.00804529   
544.69963324   
543.21453380   
566.11108074   
541.98017954   
552.67153126   
555.46651799   
549.99223584   
549.13305532   
545.66832748   
550.30879361   
549.20340223   
543.87505918   
539.70685683   
536.03663098   
545.09622576   
535.11972998   
536.89687850   
534.56289668   
534.14035419   
542.26332799   
544.55994782   
534.05184794   
535.01706099   
528.05431330   
527.90470684   
536.86972903   
529.01694524   
546.19007953   
528.42284234   
533.72349773   
523.59868547   
523.07096708   
528.39263234   
534.61423456   
529.59452040   
523.20431407   
521.81304880   
525.97485781   
526.08202581   
522.71734264   
517.37965056   
521.83211731   
523.67322649   
532.98927178   
524.72705328   
527.26965244   
529.69524831   
516.03998931   
524.05604283   
521.10231172   
521.22604112   
528.75148920   
523.99695050   
521.78331583   
534.22696255   
523.10326673   
525.42365788   
530.55387758   
528.13850143   
525.66599816   
522.97183451   
530.68741187   
522.68492807   
522.49604146   
520.04439781   
523.21292970   
537.01478386   
518.04195313   
522.15094556   
520.24643387   
525.01468980   
526.67220385   
525.35274011   
519.33813727   
518.28165616   
523.66624286   
537.31820902   
543.18880551   
526.91646569   
525.20457623   
530.25304370   
522.62571492   
551.75327040   
532.76626191   
523.84728651   
520.52984937   
539.48169242   
532.37381263   
530.86945310   
537.57839520   
526.88944814   
534.86755432   
540.30889657   
527.47757654   
524.26024529   
526.10334958   
521.88751652   
528.30230473   
529.08317672   
535.94198333   
523.37852609   
524.51944563   
521.22998016   
524.34420664   
529.16298389   
533.71268093   
526.08003037   
533.08322438   
515.91073156   
527.97135027   
519.45106403   
520.73714142   
524.60966496   
522.80367577   
518.66448314   
524.20968539   
529.98672934   
521.16498629   
522.44030656   
519.75190189   
524.32177216   
523.83379423   
522.95154310   
519.50184280   
526.04360318   
520.47915984   
523.60472119   
524.44507329   
517.95448690   
518.39024735   
527.86556227   
531.93282762   
526.21699117   
523.79314138   
517.03570025   
521.73809657   
529.47161193   
516.98172137   
520.27363041   
522.60690515   
522.44238278   
552.21823341   
525.92807200   
524.40555486   
522.33069962   
525.42190092   
524.41573594   
540.80140897   
519.00212278   
524.21199262   
517.16187062   
522.87539458   
520.58323383   
530.64324381   
535.64645280   
523.74329953   
527.05238019   
523.15900877   
522.65513166   
536.71028462   
520.57717025   
530.31781564   
530.51420803   
521.27499753   
521.26836991   
532.16480679   
523.04788997   
525.79392485   
534.66799649   
553.67064455   
525.52394453   
538.76050918   
524.37013648   
531.66515063   
531.78546654   
526.84751148   
524.29271720   
542.69172925   
525.06259599   
530.02699632   
530.61495019   
530.13510105   
534.22520982   
523.10102607   
525.54878514   
521.02055335   
521.90941263   
533.46067978   
534.18647724   
527.97732560   
526.70574083   
521.75294720   
529.80664565   
524.03358660   
524.39799836   
518.22353363   
517.37452306   
521.95474503   
525.15200653   
520.25783252   
516.70160033   
521.94558771   
529.08006791   
527.11693554   
520.55582186   
540.55569877   
523.75164972   
528.71817212   
520.59407364   
523.93373095   
524.18504751   
523.21596550   
519.78938285   
524.30988219   
520.44722754   
523.23153705   
525.22621370   
516.21147988   
538.76811169   
522.29659335   
522.28699215   
520.79328603   
522.85013414   
525.68892649   
526.90782464   
528.93082281   
518.46326226   
522.23953426   
518.04043886   
522.75501444   
526.17022045   
522.50855721   
540.50568531   
530.34735021   
532.35363646   
522.66249123   
526.33757542   
523.66566353   
527.08507780   
520.19620696   
530.20403057   
521.21389756   
524.95638978   
521.60739513   
523.96758609   
531.15475747   
524.36848807   
533.71740738   
524.75427246   
537.21850552   
528.88975320   
525.16711838   
525.82694374   
543.12030114   
538.97159196   
522.40755849   
522.01922256   
525.29013994   
521.12019594   
522.14933822   
522.76985365   
529.35458712   
528.03316333   
525.34345049   
530.35341944   
524.40800983   
524.35043448   
531.17487238   
528.39447028   
538.43068804   
527.45184282   
525.05686703   
528.86048794   
528.41382265   
550.65263932   
524.04882523   
528.53579391   
525.82353735   
538.53105741   
519.14280312   
527.09778573   
518.30861399   
519.96032839   
517.57068179   
519.06096826   
521.48456513   
522.76619752   
529.60952276   
527.83479100   
525.03133448   
524.91262893   
523.02324415   
536.18318550   
522.58414201   
544.82089195   
521.75826309   
534.67505889   
525.37405955   
522.99016770   
532.85810393   
521.24956342   
521.91826117   
529.22578770   
540.12956592   
527.38839129   
528.95810795   
538.21771281   
545.41387708   
533.60246337   
521.99043505   
536.34699634   
519.88108693   
522.64376991   
534.85754275   
520.85141157   
535.15858174   
517.94200851   
517.98153984   
525.09442053   
522.22529958   
529.49216592   
538.05459915   
518.41177442   
525.26902459   
520.19186091   
527.40047780   
533.17410103   
525.66430918   
531.13160278   
531.78193488   
526.64169479   
523.75395230   
519.58557799   
519.07123248   
525.14354079   
531.13790273   
523.94202525   
537.68224172   
523.66930362   
520.93094397   
525.33550293   
542.63800974   
532.47704424   
520.52822018   
522.37606610   
524.57331928   
529.16497593   
534.28110629   
522.82799931   
534.31187753   
522.06652518   
525.31743528   
528.14359534   
520.70286571   
530.10823457   
524.26525685   
522.95848156   
520.93370449   
537.62927377   
528.64367300   
526.67076831   
524.51434237   
524.43202603   
524.04644339   
523.01094833   
525.42422607   
520.29975413   
528.00419917   
526.72728573   
524.33787907   
522.27134939   
526.75454723   
530.54134310   
523.51639579   
534.86427969   
531.09415549   
527.76983580   
531.68249023   
519.22327728   
529.90309942   
523.56558664   
532.38696362   
535.13607627   
519.00249497   
526.76138858   
524.74089053   
527.67001931   
529.35560133   
534.31462516   
527.10794530   
529.35764460   
526.23735831   
554.20776030   
521.79949531   
529.79781752   
525.22715647   
519.06744701   
525.48467855   
532.17678775   
526.04126757   
523.84701355   
518.62553801   
521.92159133   
541.06858186   
525.87164871   
525.91614387   
520.49400734   
519.75465793   
521.28886117   
522.89168707   
526.40762574   
523.45329682   
538.63735831   
522.77621493   
521.02536477   
518.95672695   
552.02485138   
528.93988151   
522.24245078   
520.21090755   
521.55071794   
531.01934695   
519.83038582   
528.61288657   
529.73762965   
527.14900851   
520.74017779   
524.53022563   
528.77747235   
525.70265982   
532.74075572   
527.98377329   
532.80432152   
537.34575259   
523.15797868   
539.22513817   
520.05089693   
525.45934513   
520.95415884   
522.13136486   
519.24809491   
524.40248712   
524.25649297   
518.53449339   
523.58429567   
537.81790328   
524.34339162   
525.02456834   
526.48744340   
528.42379094   
535.52166954   
533.00731765   
528.65122841   
523.93840196   
529.18727254   
530.68176557   
539.60871519   
534.07946996   
537.78988545   
525.93945818   
528.19586228   
538.08012485   
535.04345721   
531.04449837   
533.23422522   
529.77141918   
523.58891673   
527.31748025   
531.17076517   
541.03797652   
519.39959889   
543.00051854   
521.96181416   
523.72381294   
521.20050362   
524.49776345   
523.96790852   
535.63500212   
543.39856400   
529.00739803   
533.51244638   
529.92088755   
524.41986347   
527.87084411   
524.36088323   
537.33535163   
531.42018702   
524.09859302   
534.56564034   
527.42069690   
527.43521615   
526.39525689   
526.75232208   
530.99960574   
524.25721681   
532.23125452   
532.29424030   
545.69685797   
526.92640519   
521.15790623   
530.78546185   
520.82111607   
522.46727310   
522.63135508   
528.02432628   
532.78204015   
528.24588577   
521.68092682   
518.62952593   
519.72386490   
528.16722584   
527.26580227   
522.35833686   
520.93409654   
520.70441635   
518.35846809   
523.07608913   
527.99068904   
529.23956747   
530.52084758   
525.72604341   
521.83478306   
522.14713993   
530.25460016   
533.00705046   
520.58484020   
528.35147042   
526.44007549   
527.89273290   
522.28834920   
523.80130747   
521.20626361   
522.33415396   
523.82739010   
523.09441546   
533.59206425   
525.01021381   
520.28737079   
521.99858795   
528.64571037   
520.08132684   
531.23777722   
523.30970518   
522.71329893   
519.83923031   
531.15778225   
525.33954768   
519.20746830   
521.09863758   
528.94812391   
528.04690499   
528.72602745   
531.74495482   
521.16367048   
524.58257176   
524.81526239   
522.74290135   
523.28264814   
524.54591910   
538.19968752   
530.13898390   
523.52811547   
523.11986746   
529.65392605   
521.13930475   
519.60429921   
524.72862576   
523.21539738   
524.08830082   
520.57967454   
523.65434212   
525.02611218   
519.02818577   
520.82915972   
522.24932139   
523.44954506   
522.14722768   
524.26863176   
527.06866546   
519.38090785   
527.98927442   
520.28457634   
523.44936725   
527.39819618   
525.29427669   
519.71767400   
524.53683856   
526.48228002   
524.24052138   
519.83947803   
518.66853236   
519.47722795   
521.39877669   
524.55628388   
519.05385696   
518.07572230   
522.88363086   
524.36993370   
523.68412420   
521.76930790   
524.44897583   
528.90306716   
535.37313124   
535.47732970   
534.59028119   
521.23216479   
520.49629143   
516.30340416   
521.46913066   
518.01969502   
517.21668635   
518.15466553   
517.04294263   
523.85143814   
524.22144011   
522.05748101   
524.30360063   
543.51898759   
523.01206773   
524.16897901   
523.13468250   
520.49647202   
519.46960528   
523.77412486   
527.08797661   
522.29094771   
531.73118438   
517.50073562   
516.58517914   
520.41609449   
526.73389650   
529.55773912   
527.83826023   
529.25552694   
523.51816460   
524.02936945   
522.68942759   
523.28051249   
521.81393875   
521.35359477   
524.40180044   
523.79560252   
527.24703928   
523.19628713   
526.47365682   
524.44961339   
526.03382342   
517.13790965   
529.06488188   
521.27054519   
529.68734483   
525.38904662   
523.03491255   
529.28229624   
535.80987909   
536.11957449   
527.93841545   
530.78738158   
562.02856656   
535.29436660   
529.21641549   
524.27693045   
528.30128044   
530.26795463   
538.39525880   
540.06360524   
526.06256275   
529.02394967   
544.59239361   
546.37722854   
538.70676959   
523.43108835   
537.91151121   
537.76170489   
518.83449354   
519.65295136   
531.81139341   
525.00598598   
526.87555578   
535.56160499   
525.73489858   
527.00422236   
523.98158050   
520.08180798   
532.16368351   
521.99075736   
525.22172748   
533.67305213   
521.45405718   
531.08411593   
534.23465862   
524.23579223   
530.97467274   
528.91338477   
524.99000573   
522.63683390   
525.11737047   
525.49856149   
521.73919763   
522.14549304   
523.74041688   
525.19608735   
531.04596191   
524.88206318   
528.93467846   
530.97970199   
523.73611145   
525.65661919   
524.42820955   
543.99853959   
529.37299350   
530.64319338   
530.43272556   
524.63409938   
521.69856483   
528.95464594   
530.53251079   
527.84716145   
525.80193951   
522.96773366   
526.90196742   
522.17331428   
519.43916697   
520.37949132   
524.97718467   
524.33793378   
532.17239824   
520.85388865   
533.77260275   
528.72648679   
541.53763216   
527.41699994   
525.49277496   
528.61920767   
521.57061035   
521.48203010   
529.76907810   
525.78258072   
533.10834388   
530.46384716   
522.55737955   
522.30930221   
519.44485065   
530.29758351   
524.25073911   
525.72914022   
527.04347420   
529.78810323   
521.92037288   
526.47433459   
522.07924612   
528.75008441   
566.78940762   
521.00189821   
527.72528098   
516.91888448   
521.07031856   
531.90339868   
517.45475248   
534.31306172   
535.70661464   
526.44439980   
516.83264710   
518.70702789   
525.45271997   
525.03762376   
520.08318814   
517.47237301   
523.21180581   
532.75564976   
523.56132367   
520.70637925   
521.18608253   
525.75425070   
523.38075206   
518.09876422   
522.09622335   
523.00073604   
519.37674148   
526.56662301   
518.79200649   
519.49893635   
520.87685661   
534.59040618   
528.15296492   
537.27999004   
547.62836528   
520.67330216   
528.51723974   
522.45650730   
538.48496770   
524.00987500   
528.35425524   
538.68324206   
523.29505150   
531.98360978   
541.11513642   
519.19714150   
527.61607142   
522.00796175   
524.89141830   
522.76111732   
523.75644970   
522.48317208   
521.12601622   
520.11800598   
519.70098271   
529.74826819   
529.09437395   
525.80869872   
524.44120029   
525.53309869   
534.21610421   
519.72088262   
523.03597015   
518.07848150   
543.16272683   
522.40948587   
532.75318478   
519.08760989   
522.79812134   
539.57474175   
525.11502809   
522.95833233   
525.97474902   
519.28109046   
520.42434518   
531.63179203   
525.47918937   
524.24949883   
522.03879036   
519.28530001   
526.21540703   
531.70600629   
516.24260970   
520.12120696   
527.40123770   
524.34832884   
522.08982485   
543.85898594   
524.09040363   
522.76889144   
528.01058866   
523.87868222   
521.53613403   
515.94222982   
519.87551211   
522.98211598   
516.47917025   
521.83422395   
517.57975389   
522.32973331   
533.73385477   
523.17642265   
528.29587946   
534.78113277   
525.30353274   
525.14115950   
518.51400156   
522.87832750   
525.90253171   
519.44108133   
527.76308921   
526.18393525   
521.93382602   
519.58948017   
523.10112376   
529.66452231   
524.82832033   
536.18338600   
525.96565512   
525.36733389   
524.37650992   
519.38413270   
519.65060594   
518.96798422   
520.57371260   
522.17083663   
536.80988005   
525.80325708   
523.61583238   
527.76811561   
521.16262091   
523.00679746   
520.44382034   
526.50685636   
525.85541799   
524.70138136   
520.43355027   
532.07659002   
525.85811387   
525.61948317   
520.81431526   
522.98269237   
527.33724251   
522.26975692   
530.40213894   
528.24631239   
528.40724932   
527.72599998   
518.31127067   
521.25565080   
522.40935151   
531.33526876   
533.08924588   
529.42892156   
526.25061631   
519.53430495   
539.79854068   
521.48654090   
519.04201392   
524.29997214   
534.28978179   
523.87216774   
547.55944268   
530.29878499   
527.41000093   
528.94917144   
545.13709132   
522.23822744   
527.88009862   
517.92551157   
528.23920732   
524.55924486   
537.83004114   
521.72518602   
521.12053732   
525.57498940   
526.28489121   
529.83592110   
522.43499642   
520.11141552   
518.03579145   
528.34144198   
526.62957747   
519.66030290   
529.16003840   
524.79707925   
525.38040644   
518.92976120   
522.64918670   
524.21125353   
520.74148540   
521.34499744   
521.70720215   
521.69320716   
530.00365970   
538.38716159   
522.83622760   
521.62655770   
528.44349764   
518.11835996   
523.12425526   
522.58582491   
519.58284464   
526.02947584   
518.96479199   
524.23372006   
525.35755390   
525.08186130   
521.26851524   
527.74183636   
525.82571299   
523.41980153   
521.17503152   
525.88995942   
523.33787417   
517.50015807   
527.44821213   
524.60775169   
523.16302311   
520.80371820   
526.04227919   
524.74143585   
522.49777660   
519.00515534   
518.84863303   
523.47024390   
519.99391678   
530.08602116   
523.20389377   
526.14224648   
520.28083319   
525.79861673   
526.44210077   
517.88553440   
525.69726765   
525.65895909   
527.99280312   
539.83400795   
527.06285163   
528.29697686   
523.97234789   
525.51643062   
528.54127968   
524.64079095   
526.93389193   
522.57258188   
522.14018472   
524.14033908   
525.02458086   
529.44869463   
526.85569915   
527.63865195   
520.17988226   
518.93977947   
528.83412120   
524.41726709   
531.29320801   
521.94091416   
534.63657907   
523.62836340   
530.11189466   
526.32691930   
528.97709477   
523.88602395   
522.77311999   
520.23139623   
519.20220275   
518.48636938   
519.72600455   
524.09350645   
529.06292314   
534.82735323   
523.25624146   
525.05769318   
523.76263365   
527.97811217   
527.18003918   
516.41656944   
529.14838205   
517.47966828   
526.18724043   
516.77784120   
521.36982417   
519.04243981   
523.73664733   
517.27460196   
529.92134772   
524.78731347   
520.35649878   
519.89033307   
517.20715946   
525.95127615   
531.98407951   
522.78974722   
532.45158313   
524.71142929   
517.83370264   
525.63502767   
522.77112174   
525.86773504   
525.38326513   
521.40465602   
526.14002496   
550.22954593   
532.30689518   
522.42261751   
529.29770956   
526.63588369   
517.90770184   
517.26864201   
519.43818541   
523.30637649   
520.06563509   
520.79316831   
516.20589311   
521.92196477   
521.04731992   
519.02386989   
519.62693552   
527.41911515   
521.61077879   
522.97753441   
523.57131389   
521.51075780   
520.21732965   
529.71467172   
521.08692466   
518.30373472   
524.74441760   
525.86693167   
527.58407668   
528.16274877   
519.62796492   
521.87593455   
520.06858682   
525.54922302   
524.62484266   
516.31190488   
533.35007997   
521.82691885   
521.77367112   
531.46535446   
519.04018297   
524.61522234   
521.77744630   
520.45998012   
528.31082790   
520.88829073   
520.88102674   
523.39647595   
532.57041348   
522.11670388   
526.13785478   
540.32268239   
522.45988781   
521.17328114   
522.54027577   
533.26429252   
533.07747239   
553.22190644   
524.46679172   
532.96843941   
539.26572486   
522.08482909   
528.10577797   
529.79783292   
527.82799020   
533.78540105   
560.78456939   
520.79896222   
527.25075266   
522.73725025   
534.52893734   
525.34752788   
538.09116667   
536.83411741   
533.40256623   
524.72102693   
525.70458420   
536.10522385   
544.40785007   
537.47169125   
522.72477485   
526.32541787   
542.51421878   
530.82347771   
530.54915679   
523.22929324   
531.20801653   
530.81449765   
526.17059646   
527.69244407   
534.85986466   
520.94584383   
528.02508989   
525.74595363   
523.35389035   
530.51755954   
529.12452861   
521.72360404   
525.50156552   
534.82626380   
534.57562185   
524.92036730   
525.54801803   
525.45640563   
524.23962165   
524.50438716   
518.74625734   
522.73010220   
522.95366098   
521.68608587   
523.60676021   
519.80417498   
537.10931139   
530.24695372   
526.69158773   
517.60020213   
