1693.81254367   
1672.28662356   
1618.33712826   
1570.14286339   
1520.62146856   
1422.54846972   
1368.57164998   
1389.99788019   
1402.30913380   
1400.20475706   
1350.25064977   
1360.28780193   
1293.80329279   
1322.33447773   
1262.35857097   
1265.43305869   
1248.31941702   
1265.99354137   
1289.22507361   
1244.65109350   
1258.73397692   
1278.99125714   
1274.09743684   
1244.49511013   
1282.79051832   
1254.92786646   
1248.92225285   
1286.51082280   
1245.86874668   
1252.17807429   
1269.27936165   
1313.53580685   
1232.13742674   
1238.01181526   
1262.60029567   
1231.01298385   
1256.70831710   
1233.33929526   
1265.11916107   
1252.80702547   
1231.51072838   
1305.77073900   
1257.26562391   
1320.51709513   
1246.55785114   
1268.92250641   
1218.54385410   
1211.83719419   
1216.84436550   
1243.26173531   
1218.99286001   
1224.52335015   
1217.02797727   
1239.77832075   
1218.61881821   
1275.48294773   
1241.91979977   
1207.71225660   
1189.58718086   
1212.16803087   
1190.02984088   
1191.24854991   
1182.98240499   
1189.22938626   
1197.28431901   
1214.97429838   
1205.46890523   
1182.47179461   
1182.24476308   
1178.21874824   
1185.27097615   
1174.28709847   
1178.17368362   
1181.95338226   
1172.61368831   
1191.68511076   
1180.73704407   
1189.09003103   
1164.70731592   
1164.19225751   
1175.05183645   
1171.33946834   
1237.29670740   
1185.07697504   
1176.73653142   
1176.29196451   
1184.74074967   
1170.44023527   
1176.03242947   
1181.84595945   
1160.76494724   
1170.71358916   
1183.81675187   
1173.47292241   
1162.19757090   
1164.17239992   
1166.18130563   
1200.46214561   
1180.70647713   
1169.17700983   
1185.37981415   
1197.58192017   
1178.27861707   
1170.37278049   
1173.39657466   
1168.35863350   
1199.73759021   
1165.10483375   
1175.68802936   
1166.71617813   
1175.94379742   
1170.15871447   
1163.94899578   
1172.60228739   
1188.08642589   
1180.47220933   
1177.15160691   
1164.85550794   
1177.98382813   
1165.54847100   
1165.72495216   
1189.63089926   
1174.99147470   
1184.67425807   
1173.49777941   
1177.68890656   
1175.40132632   
1173.12151271   
1182.55434467   
1165.56953953   
1173.82643619   
1164.45262972   
1173.90174111   
1183.63795206   
1191.68403184   
1178.22508276   
1167.18456751   
1174.16078358   
1189.84835739   
1182.56725392   
1171.69296882   
1166.11612979   
1170.66861030   
1192.61283757   
1175.94233898   
1192.19548372   
1172.34229068   
1167.11999591   
1171.60611055   
1173.49035012   
1179.63179279   
1199.23719524   
1185.19730800   
1163.90291341   
1171.38219978   
1169.46265793   
1175.97267968   
1193.66234213   
1183.57730106   
1173.14231403   
1175.63922801   
1175.85977322   
1186.20569257   
1194.67073904   
1171.84415892   
1184.46939567   
1186.76732716   
1170.97277486   
1179.62921537   
1170.40534034   
1186.47313655   
1172.01369320   
1183.94312944   
1163.87986947   
1204.56639691   
1168.95418566   
1182.23500045   
1195.59818074   
1165.19408561   
1175.01583329   
1172.91164179   
1189.53004359   
1177.94847986   
1188.05537800   
1187.63521031   
1200.58327677   
1189.69110584   
1178.33829945   
1165.08364450   
1180.33996330   
1169.43807835   
1171.69133207   
1182.09526603   
1168.33278773   
1165.13256465   
1173.97233015   
1189.32957771   
1171.05827556   
1180.38553651   
1162.67946777   
1175.68784649   
1169.05014204   
1183.64187779   
1168.71413312   
1169.02994549   
1164.38242062   
1197.61000248   
1173.09147445   
1179.76927633   
1173.32380167   
1162.70576663   
1162.32741207   
1175.45258093   
1165.49709770   
1198.28478265   
1172.75842319   
1163.94494419   
1175.03541996   
1197.87087511   
1188.45191487   
1171.02001852   
1173.80470538   
1178.05659050   
1169.13965317   
1168.82518897   
1167.39781182   
1167.42765997   
1176.57472477   
1196.67212242   
1176.39060729   
1168.88908098   
1170.03090920   
1177.34095655   
1179.38428075   
1174.28552734   
1190.86038021   
1165.97959206   
1179.13944125   
1176.71751693   
1189.80492195   
1176.92843075   
1192.92477202   
1174.33030769   
1186.74009904   
1185.47943828   
1180.38449952   
1173.90422448   
1172.13755365   
1177.28277147   
1167.40541353   
1166.47964327   
1211.07251908   
1179.44958236   
1175.13283828   
1179.50223218   
1192.62439163   
1166.92295087   
1195.34010094   
1171.94768806   
1187.92187487   
1190.16880223   
1169.50640929   
1195.12590211   
1186.62468671   
1173.38091660   
1175.66722809   
1169.39257416   
1167.73318315   
1186.33370675   
1199.34438828   
1176.48853035   
1173.59691657   
1180.88561735   
1171.95849393   
1182.10906184   
1175.90469496   
1172.66458524   
1172.53812872   
1171.32435542   
1190.99247921   
1208.18804425   
1187.07555315   
1190.61069535   
1175.36758906   
1163.40310963   
1169.04333879   
1172.96473797   
1175.56548288   
1190.07571324   
1172.81593474   
1182.70744928   
1181.30304757   
1172.05660877   
1176.95710437   
1177.16625368   
1169.49482158   
1177.68080576   
1163.56505226   
1179.80554830   
1180.79472398   
1168.92980004   
1179.25060056   
1173.88627303   
1188.61732156   
1168.38999223   
1169.50410272   
1192.71863995   
1176.02790011   
1169.00349483   
1179.43285009   
1178.07699518   
1178.52605515   
1175.80800171   
1166.58566532   
1164.12480071   
1186.82864230   
1179.46659752   
1168.89093580   
1183.20935053   
1199.71947460   
1187.03397770   
1183.19812779   
1170.36816479   
1198.84929319   
1172.90933689   
1178.83261685   
1188.57342182   
1177.52674452   
1166.22055021   
1178.67633641   
1204.66257712   
1168.11769239   
1172.31563094   
1164.24654511   
1175.24363513   
1180.98981673   
1176.95551906   
1164.54929528   
1171.43659644   
1189.81423457   
1163.72107676   
1191.87788395   
1171.60129773   
1178.52718288   
1174.81663482   
1174.31455739   
1168.20351685   
1168.74132500   
1199.28428709   
1164.92089748   
1174.89825708   
1175.79286037   
1170.42880829   
1177.39727284   
1169.10804258   
1164.11404634   
1179.53265132   
1164.07069721   
1173.90542050   
1165.24408795   
1191.87935493   
1190.14139715   
1179.00047113   
1167.13174332   
1206.30659393   
1175.26867810   
1186.92409848   
1163.11131923   
1177.95116127   
1166.17256092   
1171.11843778   
1207.63936311   
1174.57573487   
1164.56529516   
1169.66469957   
1166.28404453   
1182.46808859   
1179.13965027   
1172.06162092   
1166.24604680   
1180.52364183   
1175.80707447   
1191.06242711   
1165.43004037   
1178.09092073   
1207.73248074   
1171.46905827   
1164.79830910   
1180.28171167   
1166.66112675   
1174.73120178   
1178.66105359   
1178.28075781   
1178.37076210   
1187.35396528   
1171.90116255   
1171.48284072   
1174.70006621   
1165.59697581   
1177.57308004   
1196.78165327   
1178.61222073   
1178.51519538   
1179.13213815   
1175.26789881   
1171.84789153   
1186.68804450   
1183.65505358   
1164.58345788   
1173.37625756   
1173.14190892   
1173.32007802   
1219.10897608   
1172.98218681   
1176.75180003   
1167.73062401   
1180.09806347   
1200.51565409   
1169.78443295   
1174.15443329   
1222.97122134   
1175.01592615   
1192.92013043   
1180.56762740   
1181.39980317   
1183.44094890   
1177.28967185   
1171.06065027   
1175.72600879   
1185.82575083   
1163.15680417   
1169.86552882   
1193.99695759   
1170.84142850   
1165.84528103   
1188.27370031   
1176.21451021   
1168.94940987   
1165.11775452   
1173.13732144   
1182.07132972   
1167.54395663   
1182.10433003   
1219.76933552   
1187.94971931   
1166.55587615   
1199.13303486   
1170.43997368   
1180.58891275   
1193.23205116   
1164.92167340   
1182.21981473   
1193.78655848   
1186.46412561   
1183.78849716   
1165.43481896   
1184.00582470   
1165.19991270   
1190.66813165   
1178.27350554   
1176.84451000   
1200.42575803   
1184.80020043   
1172.01421348   
1174.94014670   
1175.74198417   
1170.47240213   
1190.65601387   
1169.76302011   
1197.51937261   
1187.63421700   
1253.57524236   
1181.55869489   
1177.28980983   
1174.71446707   
1172.13081331   
1164.40390212   
1179.05981470   
1176.35829560   
1183.71065716   
1175.18026155   
1166.15357522   
1200.26778716   
1197.57084435   
1199.46499324   
1176.13344030   
1174.12984347   
1179.79343155   
1170.23535998   
1177.53782570   
1205.46785747   
1227.03395753   
1172.11670659   
1173.14933287   
1189.27495519   
1170.44437324   
1197.57367846   
1164.32415503   
1169.36018718   
1177.92897944   
1191.07262471   
1189.41659693   
1192.51126994   
1171.45350882   
1176.05810312   
1164.32547444   
1220.74299440   
1176.30985745   
1176.11730714   
1164.31104380   
1176.78952237   
1173.43539466   
1178.22767500   
1186.30920888   
1179.31585531   
1187.23032776   
1175.73650237   
1176.97979714   
1179.09174174   
1194.72878423   
1170.06813983   
1183.92564090   
1181.23006186   
1168.76368683   
1160.82940319   
1191.83878564   
1180.10213401   
1168.40859455   
1163.45092662   
1182.52061054   
1172.56696499   
1168.56752820   
1180.89562935   
1194.71336499   
1237.35613265   
1174.92902819   
1170.62424870   
1177.38877417   
1173.74767630   
1167.94753925   
1213.26765372   
1172.72561920   
1182.15924912   
1171.00181102   
1169.87249219   
1170.07916237   
1176.91979319   
1176.07848189   
1168.60988639   
1175.80788900   
1173.00733458   
1179.38853568   
1165.27782198   
1163.94578996   
1171.23742523   
1189.92086388   
1172.33972304   
1169.87296873   
1170.35277027   
1191.09950066   
1167.72366264   
1173.57293358   
1168.82375163   
1185.51536791   
1191.88515774   
1179.98170116   
1186.26216319   
1190.13033432   
1169.29578557   
1163.59782900   
1181.67495631   
1179.58113548   
1170.09448111   
1162.13546411   
1164.12404957   
1179.41188906   
1190.55129396   
1169.45021035   
1206.76164111   
1172.64315091   
1182.07017557   
1178.97775986   
1162.20219327   
1172.18751488   
1163.44504940   
1176.81584174   
1176.29569088   
1167.01493457   
1181.89829214   
1176.06401681   
1174.71512122   
1171.00756002   
1180.15783913   
1168.85652745   
1177.47088394   
1171.56973617   
1166.56070261   
1174.83712810   
1185.13810625   
1166.13518081   
1177.39775011   
1180.31051269   
1173.58408990   
1164.59090746   
1169.33635126   
1179.48502405   
1171.73235883   
1176.40412483   
1171.07643241   
1175.54787280   
1169.37069507   
1167.50474970   
1182.32890415   
1178.13046141   
1193.92028661   
1172.40658299   
1169.42771478   
1172.80610680   
1190.69695942   
1182.72074492   
1183.16014084   
1171.46912760   
1196.10333214   
1186.48375970   
1188.57350931   
1207.12717218   
1183.46289257   
1168.80172606   
1171.58770153   
1184.49481260   
1221.50777315   
1186.37121136   
1191.18419066   
1168.46640335   
1189.26215609   
1178.27627911   
1170.27375364   
1182.96489933   
1170.40157133   
1197.32257113   
1165.00657826   
1215.30345286   
1205.34072088   
1180.87918555   
1210.77072620   
1172.07373152   
1173.34284775   
1171.67646134   
1189.33118326   
1170.49092241   
1168.82789712   
1164.36502983   
1173.56084141   
1195.47311054   
1177.19485475   
1185.04905139   
1171.45775490   
1181.70795616   
1165.66753028   
1173.37608268   
1175.41195157   
1182.46576962   
1168.19029093   
1194.91173569   
1182.07578029   
1185.99774022   
1181.30090091   
1194.92462180   
1167.48836466   
1183.06684349   
1169.10773422   
1168.39500941   
1168.08157661   
1186.76586411   
1184.81673939   
1179.35824109   
1173.10598261   
1182.40937746   
1201.57260620   
1185.52082696   
1182.93046964   
1176.94934765   
1177.68568671   
1187.82430248   
1176.99649808   
1183.90326838   
1193.14214582   
1172.33356201   
1171.26306682   
1185.32033533   
1186.33211709   
1176.58852413   
1186.11440826   
1178.85515026   
1181.71043425   
1178.37916577   
1169.81847680   
1191.21907130   
1177.57988702   
1171.48115403   
1176.50627364   
1173.36868762   
1176.49596614   
1170.35910665   
1194.85357230   
1177.24108275   
1184.53078474   
1183.86484938   
1192.33037987   
1169.19823388   
1174.77852712   
1181.69043739   
1181.21709394   
1178.10603909   
1174.61298139   
1178.38304322   
1175.03545701   
1179.65408426   
1199.49689370   
1190.12040633   
1176.13361730   
1171.90399308   
1189.15850124   
1181.55214429   
1177.40613897   
1168.87667091   
1202.98592758   
1172.47987779   
1180.34226065   
1171.42185746   
1170.16674186   
1184.29250671   
1170.56235715   
1162.86853789   
1183.01759601   
1176.74467821   
1178.21652098   
1193.48085630   
1181.85771402   
1178.21972490   
1204.82262033   
1177.28808157   
1201.72305607   
1183.38936664   
1173.97531155   
1171.75398456   
1179.98487216   
1178.48779778   
1189.62708263   
1175.59608994   
1170.90579701   
1189.25429975   
1194.10018169   
1163.49894709   
1174.77089992   
1179.04194312   
1160.55702310   
1194.39729134   
1168.28408193   
1179.51446614   
1184.31321206   
1186.68923329   
1180.25421487   
1173.06556715   
1182.90739152   
1182.18536578   
1170.34179768   
1180.33043153   
1170.17755487   
1164.27221137   
1170.61802815   
1169.74154605   
1179.40225701   
1181.72716162   
1180.25422982   
1170.52677981   
1181.57144735   
1170.31069695   
1168.57029024   
1165.83232365   
1180.09059813   
1184.43147517   
1163.44683252   
1175.30197948   
1161.59060818   
1175.57869715   
1174.42806622   
1177.87831946   
1179.60179643   
1188.88811084   
1193.01719266   
1171.25714520   
1178.50805922   
1168.79357363   
1193.70325736   
1182.08878060   
1180.86491198   
1169.77718976   
1167.70522758   
1185.91763990   
1175.15746321   
1174.16013246   
1168.48991173   
1174.79772184   
1190.34399302   
1171.11548779   
1180.64685927   
1169.82733070   
1199.07874399   
1183.49360396   
1180.40224431   
1181.22544923   
1181.27206490   
1184.72015496   
1208.91786073   
1162.48699194   
1174.06859803   
1172.41595604   
1176.70784756   
1174.94694099   
1171.40558339   
1187.59605888   
1189.13590047   
1181.39024204   
1171.75680023   
1171.69743222   
1170.96133228   
1177.92478872   
1182.09598050   
1176.71496928   
1181.70564865   
1184.88692378   
1194.24078155   
1194.44236454   
1162.34568068   
1196.28577463   
1202.63470808   
1193.82040142   
1179.56476129   
1169.56636908   
1178.30843904   
1176.10862976   
1185.02584514   
1170.31283391   
1181.29143435   
1194.85816524   
1170.43429704   
1170.48127529   
1170.63578582   
1182.83476762   
1175.17553566   
1187.03731321   
1168.86675582   
1171.61663852   
1192.74868722   
1171.12987439   
1170.14023905   
1184.20376854   
1178.74962683   
1170.19600081   
1173.03542435   
1184.37591133   
1168.31755326   
1181.64290281   
1190.58999137   
1171.92169278   
1181.04926757   
1186.66255299   
1162.72845152   
1167.44059630   
1174.32253275   
1164.82326735   
1181.32743799   
1175.86549324   
1174.61569415   
1169.29141704   
1169.48060771   
1189.36451191   
1188.51792676   
1224.47703201   
1163.80986418   
1179.86646103   
1187.03146230   
1172.14642485   
1171.23370990   
1182.22479215   
1187.96791553   
1185.29410490   
1176.68587762   
1180.29098104   
1174.98686553   
1167.47092932   
1172.00691183   
1166.98337297   
1188.84703208   
1174.44699321   
1193.15901811   
1166.52975793   
1198.70829568   
1173.74551230   
1186.24299598   
1192.47974579   
1177.36822115   
1189.60758716   
1170.27618874   
1184.51021287   
1172.91986302   
1161.12375042   
1182.54139295   
1182.84036818   
1191.57039199   
1169.14490000   
1173.67545392   
1173.53769122   
1192.13899070   
1185.26420406   
1186.19505492   
1192.18673417   
1192.95134276   
1191.73240978   
1180.79984599   
1171.55293110   
1175.40812798   
1210.53909249   
1172.02330782   
1170.75115197   
1178.49854272   
1201.93286409   
1173.52963841   
1184.03872965   
1175.13620742   
1182.65523231   
1163.63100033   
1194.08528924   
1182.86835821   
1215.69119148   
1174.46130267   
1170.26664186   
1179.16374160   
1177.78095084   
1173.01824196   
1171.35226095   
1174.20584711   
1189.91499943   
1177.24824029   
1168.54916793   
1165.06151330   
1179.18784572   
1172.08975948   
1166.83716751   
1174.65872307   
1178.07825706   
1171.82655485   
1165.31374517   
1195.86467836   
1171.87838571   
1183.72145412   
1173.24481933   
1183.97986211   
1174.12216177   
1170.14578028   
1171.26603466   
1168.90222388   
1163.15869303   
1172.64790778   
1178.10550713   
1171.65096713   
1168.18115359   
1160.72822201   
1170.74757049   
1220.75948679   
1189.16524819   
1186.40436577   
1167.47078594   
1174.92258257   
1191.39485371   
1170.16810281   
1171.08905364   
1167.29149606   
1175.78408015   
1177.33075006   
1192.89072771   
1164.40429530   
1200.65843435   
1162.35607428   
1174.70426189   
1163.37116415   
1171.81864888   
1164.89953883   
1225.65230071   
1172.84236841   
1192.33728677   
1176.25909800   
1209.88328739   
1174.67639297   
1186.45803064   
1173.32277966   
1175.41487321   
1180.00453821   
1173.55307716   
1177.05673550   
1182.10969783   
1174.47577004   
1163.10173177   
1188.13402771   
1179.19853551   
1162.50165671   
1193.23493417   
1184.83682035   
1191.23290508   
1173.71791924   
1169.22681843   
1169.43091610   
1197.45563463   
1183.05134128   
1169.65183586   
1176.29055750   
1199.99896869   
1168.24496325   
1203.66464819   
1180.74451276   
1169.38978837   
1176.56572445   
1164.02838426   
1173.29621732   
1169.32225228   
1197.11799076   
1173.55005765   
1172.93099176   
1201.27138127   
1189.28907436   
1188.68123840   
1207.28771801   
1170.41630055   
1170.88972037   
1163.84039479   
1171.52909311   
1176.52079916   
1173.92370681   
1177.05584089   
1176.65684150   
1161.20151779   
1166.51807363   
1183.97870872   
1199.41072740   
1195.39917567   
1178.86238304   
1169.59318887   
1181.02452875   
1170.70410276   
1176.05112123   
1192.52633736   
1162.29780884   
1185.84419776   
1179.17389798   
1178.73092125   
1174.92307899   
1185.78623149   
1176.13964381   
1167.70474916   
1215.11330603   
1174.84728305   
1177.07433831   
1181.02669563   
1168.01595775   
1166.92679170   
1165.97194206   
1173.53684804   
1169.86743625   
1177.82425841   
1170.89022088   
1179.83173135   
1165.96921588   
1176.70610022   
1173.35984475   
1187.18266755   
1181.75395845   
1181.98978455   
1217.11503837   
1174.73178769   
1206.02016995   
1165.40145839   
1196.80578147   
1177.14023018   
1172.50124784   
1168.43165756   
1167.15026144   
1175.95697721   
1178.93480769   
1177.53945481   
1178.59062395   
1179.25055621   
1179.69164399   
1165.82286234   
1188.66510265   
1200.73461621   
1175.01123543   
1195.44210538   
1169.09383959   
1191.32315661   
1173.34312305   
1183.24963202   
1173.69301417   
1186.22807451   
1172.73990047   
1187.61501995   
1171.20945331   
1185.39777106   
1180.01217131   
1169.87710833   
1185.34148609   
1165.50267057   
1169.63787098   
1173.43730918   
1201.10433872   
1190.20170583   
1180.08539321   
1183.87650037   
1175.27108339   
1178.41482859   
1195.52834804   
1174.81704119   
1180.89055241   
1181.76700590   
1169.89683276   
1174.81124562   
1173.62491291   
1169.17551862   
1187.17463646   
1168.86614484   
1167.29303569   
1164.51250953   
1171.91748093   
1171.89040552   
1169.62000274   
1171.76399492   
1188.74301421   
1169.31454301   
1175.91272809   
1179.54375493   
1185.72826569   
1175.95312493   
1180.73824685   
1168.65598027   
1204.59715821   
1168.94220778   
1167.48744829   
1173.58084979   
1176.90400553   
1175.93372725   
1184.72588012   
1166.73322123   
1168.10272626   
1174.05664051   
1198.57656520   
1176.45627069   
1180.09984464   
1171.39839888   
1175.72371747   
1178.43480315   
1177.52751050   
1183.23191669   
1163.75169045   
1172.86586024   
1169.26494580   
1164.87878652   
1171.42496590   
1185.09595012   
1172.60030283   
1163.48280331   
1188.86639167   
1195.95479583   
1172.15693240   
1184.44622151   
1180.91217175   
1168.45399825   
1179.94179309   
1179.65565633   
1189.04141292   
1175.85587894   
1164.32417152   
1180.01168966   
1184.11676571   
1172.97665640   
1166.20017478   
1174.00776481   
1180.17860165   
1198.62043767   
1173.09873136   
1180.34620646   
1186.31108379   
1182.22930376   
1178.94610883   
1172.51444561   
1178.96006850   
1172.68888748   
1184.30752342   
1193.89570011   
1192.43175048   
1188.21325929   
1184.60763545   
1203.71420830   
1175.57958018   
1184.34972094   
1237.90245784   
1179.02375268   
1169.61321345   
1169.67349556   
1179.28456031   
1193.79079760   
1172.56712108   
1183.01822702   
1177.75739538   
