1693.81254367   
1672.28662356   
1618.33712826   
1570.14286339   
1520.62146856   
1422.54846972   
1368.57164998   
1350.25064977   
1293.80329279   
1262.35857097   
1265.43305869   
1248.31941702   
1244.65109350   
1244.49511013   
1245.86874668   
1232.13742674   
1231.01298385   
1231.51072838   
1218.54385410   
1211.83719419   
1207.71225660   
1189.58718086   
1191.24854991   
1182.98240499   
1182.47179461   
1182.24476308   
1178.21874824   
1174.28709847   
1178.17368362   
1172.61368831   
1164.70731592   
1164.19225751   
1160.76494724   
1164.17239992   
1165.10483375   
1166.71617813   
1163.94899578   
1164.85550794   
1165.72495216   
1165.56953953   
1164.45262972   
1163.90291341   
1163.87986947   
1165.08364450   
1165.13256465   
1162.67946777   
1162.70576663   
1162.32741207   
1163.94494419   
1166.47964327   
1166.92295087   
1169.50640929   
1169.39257416   
1167.73318315   
1163.40310963   
1163.72107676   
1164.92089748   
1169.10804258   
1164.11404634   
1164.07069721   
1165.24408795   
1163.11131923   
1164.58345788   
1163.15680417   
1165.11775452   
1164.92167340   
1165.43481896   
1165.19991270   
1164.40390212   
1166.15357522   
1164.32415503   
1169.36018718   
1164.32547444   
1164.31104380   
1160.82940319   
1162.20219327   
1163.44504940   
1167.50474970   
1172.80610680   
1171.46912760   
1168.80172606   
1168.46640335   
1170.27375364   
1170.40157133   
1165.00657826   
1164.36502983   
1165.66753028   
1168.19029093   
1167.48836466   
1169.10773422   
1168.39500941   
1168.08157661   
1173.10598261   
1172.33356201   
1171.26306682   
1169.81847680   
1170.35910665   
1169.19823388   
1174.77852712   
1174.61298139   
1175.03545701   
1171.90399308   
1168.87667091   
1170.16674186   
1170.56235715   
1162.86853789   
1163.49894709   
1160.55702310   
1161.59060818   
1162.34568068   
1162.72845152   
1169.48060771   
1163.80986418   
1166.52975793   
1177.36822115   
1170.27618874   
1161.12375042   
1163.63100033   
1165.31374517   
1163.15869303   
1160.72822201   
1164.89953883   
1163.10173177   
1162.50165671   
1164.02838426   
1163.84039479   
1161.20151779   
1162.29780884   
1167.15026144   
1165.82286234   
1165.50267057   
1169.17551862   
1168.86614484   
1167.29303569   
1164.51250953   
1163.75169045   
1164.87878652   
1163.48280331   
