775.71161041   
761.01350106   
703.63023344   
681.49999538   
658.19918478   
650.19383754   
633.84264253   
626.51124161   
612.71014587   
600.62324509   
600.48902985   
591.66134979   
586.35316863   
576.85526412   
574.73498276   
553.65050017   
538.65694984   
537.32519225   
523.89508704   
519.77147726   
519.60556926   
520.61867567   
518.92950466   
520.25039751   
519.87237015   
522.28329619   
519.83846123   
520.18855523   
521.83537930   
524.94843177   
526.03120591   
522.25155652   
525.91803261   
523.04886306   
529.67074470   
532.76203639   
526.75986878   
528.31645768   
524.72660668   
523.20973179   
522.51521404   
524.56230627   
528.50234089   
527.31883332   
525.55205888   
522.95889986   
524.47644535   
525.99879142   
524.12844085   
523.96364432   
523.79485052   
524.27843155   
526.27883896   
524.39337399   
522.31073331   
525.44514748   
525.33346729   
524.07907385   
522.17370038   
522.36059850   
520.02941378   
523.51963807   
523.38968638   
519.44756361   
527.93625864   
520.38926323   
519.97135822   
518.27693791   
519.20014146   
523.87905770   
525.31487793   
526.53717997   
530.21261469   
528.05081824   
524.28172429   
521.30719086   
521.10852064   
522.36385533   
520.18399964   
520.36103373   
519.98052635   
522.29741935   
521.19366301   
518.19753116   
518.37254476   
523.46215461   
521.51901883   
518.81100969   
520.11952436   
520.49953446   
521.44920373   
520.23698163   
521.80463815   
520.73386254   
522.93315268   
520.86206914   
517.35741825   
522.95853477   
522.87290218   
522.31125531   
518.68671050   
520.66586515   
519.62336039   
520.73745925   
521.23309950   
519.48051763   
520.33383626   
518.92618357   
522.52933373   
519.80852389   
515.97571096   
521.00682310   
527.30742117   
522.96101274   
519.60588028   
522.38436740   
523.48443129   
517.61575846   
515.64955019   
523.70709402   
520.72134900   
520.05612327   
519.97124142   
520.46150440   
519.71734629   
520.85281844   
519.67244524   
525.05908451   
521.08533196   
517.61587848   
520.09225227   
515.73247537   
516.23854113   
519.94716749   
520.61347971   
519.64935062   
521.38560833   
521.28937506   
519.56886547   
517.75510224   
519.13221997   
518.62014204   
520.64958640   
521.91243377   
521.64437175   
517.30269761   
520.02574229   
520.95622726   
516.37740151   
520.20523288   
521.37408988   
521.00418462   
517.67584468   
519.37192746   
519.07671929   
519.83356848   
523.13909857   
523.97472529   
518.41927316   
518.46515846   
520.46326991   
520.16306079   
519.58973582   
518.83297082   
520.41887281   
521.30631536   
520.54376879   
521.14783445   
523.14815012   
519.32416996   
518.31087751   
515.63373343   
516.58988179   
517.42825118   
518.21197046   
515.60057796   
516.23896070   
516.38190219   
516.06541880   
516.55582804   
517.63417570   
517.84290776   
519.33252877   
520.69844158   
520.91988522   
521.01399460   
519.42372327   
520.80785558   
520.55426213   
520.49146092   
521.51272288   
522.02795464   
523.57287965   
520.32140460   
517.49482415   
517.70809128   
520.29653351   
517.09816473   
517.73253422   
520.00639029   
518.08621965   
518.73796666   
516.99479615   
519.49426654   
519.37310173   
521.71911664   
519.77048072   
521.00196962   
520.10350641   
520.85038381   
526.75786110   
523.68620890   
521.69752818   
517.16631072   
520.64869061   
518.23083921   
517.86749388   
518.95334471   
519.85127017   
521.50227780   
519.58899774   
524.21574113   
518.59843586   
517.71626861   
517.99082930   
521.64983466   
518.72004971   
520.79318051   
520.35906308   
520.82948045   
518.20531756   
520.89739270   
521.39946577   
524.67974009   
524.27247511   
524.25965433   
523.00128000   
530.45794162   
530.68487909   
528.02589209   
527.92607076   
527.38849610   
525.71579259   
523.74090149   
520.57354566   
519.11438531   
518.64687268   
519.00970309   
520.62653924   
518.63302733   
519.29630869   
521.58435833   
518.65191286   
518.28300644   
521.29750852   
519.88564360   
522.84236758   
520.04709569   
517.97563316   
521.16132242   
521.24538413   
522.52505156   
524.48011324   
523.05188644   
520.23788577   
517.99962860   
518.56305486   
518.47356473   
516.16812540   
516.70961591   
517.05644437   
516.60651125   
518.68915976   
519.64583441   
520.69078156   
519.91231583   
516.48097348   
519.42390422   
517.11516244   
521.12143447   
518.90680423   
523.06495676   
523.38258772   
521.68639517   
520.93776451   
522.27293751   
521.67949783   
519.54350219   
519.93417129   
518.59193233   
518.36720476   
518.63586881   
520.16087361   
522.99027289   
523.81812301   
522.44115139   
521.52709374   
518.91558979   
522.28290046   
523.78116383   
521.38785737   
522.22627842   
522.36921078   
521.49018211   
518.90348811   
520.46758975   
518.94981257   
519.76912215   
517.48158660   
521.46063036   
521.25180718   
518.71106984   
520.77363480   
522.65949817   
522.79908616   
524.07274939   
516.89652012   
521.05817185   
520.18205787   
521.27331890   
521.17574544   
521.61063715   
522.41958372   
520.65818920   
521.60903741   
518.08528141   
521.37830180   
522.98684666   
523.66966958   
524.58861214   
521.41019128   
525.28717034   
521.76020882   
526.78421467   
522.50399150   
518.22555156   
516.73684559   
518.29037262   
518.96739992   
517.96500841   
519.18253349   
522.84319291   
525.31677919   
525.99980865   
526.35455121   
525.82701126   
527.11897647   
527.70018172   
523.65737011   
518.85843672   
516.52672924   
519.86782942   
524.51416716   
521.84168203   
520.90362709   
520.33789510   
522.69701404   
523.86722213   
520.09222164   
524.15010982   
523.01878400   
528.45098415   
525.11951781   
525.72235022   
522.70462937   
524.44286001   
522.33264878   
520.69891802   
523.25976584   
521.91921661   
524.65050517   
524.20204883   
517.82700157   
517.95216541   
519.05298092   
516.43879358   
