1800.70612598   
1706.86486885   
1696.77919553   
1772.33007736   
1798.98682448   
1756.84252501   
1700.59040143   
1822.74043144   
1655.48670507   
1593.05726667   
1641.26210290   
1500.11903775   
1525.38346566   
1489.45722136   
1636.79633598   
1474.13808195   
1467.38803947   
1535.83017063   
1802.51188538   
1493.70173709   
1556.29453097   
1417.73474273   
1380.16125700   
1402.23299898   
1323.84405749   
1362.80517706   
1290.48172079   
1257.04320651   
1273.72005376   
1226.97249283   
1243.69092930   
1211.10453592   
1260.89443247   
1191.28134771   
1207.54496194   
1177.18429371   
1181.33668529   
1193.15575412   
1172.44165480   
1171.03757986   
1168.18976096   
1183.52599720   
1181.14029786   
1190.00359380   
1176.66173054   
1171.74906545   
1189.99088431   
1188.40989503   
1182.24919898   
1188.96902377   
1178.97167633   
1179.34257564   
1182.67281080   
1188.24546118   
1181.12252992   
1182.78781889   
1173.78340546   
1188.13295079   
1177.84803959   
1198.26901731   
1179.06930550   
1170.19377154   
1179.02160254   
1187.88760581   
1179.43424951   
1178.41473601   
1167.00676580   
1207.76290132   
1196.60624409   
1174.53197400   
1180.75879621   
1186.28557376   
1181.34218714   
1172.48344217   
1196.77806476   
1168.89866066   
1181.88549021   
1170.71138863   
1186.89495550   
1174.66650320   
1184.69438696   
1175.82150516   
1202.02468758   
1193.96241221   
1182.94414374   
1177.42740409   
1180.59501824   
1199.78316695   
1174.32805414   
1168.74564126   
1174.65549504   
1177.99842768   
1193.36816177   
1178.41977146   
1174.24520714   
1177.65655552   
1199.73822242   
1192.43211954   
1210.43547649   
1177.00763321   
1172.24423433   
1169.78595654   
1185.67721975   
1180.79923391   
1181.95420477   
1178.14922228   
1183.17794607   
1190.73216186   
1205.75205355   
1215.02015316   
1170.63863032   
1163.10295552   
1171.51149261   
1170.11501490   
1169.47475177   
1164.99473654   
1174.40428608   
1175.98152808   
1177.96161389   
1169.14360437   
1164.92959201   
1172.19576524   
1172.01966579   
1167.98298009   
1168.31944645   
1179.12382971   
1182.61395833   
1180.91386326   
1184.53812329   
1179.86928900   
1179.12377277   
1196.35109120   
1234.69096541   
1187.07734736   
1197.59401349   
1198.69606808   
1213.91104194   
1198.46451564   
1172.63972929   
1175.65662608   
1171.07678025   
1203.82994425   
1168.50266679   
1196.15687236   
1174.69265460   
1213.63327776   
1167.65749373   
1192.67290848   
1190.63126759   
1193.22357650   
1179.14940094   
1172.51458560   
1170.83594751   
1192.17999958   
1187.43643737   
1175.45223800   
1175.43975846   
1175.36540026   
1175.40066561   
1184.44359981   
1175.38053367   
1177.45838003   
1161.61887552   
1183.61202278   
1177.52881695   
1177.63304548   
1173.73718542   
1190.62742727   
1193.55453212   
1189.11438587   
1184.58483281   
1183.03555339   
1182.91998812   
1170.72972637   
1187.44207084   
1170.57244033   
1175.50946868   
1176.29907819   
1175.24726073   
1166.43932446   
1172.49524180   
1173.86901498   
1177.90400431   
1171.08634168   
1169.17763976   
1175.37662477   
1179.48534842   
1169.66745531   
1201.92119427   
1177.87531817   
1176.06318940   
1168.44345392   
1174.12334851   
1173.53134199   
1177.44988024   
1172.21959963   
1169.96750810   
1172.49970956   
1175.53428965   
1177.22922394   
1173.19021594   
1170.05610127   
1189.33329814   
1183.42070618   
1166.46831482   
1172.91648756   
1171.31166262   
1168.46181634   
1167.34302633   
1178.40388768   
1196.69843907   
1175.58599376   
1171.59300584   
1177.96337367   
1193.60282888   
1175.18655241   
1167.28339439   
1180.49198616   
1174.26212164   
1181.96312690   
1176.26740676   
1172.96840131   
1174.59330231   
1174.97910950   
1179.72892265   
1172.98805044   
1177.95186783   
1174.09168232   
1169.62003601   
1173.24959023   
1183.15270113   
1184.73825521   
1188.95509635   
1172.78302044   
1172.28591273   
1172.78311350   
1188.01610176   
1170.99364464   
1197.33784684   
1169.47397505   
1164.43074947   
1184.85702810   
1176.34965288   
1179.92256550   
1181.84127128   
1177.69517793   
1168.73581175   
1182.83249305   
1170.27776967   
1174.12871837   
1192.13322089   
1174.51515402   
1171.62305717   
1169.67197865   
1169.33572164   
1168.20828640   
1182.80210595   
1177.31973817   
1183.81891940   
1189.05095302   
1176.79777380   
1169.32432643   
1171.90108633   
1182.27490697   
1163.10583364   
1167.63983966   
1174.02286669   
1170.58664359   
1189.23864948   
1178.28730733   
1177.52498294   
1162.79084257   
1169.22244523   
1179.72901823   
1177.62759052   
1169.21974074   
1171.02759113   
1174.21914954   
1169.20395884   
1167.34875812   
1164.40771729   
1177.32164510   
1196.15925600   
1188.33965022   
1167.75784702   
1178.26024332   
1178.17567808   
1177.24816462   
1169.17648290   
1167.61299001   
1189.10961911   
1183.49050724   
1164.29575261   
1197.11040510   
1240.73826887   
1164.87143369   
1199.10288555   
1169.21685644   
1181.95151684   
1180.68832865   
1166.77725475   
1174.01097141   
1175.88175469   
1179.56883259   
1175.33241512   
1184.40934970   
1207.91155671   
1178.52046961   
1175.27365638   
1188.06826309   
1167.60892833   
1198.55954365   
1169.58528306   
1177.35560942   
1192.37679421   
1173.05177574   
1171.32762122   
1181.20030206   
1211.22803747   
1165.17532638   
1181.37446993   
1187.21393118   
1178.16160621   
1178.43865087   
1171.93518835   
1178.55485768   
1173.11500555   
1173.04138224   
1201.36103122   
1192.16747604   
1191.58675643   
1190.07877037   
1169.57816511   
1166.33133018   
1187.74044122   
1187.99031167   
1177.31801732   
1173.79912366   
1190.30299278   
1207.25983124   
1182.51533716   
1178.87298595   
1198.40838063   
1175.07495427   
1169.25750597   
1185.42911162   
1174.21387212   
1166.75757677   
1179.62064951   
1166.92025085   
1178.36740056   
1170.81172877   
1171.70582955   
1185.78916922   
1195.62947760   
1176.72789628   
1216.98353064   
1175.59214757   
1187.37823702   
1188.81672048   
1189.63744871   
1172.84232424   
1191.52892183   
1179.50019786   
1176.33380532   
1174.43793243   
1177.93158268   
1177.47206924   
1167.13283689   
1208.52442095   
1175.61047424   
1172.03123741   
1179.79556855   
1181.12885582   
1171.38849580   
1173.81970615   
1173.48689942   
1240.24248149   
1201.41244341   
1191.28363435   
1176.12454450   
1185.15241188   
1204.87585590   
1179.91743217   
1182.97884789   
1186.57043110   
1172.18300516   
1172.87159637   
1170.65612119   
1175.89238591   
1168.06339114   
1163.68555157   
1175.44222119   
1201.96297779   
1183.79104401   
1181.20926041   
1176.55619245   
1180.81548983   
1173.64717124   
1170.39707217   
1201.68446647   
1174.07780798   
1168.22631946   
1176.06752986   
1168.70754741   
1173.08627045   
1177.93988004   
1180.47927150   
1163.23015023   
1181.01422918   
1205.04813631   
1169.42505457   
1179.89802717   
1165.26600759   
1183.04468675   
1196.65555788   
1171.35836881   
1179.42072560   
1169.27645412   
1179.34249516   
1172.56459530   
1174.86973569   
1171.96583072   
1176.78834007   
1195.77521746   
1177.70336053   
1173.72691798   
1186.10297021   
1193.47352211   
1194.45686223   
1178.19958575   
1193.06645899   
1215.26243987   
1184.31389576   
1177.23460078   
1179.77073646   
1191.47757023   
1187.29223396   
1187.81687468   
1183.91429605   
1171.09767409   
1171.12104308   
1170.36343734   
1205.28661172   
1182.70743777   
1193.84857610   
1198.56472875   
1181.56511851   
1189.70482354   
1164.48130357   
1164.84804817   
1168.31601080   
1168.93532608   
1200.00289062   
1174.56132386   
1175.05464279   
1169.53133357   
1172.42126023   
1177.16555142   
1176.31134654   
1187.29378726   
1178.84900029   
1186.34305587   
1186.48189401   
1185.65932345   
1172.34754675   
1178.05948671   
1180.99600244   
1178.24155543   
1179.40273192   
1172.34595149   
1170.69908449   
1181.84301377   
1170.70931678   
1174.89359631   
1197.01233793   
1192.19802751   
1175.25074492   
1174.54435648   
1176.16673902   
1168.51948660   
1174.74547270   
1177.35271986   
1183.97907785   
1173.58445361   
1177.90478791   
1192.62635629   
1175.96887363   
1215.80661107   
1174.14020061   
1172.66886896   
1183.78051023   
1174.89114954   
1183.46248328   
1173.62379235   
1184.54045668   
1168.86678760   
1168.48562678   
1173.75568587   
1171.44170147   
1209.66889615   
1174.99740640   
1195.04945593   
1188.60101919   
1202.86597485   
1182.10317500   
1182.33491118   
1178.50873834   
1194.31158531   
1177.80723366   
1173.30821254   
1176.84779818   
1166.98759314   
1189.24107442   
1193.82029235   
1166.00072975   
1169.63260783   
1185.27980313   
1204.80128532   
1172.28525546   
1187.99855084   
1164.48476698   
1169.31585418   
1171.28196921   
1192.57316056   
1178.92801583   
1176.59098548   
1172.31644335   
1179.82312995   
1176.15363864   
1178.16824709   
1182.62525236   
1194.52486941   
1198.77682884   
1199.95323127   
1174.41451840   
1174.75706615   
1167.46934604   
1183.79338788   
1169.61177505   
1186.70389070   
1172.18561268   
1168.20733731   
1171.90004510   
1183.82400019   
1196.67474482   
1175.53362928   
1199.99324642   
1183.67237830   
1181.05543727   
1171.84573599   
1188.13258515   
1199.02897042   
1176.19133945   
1173.11681522   
1177.11799566   
1159.68256705   
1170.66438109   
1190.40445875   
1169.73461237   
1190.56458687   
1175.50047808   
1166.13418595   
1195.91686572   
1164.79502820   
1162.33021056   
1175.90664475   
1176.64064708   
1217.40706684   
1164.68286233   
1178.06632845   
1167.51476815   
1166.50714100   
1182.00169268   
1171.80242693   
1176.59623326   
1177.59955400   
1176.72034969   
1176.66246634   
1169.12933578   
1179.25995848   
1204.07009963   
1176.93126024   
1168.18410113   
1179.24848685   
1190.93817867   
1175.28526248   
1169.94088126   
1196.20309688   
1183.00194709   
1204.81978676   
1171.87571184   
1199.79336209   
1199.01365290   
1172.79382698   
1190.94794514   
1200.91953833   
1176.65454587   
1214.12290962   
1185.85508031   
1189.18392275   
1165.95607622   
1171.90318930   
1177.06432806   
1186.22587425   
1188.87239119   
1203.77263547   
1173.65304369   
1166.59835102   
1175.60917468   
1174.59423757   
1175.87381819   
1172.73760255   
1185.33463224   
1171.52657224   
1189.70824280   
1181.78268090   
1177.02674864   
1172.68255439   
1188.40316962   
1181.68149883   
1176.07964254   
1183.09106910   
1188.52373119   
1182.69248419   
1181.38704451   
1187.92726848   
1174.21888828   
1180.86151338   
1179.51074069   
1173.80097680   
1208.20998914   
1185.70255719   
1170.37605449   
1175.09136089   
1191.58695765   
1177.50812656   
1177.52754963   
1212.70596646   
1200.30603866   
1174.56770432   
1176.14767242   
1203.49705904   
1174.96946477   
1182.69894376   
1191.88971260   
1215.23259686   
1177.68494388   
1203.16353550   
1206.68195619   
1186.48664911   
1180.28699777   
1233.90659385   
1185.70473032   
1185.86367288   
1174.07062362   
1175.39148214   
1171.27081914   
1177.51059149   
1175.29984760   
1176.97098615   
1185.01221623   
1179.47411821   
1184.76030610   
1167.30524934   
1213.83216413   
1202.13410610   
1182.60186420   
1177.38764714   
1177.46727143   
1182.23512631   
1176.34925421   
1214.14275357   
1190.49155870   
1173.12184030   
1168.00457875   
1188.40868041   
1181.12762156   
1193.17819406   
1172.98551663   
1186.43144914   
1199.51764665   
1188.71344136   
1183.82397433   
1173.28797019   
1174.34509646   
1172.74721492   
1199.50833291   
1178.76594929   
1172.06564399   
1170.81479825   
1186.00506127   
1203.44593876   
1227.58903553   
1189.17933807   
1169.92762352   
1178.82431930   
1172.86324820   
1173.92294873   
1171.19271168   
1174.81862153   
1174.22008159   
1178.28497427   
1168.28962882   
1178.62136268   
1183.79353764   
1168.45349540   
1167.13273244   
1177.41282370   
1170.97580983   
1190.66793164   
1194.28098645   
1166.74073787   
1181.43687289   
1169.70311504   
1184.09712717   
1184.99780887   
1196.25152974   
1184.07929366   
1183.56548821   
1169.98809652   
1167.61213979   
1181.57194526   
1173.18131075   
1169.11906547   
1183.55335505   
1177.64318446   
1172.48283894   
1183.11420240   
1179.88068924   
1190.97534436   
1178.48549134   
1189.94909946   
1189.33536038   
1172.21350003   
1185.83508891   
1197.54307671   
1178.09834252   
1166.08184832   
1195.24310303   
1173.40355642   
1183.63877031   
1182.75491284   
1172.20538352   
1176.95141161   
1170.29588643   
1195.14645514   
1185.03918722   
1182.92975946   
1172.47949695   
1169.26497746   
1165.32872441   
1174.74787243   
1171.38196191   
1180.13719884   
1175.07014227   
1171.62012383   
1181.68054967   
1169.10626896   
1177.13037090   
1170.45130836   
1191.36588996   
1169.96293032   
1193.47260080   
1182.55216189   
1185.27844292   
1172.51672392   
1185.32565487   
1189.09263629   
1206.01034326   
1173.98387730   
1205.78284963   
1169.08353055   
1183.33905290   
1192.32586182   
1202.76494295   
1180.22336018   
1186.57011450   
1170.02033902   
1177.36429439   
1168.92269694   
1174.72454401   
1174.81768660   
1181.01578852   
1168.17650137   
1183.62070771   
1165.03950513   
1185.80652745   
1183.30077631   
1172.94503875   
1184.78308656   
1178.30773282   
1189.01270721   
1182.72552447   
1211.90446756   
1203.54050501   
1172.63879871   
1200.34266414   
1173.22688963   
1177.86867904   
1173.22731208   
1170.08839415   
1199.54038465   
1164.31229510   
1163.12117288   
1189.06822214   
1186.19498295   
1176.05314209   
1172.32884917   
1209.47186413   
1188.06674757   
1176.75479308   
1168.69115500   
1183.57635037   
1182.61448014   
1173.12515114   
1215.15746724   
1171.32635379   
1182.36165214   
1174.78849842   
1197.25569437   
1177.39188783   
1174.84393899   
1169.06573003   
1174.60312493   
1182.17287931   
1162.79533609   
1175.44907458   
1164.54224604   
1164.52556382   
1176.72910362   
1163.11792162   
1183.43423606   
1182.91857282   
1174.90257663   
1175.81636575   
1252.74920729   
1163.51906665   
1175.94125802   
1166.51293326   
1180.52608372   
1182.39885380   
1189.64037190   
1187.16862229   
1196.04444874   
1176.84740157   
1174.76987957   
1177.08770416   
1167.58148058   
1185.55362196   
1174.03107940   
1166.90916237   
1181.94631230   
1164.17227144   
1174.79558852   
1207.20996345   
1188.25568624   
1180.28390338   
1190.76186943   
1190.53281964   
1178.07040564   
1179.49229208   
1183.60582035   
1206.51568332   
1172.25124116   
1181.04330742   
1174.37954026   
1228.05465361   
1175.53159776   
1165.62640961   
1185.47103710   
1182.21737656   
1196.64506571   
1177.80882032   
1173.81271063   
1181.63077824   
1175.38861804   
1179.40998856   
1186.85744305   
1166.40009785   
1168.00957412   
1177.63387682   
1178.76420094   
1172.47240230   
1167.65285370   
1166.70206609   
1181.10492949   
1168.18772058   
1172.44745991   
1170.82613726   
1180.22761550   
1186.30630181   
1167.52946697   
1176.10384805   
1182.07726295   
1200.09145420   
1180.69973664   
1180.13191955   
1179.06487055   
1181.47287206   
1181.05826357   
1173.44061363   
1191.41039562   
1192.60024872   
1169.47320623   
1210.26510072   
1178.81280148   
1205.91867273   
1171.35379550   
1190.77576605   
1171.84171564   
1178.90467746   
1176.59233119   
1194.37238870   
1173.94448410   
1169.36369599   
1173.51703023   
1214.24000551   
1218.09995045   
1189.50789389   
1187.22125136   
1178.87861384   
1171.02013684   
1189.39794689   
1215.77925616   
1173.93684108   
1186.85183953   
1174.94948391   
1186.32293238   
1183.36428468   
1165.65367696   
1163.77823290   
1181.81520524   
1200.71219198   
1177.49821829   
1189.23939424   
1179.52050068   
1181.83607032   
1169.60409639   
1176.80922924   
1189.86389353   
1171.91350484   
1171.37817146   
1174.05553564   
1175.36638725   
1175.65322697   
1195.79718312   
1197.94396272   
1186.57845465   
1168.92006922   
1179.29162187   
1173.26080790   
1174.85894248   
1178.75839651   
1243.29140769   
1168.54166996   
1179.27556684   
1164.00805158   
1178.08600331   
1184.69434014   
1202.16097501   
1181.16826945   
1177.48913280   
1162.52763355   
1166.27846999   
1175.62302262   
1162.26986715   
1171.74572830   
1167.62708163   
1175.71426631   
1179.22485279   
1187.58426742   
1186.78613940   
1172.20450650   
1180.48090559   
1182.31213109   
1204.90563226   
1176.64499939   
1215.23870919   
1173.37273775   
1183.23767093   
1184.54686078   
1192.63862350   
1171.41072578   
1165.42179116   
1187.43243752   
1207.16778630   
1170.69068503   
1183.69676433   
1169.99069859   
1174.62591519   
1162.70590009   
1177.63814798   
1179.08432553   
1180.35522359   
1173.75953379   
1170.02920458   
1169.77826236   
1204.74447870   
1169.37464739   
1163.16638113   
1174.93357017   
1177.61441068   
1166.00198112   
1177.17188080   
1168.48192364   
1186.56741154   
1214.79106997   
1182.34193181   
1180.00873976   
1178.75550542   
1170.11312142   
1183.34401130   
1168.17179321   
1186.39498880   
1172.88114960   
1176.17669745   
1180.13325355   
1171.81225902   
1184.33461988   
1188.38426938   
1191.42572426   
1170.49299305   
1180.84088456   
1167.94009413   
1181.07396457   
1170.61953548   
1170.72326306   
1165.31476195   
1217.35943168   
1171.84592164   
1183.64717849   
1201.11623261   
1168.66053035   
1181.29547183   
1163.68835231   
1170.18961314   
1173.44819305   
1179.39929737   
1175.78979719   
1166.01896531   
1171.61675932   
1178.78022668   
1164.12551625   
1177.82052601   
1177.89920626   
1184.33395916   
1164.85347392   
1181.00160229   
1201.24000907   
1170.32766603   
1166.14203666   
1176.68720505   
1177.54306458   
1166.94396365   
1181.57968138   
1164.98142301   
1180.78335635   
1182.80755314   
1176.51183608   
1172.70200134   
1167.23119236   
1169.85238622   
1176.05162193   
1187.35735009   
1176.64832235   
1171.88458683   
1233.68836889   
1169.72453432   
1166.68762557   
1180.67975258   
1179.87045177   
1180.50174253   
1163.82198859   
1171.39744620   
1176.02821672   
1181.09573283   
1179.00341948   
1174.63228893   
1196.36038626   
1195.95682794   
1218.82783410   
1171.72813671   
1185.77087215   
1168.06135544   
1182.64856022   
1166.99710791   
1172.69995377   
1163.33221485   
1187.40120625   
1164.42862012   
1189.87524622   
1204.41329821   
1190.41130924   
1170.99056083   
1216.49259210   
1185.79661277   
1174.69375378   
1175.76315150   
1166.51996719   
1178.70598588   
1169.97259184   
1181.41504962   
1172.62911418   
1183.74077365   
1188.08522437   
1198.22506864   
1174.97090340   
1181.29739371   
1181.67507007   
1170.12975440   
1194.36615598   
1177.66937038   
1189.26377709   
1184.23005729   
1191.48374658   
1184.00086522   
1180.70747663   
1183.71788499   
1181.42469551   
1170.85147186   
1189.77758410   
1175.89555186   
1190.91476040   
1174.88235296   
1189.38215656   
1183.98121896   
1178.12832010   
1182.90470732   
1192.16934107   
1197.37357081   
1170.44298510   
1177.12827243   
1184.70767550   
1169.83598280   
1184.09976232   
1164.01439035   
1174.55288350   
1168.54214849   
1177.80930030   
1162.20081168   
1183.02940116   
1179.52585151   
1177.45714924   
1170.48541670   
1175.60881830   
1179.81108160   
1180.35289434   
1169.37158637   
1170.78578464   
1164.00702537   
1182.29151393   
1181.52652509   
1171.19093495   
1162.74426249   
1168.18168147   
1169.56242799   
1174.60443281   
1173.04479057   
1184.73130533   
1163.05631892   
1173.27085313   
1187.69041007   
1201.49082497   
1174.22860044   
1183.00972085   
1177.51752843   
1164.91920285   
1173.58933626   
1174.20409131   
1167.25245235   
1171.73729543   
1168.91562169   
1170.29394494   
1177.69675265   
1174.89161102   
1165.76990274   
1199.16926994   
1169.19074282   
1176.72176134   
1200.74045045   
1159.95124493   
1173.21467440   
1167.01053483   
1228.95880595   
1176.92601462   
1161.98170727   
1188.58520603   
1180.33314228   
1175.11746080   
1170.06670640   
1164.19896365   
1176.18532275   
1165.80535157   
1173.70536779   
1169.33622674   
1195.84626738   
1173.91540163   
1188.68079105   
1169.55465534   
1160.97586338   
1178.18472345   
1176.85779458   
1174.16148352   
1176.63271918   
1161.81766220   
1179.36711945   
1164.70623285   
1182.45959325   
1169.95185711   
1164.62169310   
1176.08384427   
1171.94348927   
1178.68216294   
1177.78942023   
1167.78792206   
1177.85293298   
1168.01589908   
1166.17293879   
1190.74226221   
1181.58209164   
1174.31981234   
1170.72331293   
1171.83374254   
1163.91318360   
1183.17363495   
1174.10838045   
1177.14882346   
1179.61484848   
1186.93839438   
1163.86159349   
1162.24344310   
1177.97358195   
1180.47080928   
1190.45886662   
1204.59174872   
1178.81703731   
1161.80966331   
1183.86848766   
1175.82102996   
1197.89022060   
1182.98927122   
1182.64366752   
1183.31045466   
1167.07981715   
1189.62897437   
1191.49129716   
1167.28679112   
1204.68413987   
1161.50820120   
1171.10692059   
1167.51460764   
1168.74148690   
1190.28601676   
