1709.92157234   
1696.81192851   
1609.04438418   
1598.17222112   
1582.18516803   
1556.38244049   
1505.00020468   
1442.23725692   
1340.59709925   
1298.16120717   
1262.65879291   
1250.08742443   
1240.28971905   
1239.92349883   
1226.83566650   
1216.37406104   
1204.97275000   
1203.46435955   
1200.64159887   
1194.16937403   
1188.26370156   
1189.30914325   
1193.82862100   
1190.99485603   
1190.78889843   
1191.16814540   
1186.76807026   
1185.07438445   
1177.54401810   
1181.33774329   
1181.09959296   
1178.52904650   
1180.86988855   
1176.74995437   
1175.19774587   
1171.39516893   
1167.73552808   
1167.47477929   
1163.11767171   
1163.90143427   
1165.67451702   
1164.44697994   
1163.19103366   
1165.05184318   
1163.61526628   
1167.00253702   
1164.58592664   
1166.86936941   
1167.79078198   
1166.02795104   
1160.73534872   
1162.69464153   
1170.92829625   
1166.93385426   
1162.67974001   
1167.68531746   
1170.20493261   
1179.31951197   
1170.15262002   
1168.68750985   
1160.80081752   
1164.43950530   
1163.35677857   
1162.12990189   
1162.66430007   
1166.15890792   
1165.53544509   
1169.61321551   
1170.04854054   
1161.35234187   
1161.92683949   
1164.58782617   
1167.50212992   
1167.23445981   
1169.10656457   
1173.55254446   
1169.64840825   
1165.27535789   
1168.88463667   
1171.22384064   
1163.05092692   
1165.36657272   
1163.37551972   
1162.25799618   
1167.89310522   
1169.28739755   
1166.27033046   
1164.49739524   
1164.33631062   
1163.16204538   
1164.41195375   
1168.48162188   
1169.61940771   
1166.07319271   
1171.25517102   
1170.18471123   
1168.36623241   
1163.17554816   
1163.01280682   
1161.64684177   
1165.29763154   
1167.23127098   
1167.49806942   
1170.12943366   
1170.51137862   
1171.56611137   
1166.38235758   
1167.55227705   
1168.68096551   
1169.07398893   
1174.15511072   
1169.32902731   
1169.52625684   
1165.20720646   
1164.74760867   
1169.28729877   
1170.72641253   
1165.96972810   
1165.47367582   
1162.15467161   
1165.16416669   
1163.01201443   
1163.42619030   
1162.09199642   
1164.01779833   
1164.59592777   
1163.55580589   
1164.63771069   
1170.27939979   
1162.37047289   
1162.95548184   
1164.10633532   
1168.37161622   
1168.35827578   
1164.78305218   
1165.20240770   
1165.17959175   
1169.17669415   
1168.60124655   
1163.42239316   
1164.47731242   
1165.49949415   
1164.21509952   
1169.06572323   
1171.85006874   
1165.84482653   
1165.27753595   
1163.66464778   
1168.28164670   
1165.48271551   
1162.47555331   
1163.27594804   
1160.49405546   
1160.76884532   
