1738.13550640   
1651.92982476   
1603.64146580   
1426.54597190   
1392.70269472   
1344.48940504   
1344.27265785   
1333.24837834   
1322.38750081   
1249.07713320   
1244.26764857   
1243.09858891   
1241.73584579   
1247.39392044   
1246.29028560   
1240.08079308   
1243.63430728   
1241.85218066   
1242.68017197   
1234.33878709   
1237.62350851   
1236.40351018   
1232.13316937   
1232.73276330   
1232.32723307   
1220.19832050   
1218.63275698   
1208.04823250   
1204.12144999   
1202.06278018   
1202.08888085   
1200.61512973   
1198.90477012   
1198.59399869   
1193.22599275   
1192.36385284   
1195.58098673   
1192.68813179   
1188.91801252   
1186.02221292   
1186.28222974   
1183.99815041   
1184.49948424   
1181.07191390   
1179.05865746   
1177.06316336   
1176.93355381   
1178.42702470   
1173.77452718   
1173.68981807   
1169.52649638   
1168.85170881   
1166.66777635   
1164.65446252   
1165.88760580   
1165.12185395   
1166.03104817   
1161.37358819   
1163.46165775   
1163.95592409   
1163.36072838   
1168.55398304   
1168.90246632   
1163.86687354   
1179.13545681   
1166.22582538   
1160.73750598   
1164.56652156   
1165.18877732   
1161.96381161   
1163.60071826   
1165.01765018   
1169.06674454   
1171.88068835   
1165.38528048   
1167.38203541   
1163.96895851   
1170.43187436   
1171.10501246   
1171.25402945   
1167.56656289   
1162.87835032   
1161.83224467   
1160.85369243   
1164.00847567   
1164.07323767   
1161.57386578   
1162.10363416   
1162.19071614   
1161.86238117   
1163.89060096   
1165.43280006   
1168.85804741   
1168.57783029   
1168.54894472   
1167.40367930   
1170.54096631   
1170.41349707   
1170.89851657   
1170.61546364   
1169.76295159   
1169.01422091   
1167.75914357   
1166.23087808   
1169.36049205   
1164.13430804   
1164.18876036   
1165.80056350   
1162.39083577   
1163.48464868   
1163.49868436   
1166.03077221   
1164.30016192   
1162.22588279   
1162.36776943   
1160.85705122   
1163.38492129   
1167.97672978   
1167.11309176   
1169.27964888   
1168.89916611   
1163.91899892   
1166.16089720   
1164.09133988   
1163.43184033   
1161.83167645   
1161.25355674   
1162.11934087   
1164.50074665   
1164.06478874   
1166.65435817   
1166.05689201   
1163.93917757   
1164.02016149   
