1738.13550640   
1651.92982476   
1603.64146580   
1673.33910192   
1617.34970047   
1631.73429639   
1616.65183668   
1426.54597190   
1392.70269472   
1408.28512363   
1397.76667722   
1416.03684347   
1444.54856019   
1437.00310103   
1344.48940504   
1356.67538561   
1344.27265785   
1333.24837834   
1379.93854499   
1390.24269094   
1322.38750081   
1340.26242041   
1249.07713320   
1267.67832702   
1323.61927295   
1261.31058592   
1244.26764857   
1243.09858891   
1241.73584579   
1247.39392044   
1246.29028560   
1261.01870537   
1254.90803852   
1240.08079308   
1279.06546382   
1243.63430728   
1294.50307786   
1249.06072751   
1273.27133623   
1260.28443135   
1260.41872128   
1241.85218066   
1260.50507844   
1252.21461233   
1250.64736091   
1258.91223400   
1253.98326851   
1242.68017197   
1253.64124340   
1252.72640886   
1234.33878709   
1248.37999695   
1240.10998645   
1258.74452527   
1249.41873238   
1245.70096334   
1241.14123635   
1239.14099817   
1237.62350851   
1236.40351018   
1250.38084165   
1232.13316937   
1232.73276330   
1232.32723307   
1220.19832050   
1239.11832035   
1227.99701984   
1228.58650656   
1278.09081460   
1229.30023365   
1245.22446638   
1233.58199663   
1224.78759659   
1229.61257159   
1230.48593467   
1226.55680853   
1231.04845259   
1232.62248998   
1222.67154530   
1228.96540531   
1218.63275698   
1208.04823250   
1214.97828707   
1218.12529576   
1204.12144999   
1230.62362296   
1219.00622392   
1221.19589061   
1236.01620685   
1202.06278018   
1213.45035867   
1234.59246664   
1227.80158343   
1206.59488442   
1211.04707682   
1231.62317659   
1208.58242535   
1202.08888085   
1220.57262777   
1209.05044876   
1244.94538805   
1200.61512973   
1205.47362658   
1225.26953014   
1205.37340278   
1198.90477012   
1198.59399869   
1229.74723921   
1203.52390410   
1221.12328084   
1239.42390249   
1193.22599275   
1220.38737311   
1192.36385284   
1195.58098673   
1213.30591850   
1212.24848880   
1197.34932380   
1192.68813179   
1188.91801252   
1186.02221292   
1209.98131213   
1186.28222974   
1187.37136035   
1191.03856022   
1202.91620397   
1213.18546457   
1191.82512151   
1183.99815041   
1184.49948424   
1186.96952900   
1181.07191390   
1196.19576987   
1214.85069657   
1216.71405611   
1194.46089611   
1197.83712894   
1183.63366810   
1195.22309468   
1183.74080913   
1179.05865746   
1184.74403816   
1208.17638653   
1188.18621872   
1180.24888960   
1183.42726426   
1186.85611771   
1185.84212568   
1193.03765259   
1184.89952282   
1177.06316336   
1176.93355381   
1181.73690851   
1181.25374466   
1196.07847355   
1192.50843611   
1184.05532047   
1194.99339299   
1188.51154905   
1193.14272630   
1227.00645920   
1178.42702470   
1186.08747909   
1183.31753223   
1193.19971710   
1196.43350103   
1173.77452718   
1173.68981807   
1176.23616212   
1200.21144767   
1210.95593478   
1182.06458966   
1185.43286087   
1182.33390794   
1175.25339819   
1187.36845119   
1169.52649638   
1186.16623100   
1172.21753816   
1189.87432690   
1168.85170881   
1179.84934878   
1180.36721716   
1194.96103455   
1197.95903675   
1202.48414247   
1172.25781283   
1166.66777635   
1204.60874839   
1174.08465363   
1189.08770214   
1170.93207771   
1172.95643174   
1185.93840222   
1179.85855121   
1187.36083357   
1179.10670707   
1182.81519058   
1202.68108187   
1164.65446252   
1185.42990516   
1165.88760580   
1176.44729175   
1172.05889614   
1172.68344867   
1201.11626134   
1192.85805651   
1178.44974204   
1179.37780187   
1174.77955098   
1170.08998776   
1186.17107150   
1191.13709732   
1181.03079853   
1168.53237606   
1168.71041696   
1166.53479187   
1168.03130935   
1194.22337734   
1174.31168406   
1168.09346126   
1177.15795022   
1178.51928302   
1190.42058968   
1185.06366382   
1184.43594504   
1196.64075879   
1178.21685390   
1178.20634697   
1176.44941018   
1190.41819398   
1177.85384860   
1169.06746740   
1189.98067354   
1185.44844295   
1166.71457939   
1242.41372649   
1183.68530511   
1183.11551996   
1188.87792637   
1176.43745790   
1165.12185395   
1171.23064948   
1172.14564929   
1177.50792719   
1166.03104817   
1161.37358819   
1183.41170185   
1194.19964657   
1177.88426743   
1175.31337229   
1188.65962825   
1172.82557709   
1180.00314309   
1162.59633955   
1179.02656175   
1183.45879185   
1173.25627832   
1170.05689776   
1179.87937201   
1179.37098852   
1171.43997349   
1171.74627225   
1168.70736922   
1165.49364621   
1188.41004188   
1174.15150005   
1183.43211285   
1198.73065773   
1167.56414933   
1175.51391769   
1165.25524603   
1179.26876166   
1173.29308165   
1179.85239280   
1189.08011176   
1184.63289990   
1170.31628798   
1168.91686008   
1180.76507057   
1172.69958228   
1168.12161251   
1171.03576990   
1168.61500976   
1178.02040439   
1168.67010949   
1184.96157849   
1215.69187231   
1189.52390680   
1194.80362412   
1163.46165775   
1167.25110512   
1182.87334914   
1215.01605614   
1225.48626286   
1201.54261621   
1170.12999770   
1201.66549245   
1169.58974131   
1192.03000325   
1181.06066770   
1183.42707153   
1180.19172228   
1172.13869966   
1196.46381178   
1175.69259528   
1163.95592409   
1181.58023158   
1175.84010199   
1163.36072838   
1165.66659946   
1182.99897417   
1182.57533793   
1172.10610023   
1188.13052992   
1180.44939878   
1174.34713041   
1174.77323804   
1194.06856659   
1189.01394421   
1182.74002179   
1170.43742990   
1180.24227258   
1168.55398304   
1205.78664353   
1182.54181027   
1177.38793492   
1179.78456585   
1184.04380292   
1217.27701620   
1191.34564214   
1168.90246632   
1173.97487532   
1172.27665468   
1163.86687354   
1227.48868677   
1175.75941472   
1189.30398887   
1180.61492192   
1172.61505240   
1180.13112188   
1171.96722576   
1182.18216661   
1200.67318083   
1177.60876723   
1194.43289928   
1171.13596512   
1177.29557227   
1183.35752420   
1180.23004191   
1191.91008275   
1179.44424494   
1173.57144231   
1166.28656747   
1179.13545681   
1166.22582538   
1184.61415592   
1176.76471736   
1174.08628642   
1173.79409028   
1184.03375347   
1198.58250614   
1171.28669775   
1201.03095204   
1182.11398576   
1225.67739663   
1185.61187283   
1200.57425779   
1160.73750598   
1169.12113824   
1189.92944628   
1186.83112208   
1202.27154369   
1171.43212331   
1177.07167398   
1178.92618294   
1213.09902822   
1199.04767496   
1175.68813590   
1173.78296718   
1181.71424604   
1172.72571167   
1170.31122464   
1167.91896916   
1179.79286093   
1171.05325789   
1184.47108041   
1187.17235700   
1163.66927100   
1183.71266954   
1166.40219402   
1164.66215637   
1187.53938720   
1174.74002900   
1182.40699213   
1179.78318920   
1186.31634465   
1188.53747046   
1178.61746013   
1178.18211433   
1206.98773924   
1175.52190546   
1168.53079505   
1186.36164521   
1179.15218542   
1166.90305721   
1230.85903102   
1172.46668646   
1176.52443480   
1175.01687277   
1179.95724532   
1167.13142300   
1177.77862749   
1172.87629247   
1178.06825172   
1192.09736394   
1170.30519813   
1171.43865784   
1178.35043803   
1181.84766142   
1185.63968404   
1197.41189249   
1176.54032969   
1192.47052994   
1195.91169595   
1169.83399052   
1175.65363232   
1178.20259747   
1185.12428993   
1199.24018090   
1184.51687103   
1182.73363382   
1167.41167283   
1177.29889105   
1191.44449941   
1170.44514817   
1227.87710351   
1202.49358971   
1167.62687417   
1185.52459044   
1185.52809980   
1193.99775800   
1177.05280440   
1172.63211642   
1172.34880522   
1163.00126289   
1181.39033879   
1167.08394921   
1190.96830728   
1175.42153703   
1168.78766575   
1173.87268589   
1180.85296101   
1195.29846500   
1174.16335031   
1171.79667984   
1179.64715010   
1187.92297415   
1178.88639636   
1176.01612479   
1180.44626439   
1177.73948326   
1173.64259258   
1177.47795801   
1185.76951234   
1179.90352596   
1170.71822898   
1213.63593620   
1171.48704826   
1174.88841600   
1164.42777223   
1179.52946304   
1188.18226881   
1186.93326154   
1189.04430030   
1162.53085760   
1178.97765719   
1166.79035302   
1184.02634901   
1185.98261588   
1180.85972643   
1173.42434446   
1171.96161744   
1176.68967671   
1177.82375024   
1169.13455129   
1178.19310306   
1171.56926514   
1169.77914455   
1177.39705744   
1199.88108100   
1168.14988429   
1168.64177123   
1188.36744473   
1193.13465771   
1178.82936825   
1181.61873249   
1167.55497760   
1212.25401457   
1171.57438387   
1172.51659263   
1221.70913857   
1173.60166833   
1181.06122002   
1179.98081367   
1177.62919183   
1169.09306543   
1181.97966529   
1170.64889328   
1196.57739321   
1198.04857784   
1178.13797883   
1206.32178106   
1165.48148424   
1177.14937170   
1172.58222097   
1189.48158767   
1203.07638981   
1168.38430415   
1187.97275163   
1189.61868229   
1170.64690972   
1172.21368066   
1198.80481240   
1171.97558110   
1161.57287267   
1181.83738859   
1164.30251879   
1187.88847178   
1167.67252253   
1167.67229487   
1181.65545925   
1163.04375048   
1180.62097402   
1175.45035697   
1172.84892721   
1171.12015115   
1177.09249400   
1168.77809560   
1174.18089066   
1169.74632178   
1179.66192097   
1183.87523075   
1166.74576059   
1180.42692359   
1164.56652156   
1184.17983984   
1165.18877732   
1171.52676306   
1183.94679823   
1172.75201431   
1169.09591994   
1169.35528533   
1182.15997013   
1178.10923981   
1170.16662693   
1181.47758647   
1178.71894274   
1170.97272185   
1181.80101913   
1178.89015086   
1182.27352281   
1179.98376680   
1167.68517904   
1167.67617786   
1200.30549321   
1189.41284177   
1174.74124332   
1161.96381161   
1181.08861949   
1177.40068400   
1192.29369586   
1165.55578494   
1173.48373425   
1168.96858396   
1171.28576879   
1170.16671299   
1176.35933908   
1167.04345413   
1180.54091046   
1175.25442860   
1163.60071826   
1183.15999869   
1197.87631129   
1182.02370967   
1187.44157424   
1184.13765268   
1172.19961417   
1165.01765018   
1196.99885280   
1184.18915851   
1178.12542700   
1169.06674454   
1194.23728575   
1171.88068835   
1177.28655494   
1177.10769331   
1165.38528048   
1191.85442111   
1171.70243191   
1179.14269133   
1196.79638385   
1184.11959195   
1198.55080596   
1177.91374491   
1175.64125690   
1212.40609373   
1168.17266223   
1167.38203541   
1210.68452727   
1163.96895851   
1175.89257730   
1178.82012776   
1167.36245402   
1180.38682455   
1173.44491167   
1168.24939961   
1170.03702101   
1173.17476373   
1175.99166423   
1178.56842060   
1173.75320936   
1198.14929260   
1168.29938480   
1170.43187436   
1177.66181665   
1184.86790650   
1188.37813500   
1177.16946790   
1189.96907337   
1180.35373578   
1177.33271112   
1171.10501246   
1197.60662644   
1185.60599535   
1179.34512456   
1171.25402945   
1176.09662129   
1188.11776295   
1176.33901148   
1167.56656289   
1162.87835032   
1192.89181514   
1177.84432077   
1169.36496318   
1172.64798208   
1184.71404230   
1168.85045611   
1167.69616217   
1171.24122011   
1175.13086861   
1177.61163361   
1185.25671241   
1171.81645632   
1167.34370502   
1200.43299773   
1172.89623642   
1167.62506983   
1184.48260184   
1171.74699918   
1174.96850813   
1168.04862803   
1182.19151902   
1183.56545498   
1217.15935285   
1190.70025250   
1196.93341419   
1180.43891253   
1196.69461536   
1170.45501231   
1182.40863992   
1171.37741022   
1172.89169673   
1187.86600431   
1186.49088257   
1193.24182328   
1188.89232588   
1161.83224467   
1171.25660297   
1172.20660216   
1175.82675245   
1202.18288762   
1176.91608636   
1172.02506766   
1174.64507755   
1179.47814816   
1172.78764081   
1175.85390114   
1182.69368924   
1174.17148105   
1167.96637524   
1173.50505388   
1180.00723713   
1167.35774871   
1169.03263486   
1179.12454142   
1183.99785785   
1174.20788342   
1185.13256739   
1175.93656739   
1166.82407635   
1188.66064088   
1188.94549258   
1173.40772481   
1215.46578618   
1168.61012420   
1176.01526575   
1185.02179069   
1170.99041339   
1193.96332361   
1183.18033159   
1179.35401452   
1165.64588868   
1170.53629048   
1201.06513232   
1160.85369243   
1175.99608546   
1176.06950070   
1166.48454223   
1178.68980768   
1210.65201655   
1166.79904400   
1172.00347846   
1176.94212955   
1168.09736408   
1175.87084980   
1175.94621929   
1198.97678695   
1176.51949257   
1170.51545292   
1162.67084191   
1189.90982077   
1199.88274318   
1173.24865754   
1178.19708468   
1171.23376712   
1194.07496611   
1212.34285143   
1170.61270922   
1175.39662787   
1164.23083968   
1177.63178039   
1203.66000313   
1177.53020661   
1176.69583872   
1178.75039833   
1185.24171498   
1181.00216711   
1177.05424623   
1178.54869734   
1187.22433022   
1186.90069260   
1198.42565171   
1181.84051346   
1178.21839517   
1176.90720719   
1182.79710415   
1166.74916260   
1178.55367240   
1187.13122140   
1190.65679483   
1177.52476854   
1169.46014521   
1169.25702898   
1169.22209334   
1177.13681448   
1178.80865279   
1186.25824303   
1172.64954163   
1197.57443108   
1178.66422148   
1176.34466705   
1175.66759950   
1172.76825662   
1183.04525634   
1183.86993930   
1176.11031675   
1176.81751281   
1177.11222617   
1191.21437882   
1176.36040400   
1193.76337156   
1172.52742509   
1176.17035471   
1186.17983287   
1175.80273925   
1186.92001556   
1179.73136139   
1172.23453405   
1186.23973370   
1168.34686245   
1196.73483322   
1176.87461917   
1189.28821145   
1169.24917627   
1184.11307894   
1162.36673754   
1172.23820061   
1177.42733440   
1178.66478203   
1174.62448497   
1163.04849739   
1167.24613120   
1173.64252633   
1178.95327047   
1186.92541866   
1176.16113733   
1182.63499347   
1175.12469021   
1163.05213853   
1201.61517096   
1178.50085575   
1178.80168285   
1170.34335577   
1186.11666908   
1202.20281030   
1183.03378032   
1186.74962499   
1164.00847567   
1177.35118297   
1176.07667993   
1164.07323767   
1177.03925233   
1161.57386578   
1186.94828856   
1183.63787074   
1182.57671356   
1175.11210397   
1167.24353022   
1200.55813897   
1178.00057734   
1169.66382338   
1171.74502245   
1171.22576494   
1169.78634057   
1185.88288234   
1217.89558675   
1166.91532669   
1179.58580835   
1184.80095576   
1213.07131991   
1187.39382677   
1172.40111586   
1174.99257392   
1198.44138741   
1162.10363416   
1178.13711313   
1179.64194347   
1172.77022732   
1174.37480921   
1167.20188305   
1172.78313448   
1167.89238698   
1176.48669713   
1191.60944255   
1176.61119037   
1177.81392174   
1181.58294284   
1165.79279896   
1171.77099802   
1170.93592846   
1180.42757376   
1173.36095391   
1170.79132250   
1166.88879374   
1171.89593106   
1171.13884029   
1162.19071614   
1190.03304009   
1166.94886613   
1167.68904958   
1229.35391755   
1172.05774032   
1169.67839805   
1183.43188687   
1174.49820096   
1191.46908964   
1169.80964158   
1161.86238117   
1165.57596759   
1186.90712179   
1204.13168688   
1168.67282061   
1167.12250684   
1188.11586901   
1168.62321894   
1175.82418095   
1172.25169740   
1177.52170792   
1180.14410461   
1167.22447270   
1175.07455722   
1164.65033720   
1168.61612198   
1169.32741698   
1177.08534239   
1176.02722372   
1169.49856703   
1201.47546427   
1168.76565652   
1214.05351259   
1176.60041003   
1162.71353712   
1184.23191449   
1169.88506474   
1177.04203132   
1199.65367600   
1182.44684649   
1176.22297275   
1171.18613169   
1163.89060096   
1194.19562040   
1164.66403193   
1165.43280006   
1168.85804741   
1197.83474887   
1182.35092909   
1205.25823570   
1168.57783029   
1209.70982595   
1171.51399501   
1177.80019907   
1175.42883872   
1184.52700139   
1168.54894472   
1171.45647672   
1196.78834525   
1167.40367930   
1172.48242321   
1195.72548568   
1170.89636257   
1170.54096631   
1177.59656249   
1227.00947312   
1170.41349707   
1232.51476699   
1173.58658307   
1170.89851657   
1174.51119051   
1179.48584208   
1227.67628872   
1194.80137902   
1170.61546364   
1169.76295159   
1179.41751532   
1174.16534216   
1196.59529316   
1204.85277667   
1194.16118851   
1169.01422091   
1173.65892313   
1185.08420854   
1180.11286374   
1188.29599161   
1184.93748473   
1181.04024738   
1172.82891675   
1186.18266099   
1176.08014527   
1201.24607469   
1183.53737527   
1167.75914357   
1166.23087808   
1183.73803000   
1185.69448668   
1189.44973324   
1169.02948110   
1169.36049205   
1180.90800468   
1170.20341203   
1164.13430804   
1174.42139330   
1164.18876036   
1179.89185303   
1182.08354693   
1183.89648157   
1222.88468689   
1176.88360468   
1169.60953488   
1171.80316904   
1208.45858231   
1165.80056350   
1205.74727753   
1190.18458263   
1181.94799292   
1203.38061543   
1168.39481928   
1188.36736071   
1181.31570181   
1190.47912838   
1198.38233815   
1175.80709853   
1198.44615560   
1190.03065404   
1176.85017388   
1194.79848109   
1162.39083577   
1193.38633664   
1187.86327117   
1190.91810933   
1164.28800109   
1167.81840276   
1182.20739021   
1169.34776653   
1190.77511348   
1189.37133592   
1178.89140138   
1171.71078340   
1163.48464868   
1166.99740612   
1172.63043211   
1193.41503077   
1199.40083687   
1170.02611989   
1179.46438451   
1174.41531367   
1179.91080581   
1168.49232595   
1174.63524267   
1175.21965008   
1168.98085439   
1181.34350160   
1167.00898902   
1165.79917163   
1174.34092615   
1213.84459672   
1172.03715469   
1172.56934749   
1176.54893972   
1180.58492113   
1163.49868436   
1173.82434190   
1180.67985993   
1183.48431862   
1166.03077221   
1179.82022015   
1177.61718285   
1182.10914503   
1186.30844580   
1175.47765877   
1170.38144459   
1164.30016192   
1179.89939132   
1183.27583948   
1196.60552867   
1187.70077351   
1162.22588279   
1162.36776943   
1184.64591548   
1187.38894858   
1160.85705122   
1178.38654175   
1172.32568954   
1181.81969194   
1209.97829928   
1180.44799974   
1172.16750614   
1179.19541153   
1168.83350071   
1190.37381095   
1185.45909877   
1176.30537819   
1170.70672601   
1175.51701927   
1193.18954600   
1171.40966966   
1170.38682205   
1169.84789959   
1162.27817006   
1171.44690935   
1191.91924138   
1172.61715449   
1163.46307470   
1163.38492129   
1178.93116208   
1169.06161221   
1167.97672978   
1171.58561679   
1174.74556215   
1180.69743400   
1167.11309176   
1172.39054608   
1183.24545757   
1169.27964888   
1177.80187241   
1183.24968370   
1177.87771919   
1178.58234420   
1168.89916611   
1173.67256535   
1195.98157712   
1163.91899892   
1178.77060525   
1170.25119536   
1170.04327781   
1177.05191808   
1166.16089720   
1183.23086587   
1167.21503029   
1187.84696162   
1176.21719158   
1190.10540153   
1182.37102806   
1180.80681615   
1169.24689184   
1172.73614888   
1181.54052637   
1173.73148535   
1191.22139335   
1218.38130212   
1164.09133988   
1180.33417580   
1175.18009313   
1172.81224981   
1193.15001583   
1168.19251762   
1195.21303222   
1163.43184033   
1166.26501427   
1165.24507819   
1186.75461044   
1184.57526964   
1183.26377192   
1173.90516129   
1185.67522968   
1165.80783573   
1168.70291219   
1161.83167645   
1174.60947287   
1195.85977606   
1161.25355674   
1204.31509889   
1170.31531549   
1177.38994664   
1162.11934087   
1170.23414877   
1172.91670538   
1167.20751350   
1177.03343715   
1176.44706649   
1173.32337947   
1171.53011132   
1174.78275989   
1167.63825541   
1181.28176115   
1174.40024252   
1173.71603679   
1170.55517869   
1170.99635746   
1183.62106382   
1181.94835488   
1174.23957888   
1172.55772560   
1192.40852098   
1169.72971431   
1170.60209830   
1174.26966351   
1169.91817131   
1179.49827422   
1179.25541551   
1163.50809615   
1166.78597975   
1178.05421689   
1167.86312496   
1164.50074665   
1164.06478874   
1193.70356903   
1188.74015644   
1180.90256449   
1166.65435817   
1173.92369635   
1178.27987925   
1166.05689201   
1169.45264303   
1191.50300495   
1168.85268026   
1187.12138204   
1181.56860339   
1191.52953242   
1188.89237517   
1201.01994687   
1173.89308967   
1175.17048611   
1212.73434207   
1181.02259879   
1191.13632441   
1184.34803022   
1172.46088673   
1181.55555803   
1181.75081650   
1177.13235813   
1177.20479504   
1178.63518608   
1167.17293442   
1231.86573027   
1170.58421581   
1198.95510209   
1195.05640656   
1185.86078920   
1163.93917757   
1204.95187275   
1176.68422934   
1194.43894311   
1164.02016149   
1170.66190228   
1169.58386918   
1204.05746899   
1173.30963264   
1169.40279797   
1217.75327357   
