1047.51633432   
1134.82589266   
1113.72131311   
1058.66875862   
1064.73375562   
998.53946651   
1019.96334360   
1046.55647961   
982.89615876   
928.08517790   
864.46317666   
853.22503706   
817.01842063   
759.76440690   
768.71714918   
752.35711348   
757.95493307   
808.03214277   
726.20652494   
686.92921610   
749.90963437   
717.06875710   
709.18836277   
696.79535413   
721.13962975   
687.89990069   
698.95653022   
685.43413201   
726.59986125   
671.03183605   
720.00831403   
691.29730737   
660.49023818   
678.14552668   
709.58381136   
654.10981803   
684.94044767   
670.23197818   
668.77844904   
677.23749409   
656.01813405   
646.06088864   
654.58090409   
663.88476648   
647.90430936   
652.56360685   
643.87817385   
655.25370427   
673.33573934   
665.96905236   
651.23779884   
647.68486398   
653.91363599   
691.11091228   
686.44382196   
643.97930004   
662.78776951   
660.36218044   
652.39619124   
656.24277016   
665.13720010   
646.80755666   
648.35393629   
646.04753693   
641.28450159   
645.90232674   
659.28249100   
649.29523409   
649.81858298   
639.43232501   
647.07385473   
637.63823639   
643.80030585   
632.74257617   
626.36947493   
630.76694221   
629.14380340   
625.61207875   
617.66091284   
629.72530246   
620.08031898   
631.54592425   
627.98251659   
624.83232783   
627.83179151   
612.90617288   
610.23694559   
651.48280572   
627.85885302   
612.29256717   
614.44712245   
607.91681263   
606.19028045   
601.36921267   
617.60592007   
605.72628609   
607.48863777   
622.90455619   
608.39635725   
613.02133838   
599.00612907   
603.34381439   
611.72743545   
596.33194217   
609.12424643   
612.56322829   
595.66851765   
611.68680234   
602.50389226   
612.40285781   
609.59050720   
598.33591647   
605.48246376   
595.88470905   
588.33793045   
609.27562311   
583.74401915   
586.23606400   
583.87025165   
581.58539138   
583.54420218   
582.93024979   
593.14923260   
586.05155978   
581.41843052   
588.81548114   
585.94770658   
581.22838161   
588.76745867   
606.09719070   
578.42446038   
589.65627719   
594.86768162   
584.59317765   
578.01391656   
586.99755313   
583.80653489   
585.57881524   
588.35161199   
586.78235297   
580.63859089   
594.84795954   
579.99669513   
583.89152449   
586.63680353   
576.70435703   
581.57386564   
578.31600153   
596.93373415   
578.59017973   
580.10264669   
582.44076464   
590.82042926   
574.59682082   
578.35008091   
584.21396253   
582.58295763   
581.20754602   
576.18724141   
585.29006007   
573.26857571   
581.15977317   
576.62597572   
573.19073663   
577.08390184   
581.00284057   
583.36868265   
574.01977812   
573.64462928   
570.90053009   
572.13044163   
576.89733478   
582.23806749   
569.72313033   
580.11817307   
565.15470639   
575.19846463   
569.76156119   
570.64339369   
607.85756726   
580.63033417   
564.10686776   
577.01814626   
576.46255500   
571.41517301   
565.38613868   
559.23491119   
567.79311057   
564.65587033   
563.79845587   
556.39415594   
560.35064003   
559.20072564   
580.79496143   
573.16813264   
566.26291307   
567.38323171   
560.39758463   
566.61473258   
577.63594686   
562.10927807   
552.38194012   
550.78478739   
581.92000913   
556.53221957   
551.73536290   
553.65664546   
563.40197662   
549.56311642   
550.32234130   
553.97769741   
558.53014051   
557.69986148   
567.36669245   
557.44966243   
558.65413193   
566.31866512   
574.84486083   
561.47903370   
560.95893184   
559.89495564   
567.85310551   
555.91897211   
557.36123505   
561.47425283   
555.02403150   
558.38056267   
551.30967898   
551.75166474   
559.01127719   
551.06055302   
546.93907307   
543.57066887   
544.10038385   
555.96739254   
542.05797579   
537.37257169   
533.86111190   
534.24755518   
534.47989647   
534.87655376   
547.77398057   
539.80849621   
529.87524184   
533.83907826   
528.51171572   
539.47343953   
527.84842590   
528.93681586   
533.35158212   
529.43860415   
533.55665394   
535.41490048   
529.63450603   
543.85127842   
538.34791759   
539.18222059   
532.94198316   
546.30654409   
533.63583720   
534.41081366   
525.82685216   
532.17011615   
531.81217755   
531.02943611   
521.86256244   
525.34633728   
523.84006464   
528.86737708   
537.47825420   
517.27686675   
529.07582380   
517.93017267   
520.90708961   
533.13316455   
519.43724177   
518.10226480   
524.83911396   
521.45630599   
536.50359656   
523.11080932   
523.00789795   
520.48269047   
522.40264642   
535.73461565   
534.47730742   
522.04007578   
531.37897349   
520.63684126   
522.10977439   
518.39359970   
525.07402394   
520.81114978   
518.30248808   
529.00949107   
519.15091235   
528.64365244   
519.08865108   
519.88444813   
525.31281748   
518.61001842   
524.44850846   
522.78348813   
524.52267504   
516.99234570   
525.73154950   
522.71730343   
525.33577229   
523.22106126   
521.42363155   
526.27160636   
536.27210341   
521.47304348   
523.08599713   
522.76165983   
527.49521481   
519.72499541   
521.52752917   
526.88472273   
544.75879772   
524.24710242   
523.80064285   
534.89788358   
530.47265387   
526.30272224   
528.79488153   
519.28409788   
534.50715286   
520.20614709   
517.24271463   
520.08853987   
519.21750371   
525.92193038   
524.99956180   
524.90271527   
519.59545817   
535.15973141   
527.26821181   
520.11925317   
521.13229943   
516.96862167   
527.73459282   
523.97612955   
525.81189964   
522.97229968   
524.91515423   
527.22365478   
523.59383770   
520.00195186   
521.06526945   
526.25447326   
517.64318236   
519.84576225   
526.58381350   
519.55342057   
519.45891648   
522.17075643   
527.95935252   
520.41406952   
520.58726778   
518.29812171   
525.79906500   
520.48790929   
530.08545487   
518.99708988   
523.69969711   
521.92163797   
532.58145761   
528.47477193   
519.62325550   
521.64342518   
519.82073307   
528.22967945   
523.11730051   
524.60951587   
519.31682742   
531.20483102   
519.28967191   
520.98537823   
521.68767857   
521.22632808   
523.42433102   
523.64754913   
516.51726571   
532.80677698   
520.48897351   
520.12662111   
526.15458516   
524.43108978   
524.73772526   
524.60360837   
519.84477340   
518.44096472   
522.88831183   
522.48004323   
520.97616301   
524.79026249   
523.34242602   
520.04278431   
532.04380202   
518.01581966   
527.03057817   
516.72374599   
526.23216781   
521.76369674   
519.13895911   
517.65574475   
520.60502447   
528.34316438   
515.85793980   
524.21586841   
519.48740272   
520.53541272   
529.64028352   
524.39448930   
525.33966850   
520.34933350   
525.12706805   
523.58457049   
525.91017808   
521.96472209   
519.66193743   
523.56786536   
526.35735905   
520.39086350   
523.13517086   
518.34703823   
540.23748482   
528.34759945   
530.72712279   
520.29672553   
525.29334248   
521.42533119   
516.88609917   
532.81057830   
520.84533152   
532.89930143   
516.78219979   
528.29519622   
518.28946718   
522.77651175   
527.47330917   
534.09113446   
518.75972804   
548.47197544   
520.52506876   
522.93031188   
532.77184118   
525.61103879   
530.56927105   
523.90386835   
522.32658016   
538.44594561   
531.92485931   
523.85603169   
530.27792068   
518.91076805   
519.51543224   
540.78627743   
525.72831398   
519.40901643   
525.89602043   
529.19909861   
525.23351411   
519.00827200   
529.57960672   
520.60448160   
522.86381740   
527.69070467   
523.31489272   
522.94384820   
523.87224003   
522.81715000   
525.41349375   
522.86516061   
528.50793887   
518.39999774   
524.24582298   
527.64163884   
523.37390487   
523.77181995   
527.54237692   
523.91216587   
522.99488702   
525.42758086   
524.72365788   
519.17937435   
520.68340781   
520.77660964   
522.39736105   
522.09786931   
526.18527784   
531.40187995   
531.39826098   
530.48646327   
521.06366739   
522.07029525   
539.07851164   
534.02841022   
526.09419431   
521.69433046   
530.76814308   
526.45230230   
529.53275854   
523.45019838   
528.57505753   
530.01041221   
523.65693695   
528.43426319   
535.82929963   
530.69592521   
526.78889481   
521.90560918   
525.37966374   
526.53267288   
526.61640962   
531.28688590   
524.51478724   
524.01865665   
522.78311154   
532.22041747   
526.01566832   
523.24570786   
527.23348830   
525.65698425   
525.87810811   
529.05945574   
522.07367701   
527.30792802   
527.37308339   
522.60975863   
523.09832042   
520.37610395   
525.51569110   
526.13647149   
524.23984245   
520.44650679   
527.57685347   
526.89459907   
524.44984003   
522.23244520   
522.78785284   
528.71379958   
518.43987552   
520.08577875   
525.29961670   
522.02491293   
524.60551297   
526.36473976   
518.94113036   
523.93329978   
520.47800670   
518.48899824   
522.71076261   
534.96873956   
523.73293546   
521.91229951   
524.94124002   
524.30678165   
523.33262082   
525.68797592   
520.18622572   
528.69336751   
525.83153212   
528.28290359   
524.15590452   
525.68699050   
545.32141191   
530.11221203   
520.70197131   
524.68958467   
524.40794452   
524.49480113   
519.82362973   
524.17758848   
531.18682434   
518.90567756   
527.04132392   
538.81125181   
517.36686981   
518.20932763   
520.13682407   
530.20979312   
522.68846301   
523.37095143   
531.26782597   
523.60576489   
521.96525838   
526.05762217   
517.36848358   
518.08292992   
521.48375169   
529.03704578   
522.94263381   
524.77109330   
528.27048872   
518.99325885   
526.32021000   
528.33635639   
519.70730769   
526.05132642   
528.62931554   
528.34665349   
526.33352511   
523.53773399   
522.42018395   
523.50559602   
526.04483236   
532.73099915   
525.75653702   
524.14803935   
524.99030978   
533.26783384   
532.98905914   
530.29722924   
523.58101358   
534.93657134   
524.14182256   
521.28882137   
529.75444032   
524.08504627   
521.34104658   
528.19841642   
518.78163857   
524.28427425   
522.63086229   
525.11083264   
525.43041311   
523.66823117   
527.09722255   
521.22832607   
521.65421299   
534.62525233   
521.10515227   
521.31148579   
520.77470609   
522.96066328   
526.75514439   
524.65025332   
529.73375334   
518.56569050   
527.70657967   
522.86998028   
523.57731572   
531.36969167   
526.04692003   
519.74362969   
531.04390891   
528.28281060   
527.76046658   
520.78853963   
527.24841754   
525.89092852   
535.00114155   
524.11199648   
521.36389650   
518.50276505   
520.44057146   
520.77311758   
530.02938678   
528.57183092   
518.60870625   
521.86498321   
527.29956765   
525.60304200   
535.11648714   
529.55456195   
535.35640773   
540.74310696   
551.48888248   
533.23311571   
539.10218372   
564.85783933   
527.12280600   
529.31148458   
528.93656894   
547.63232238   
530.99396345   
535.35695575   
529.44088897   
529.44963205   
531.61673756   
542.15404622   
529.13014370   
532.92012646   
538.18936973   
533.24088267   
530.95433696   
534.75574379   
533.03109407   
539.52877536   
534.90364291   
536.07436333   
535.89982188   
534.39465337   
535.22552710   
532.76840521   
537.44951739   
532.14749174   
539.00742263   
534.38865998   
534.92360911   
536.50795901   
538.47732789   
548.09639385   
548.28547213   
537.16957705   
542.67839368   
543.86627499   
552.13014037   
535.70623183   
537.93713042   
545.10088596   
535.71154408   
546.13340605   
546.53617436   
527.17618954   
528.43856771   
531.62391508   
531.99731247   
523.65351131   
532.10917436   
535.70752920   
532.29698546   
525.96291728   
539.34697072   
529.29028297   
527.85732819   
529.60316383   
524.66471662   
533.81926812   
527.97955471   
531.37586689   
528.02804755   
526.26775514   
529.63746758   
554.25896184   
531.53875829   
547.18733960   
529.01127973   
547.35284063   
534.13830608   
528.49332122   
537.71834408   
528.68160487   
528.96640176   
537.95168342   
534.36512592   
532.70147245   
531.87526268   
539.34214558   
533.32895834   
534.43280486   
540.54892428   
532.76658148   
532.60390839   
543.32652425   
539.34506389   
548.39142000   
531.44439562   
528.71603199   
534.06249848   
525.09573867   
526.06485193   
527.32275507   
537.34191096   
527.77682277   
533.43438908   
549.53254512   
530.77077570   
533.01269608   
528.58537475   
528.81515640   
525.62193643   
527.97713297   
527.28505143   
530.47467850   
534.65920322   
532.46065724   
534.77126478   
537.73679643   
524.38231633   
542.28757399   
528.89311460   
530.85359472   
532.91610088   
541.22342240   
536.02875381   
528.00275309   
520.42350137   
523.79055155   
535.72774622   
524.04708643   
522.49263544   
537.29249672   
521.24200578   
523.96154267   
530.38923457   
531.68885362   
524.63185344   
526.99732579   
532.50579439   
530.33675713   
531.43499935   
537.41390832   
533.95275707   
537.96082397   
529.76364481   
532.20894582   
541.43771835   
548.28125969   
519.34613667   
527.27317167   
525.95465389   
524.69996866   
529.93073979   
519.18162855   
524.35138606   
518.80288156   
530.51172879   
527.18246841   
522.41527906   
529.09355068   
525.77500549   
519.84532018   
526.53964705   
525.22921840   
535.70550364   
524.56293449   
532.42725973   
527.52486836   
526.75174260   
522.89242412   
521.29067979   
528.04664526   
526.14998780   
524.26943332   
521.98827470   
526.21217480   
521.32120411   
524.57341813   
524.64759328   
532.94440776   
522.99179124   
527.38422280   
528.12585496   
526.45328492   
523.46623792   
525.66387783   
522.39975683   
525.62519495   
523.78240975   
520.17864103   
521.31489904   
526.85943979   
536.03392107   
524.24227097   
530.55030407   
525.49947829   
519.81973540   
524.26875416   
525.82925210   
529.94176288   
526.14994981   
525.91613531   
527.40936424   
519.79566278   
519.36646495   
521.26178198   
520.99580800   
529.39938150   
532.83991035   
520.61774621   
520.41255186   
526.87936632   
525.30203888   
529.75190933   
535.11719466   
538.47495069   
523.70403975   
542.56220824   
525.17391805   
525.83501269   
531.18526766   
527.46671635   
537.69279792   
535.23741526   
539.10679256   
530.09921060   
529.67153817   
523.98633348   
529.81857944   
525.82169058   
523.34063276   
523.88345589   
524.60571567   
547.23080318   
533.85575432   
527.94859232   
534.93337925   
526.53409706   
529.15874040   
528.87006708   
525.55950390   
521.19468188   
524.23183074   
522.92881680   
526.68862895   
532.80131941   
524.23979132   
522.77422336   
535.47443445   
522.07118441   
540.69819417   
521.27290268   
524.07372622   
534.65106547   
524.20464465   
522.34156113   
523.94596347   
518.21267922   
526.33581365   
516.59493583   
533.06541538   
535.34265367   
523.44958687   
521.47024397   
516.96930714   
520.66157674   
518.14492149   
534.88638679   
529.82488335   
519.66226076   
521.17506441   
523.76784501   
523.15573945   
519.27701400   
523.27536507   
526.06281295   
519.73608467   
526.79217022   
521.49407845   
535.52730272   
519.41250438   
529.74236324   
527.12034132   
528.64350948   
519.91534571   
520.24411833   
523.98667713   
522.32858600   
530.14487211   
531.08545087   
529.98541821   
526.47777566   
523.51821669   
526.29638845   
522.23236244   
523.16581263   
526.65431367   
522.38241824   
526.02175706   
519.99771819   
522.24032629   
516.49251553   
521.93033228   
527.52440332   
524.30069115   
534.79528487   
521.51834393   
526.40126767   
519.52107095   
526.32191006   
528.78215306   
524.27946826   
535.88239624   
532.41873158   
533.14138921   
524.41769191   
530.02830305   
526.41364472   
522.00451863   
529.56660351   
531.44382304   
522.07864912   
530.90160790   
519.65907839   
522.24316299   
534.56076195   
525.64915274   
543.40072202   
529.26912896   
529.72042134   
526.57635870   
551.16368486   
522.41493932   
528.51459541   
521.69483009   
524.65817008   
528.51075175   
518.14359971   
522.54636127   
535.75959163   
519.94509181   
524.32715200   
532.72160414   
521.75922202   
524.91880408   
526.63998738   
539.39019945   
532.99402037   
523.65908274   
522.07310971   
521.39928625   
524.19533349   
526.69881388   
525.58969557   
524.49837497   
539.52222190   
528.90965522   
533.19905992   
547.22909499   
528.23678506   
525.61606010   
530.07228263   
524.71807189   
529.92746672   
532.46142032   
523.47792593   
536.10079410   
527.29937953   
528.84408728   
525.96582231   
532.15938372   
529.38625848   
525.31696547   
521.27979735   
522.88577367   
523.92449862   
528.24374069   
526.35509728   
527.40734180   
528.78379709   
528.14021995   
563.85154568   
532.13038258   
519.05557189   
521.37746779   
522.64110444   
525.68206457   
550.46322346   
525.09856587   
520.53866548   
524.90812500   
552.51752974   
516.65485949   
521.95855265   
520.79384132   
518.56376376   
530.73633693   
527.37850806   
523.10061066   
529.44957784   
520.44029810   
523.61896500   
522.25842173   
519.84440279   
517.62028688   
528.32128385   
544.99540856   
524.31131788   
523.59790923   
530.15531366   
527.86710904   
519.20816177   
525.55490082   
525.81846949   
525.85766452   
522.28648125   
524.97306171   
524.95405642   
520.39348791   
526.90205188   
519.71132924   
524.76555956   
521.65050661   
523.96672925   
522.06388214   
530.28245305   
541.29239654   
521.94179846   
522.78486321   
524.24990448   
525.66586907   
530.46037697   
531.15031205   
534.49525505   
522.48471335   
519.51785003   
522.03522359   
524.85476424   
552.20667714   
546.95385008   
525.77532670   
519.85105878   
519.66683464   
525.95705289   
517.90340208   
516.74841776   
517.31852831   
519.89059983   
521.20147711   
519.51244664   
519.47187582   
532.76223597   
518.68368844   
522.30269117   
521.55824065   
529.76753902   
516.24613169   
521.28107297   
518.71472872   
527.50882324   
526.68947718   
522.46456116   
524.25849851   
523.82544298   
538.13634817   
521.03857652   
547.35360285   
534.86023830   
525.72488296   
520.86769087   
516.79894093   
525.73313433   
525.49585164   
527.86260274   
516.69423959   
528.97271212   
527.66193568   
522.31840847   
524.22789398   
526.69758686   
528.36654999   
518.57913080   
523.64063100   
517.11265224   
522.66616327   
521.34102214   
530.77129534   
520.21913276   
531.07373227   
522.53067861   
519.13058598   
540.12825768   
530.33865128   
535.38355397   
529.50136004   
519.17127518   
522.88240193   
520.43136891   
525.20401138   
522.31791424   
530.16641820   
532.92554102   
524.65894384   
521.72033019   
520.72607831   
525.94932368   
526.47219978   
531.12675799   
522.90889752   
526.25985195   
528.49028808   
520.50732969   
525.52079417   
524.49963529   
529.58067134   
521.73465849   
532.74888118   
523.54108466   
519.50160065   
518.24703858   
526.74326842   
522.49697041   
527.96155597   
517.03262830   
523.51022858   
519.49552187   
518.38924700   
522.43031441   
523.53283712   
525.59912841   
520.14087965   
522.55931538   
521.31066583   
523.66759179   
525.58125858   
536.63555387   
522.11733189   
523.97994300   
528.99434304   
524.01114501   
516.59442494   
528.70289191   
535.55588075   
527.05800031   
533.96605579   
523.49665297   
530.76262920   
542.56096114   
526.60122416   
523.63132823   
520.69074625   
522.44815431   
520.03690450   
525.27240979   
517.70564093   
523.72839855   
522.71653458   
551.85906653   
532.41556482   
521.93544614   
523.64550046   
524.57255977   
524.41578392   
530.90710842   
520.77106649   
525.75145024   
520.38748784   
527.56233968   
522.85644940   
519.53982573   
522.31323410   
527.84444279   
525.63152431   
522.53849199   
520.41054690   
520.32304119   
522.89429426   
520.02534378   
522.14571882   
519.77167166   
536.65177974   
523.87709315   
522.55031050   
524.66175448   
525.88526034   
529.21742392   
532.76088496   
521.75374402   
520.89865993   
525.58139927   
523.45673135   
526.29988463   
538.82949679   
520.62660739   
516.54408609   
530.63255453   
529.63184493   
519.63120109   
520.04739442   
520.45842895   
526.26339824   
530.88804896   
525.87513169   
530.74184512   
519.65945092   
520.89891901   
524.62137305   
523.09746332   
519.65275454   
521.84798929   
550.14725809   
537.05932934   
523.15000921   
518.42626618   
519.32939899   
525.85574527   
528.36609670   
527.31334172   
532.88017746   
532.90956901   
515.86887445   
517.08560831   
521.41768405   
522.51698638   
520.06151332   
525.36205544   
522.73670451   
524.90491157   
522.60156558   
523.93569137   
519.61703076   
547.11030473   
521.44828896   
527.62653290   
523.36366604   
521.79552036   
531.05960381   
528.71762036   
524.07733432   
521.26714755   
522.39365481   
520.73586841   
532.29933593   
523.23608303   
523.06854364   
525.09311486   
524.13226968   
525.25010022   
537.24906342   
529.21183432   
533.79671400   
536.07203533   
533.88917089   
540.44537325   
528.39747489   
531.30522181   
527.47797328   
542.13568777   
535.24307819   
545.81797139   
544.09614285   
524.99008258   
528.22240619   
524.45188281   
543.99044358   
542.48502906   
525.40399515   
554.09536624   
530.11811967   
536.65790535   
527.37430688   
528.06276484   
530.88602762   
525.32448396   
533.10729664   
526.35594983   
529.32645463   
531.14222756   
527.74471547   
526.45208057   
530.53714746   
523.98904731   
527.13887710   
532.61110601   
520.43785142   
524.33155555   
535.91320418   
523.12660389   
520.85860014   
520.70804653   
526.49946950   
525.22586740   
517.48738978   
527.62237195   
517.80959460   
519.81533302   
521.70147865   
519.44337631   
518.68860457   
528.93195809   
525.00864765   
520.66268531   
517.19025932   
525.22923577   
521.52124919   
524.06907958   
520.02688292   
518.16373168   
525.09458485   
522.79203690   
529.31525956   
517.82943885   
522.33917152   
523.95898617   
542.58481691   
525.46321557   
524.84598710   
525.66893330   
525.03719945   
551.36353787   
523.87610732   
522.79231263   
522.60234775   
529.80713976   
532.99446437   
530.97344380   
