7.62000000   247.23000000   18.19000000   -68.24000000   25.67585002   99.86033057   24.07304129   -0.26481937   
7.62000000   247.23000000   18.19000000   -68.24000000   25.68877861   99.85488512   23.31821688   -0.22092706   
7.62000000   247.23000000   18.19000000   -68.24000000   25.73559808   99.87302873   23.35582146   -0.08137570   
7.62000000   247.23000000   18.19000000   -68.24000000   25.73679535   99.85598401   23.70480920   0.02587449   
7.62000000   247.23000000   18.19000000   -68.24000000   25.69166859   99.81221790   23.00834709   0.00542941   
7.62000000   247.23000000   18.19000000   -68.24000000   25.72175951   99.82108773   23.44373436   0.09487827   
7.62000000   247.23000000   18.19000000   -68.24000000   25.72706750   99.80656219   23.62849426   0.15014857   
7.62000000   247.23000000   18.19000000   -68.24000000   25.74657597   99.77899776   23.88637130   0.25744525   
7.62000000   247.23000000   18.19000000   -68.24000000   25.78161356   99.78228163   24.12708732   0.21917940   
7.62000000   247.23000000   18.19000000   -68.24000000   25.79855189   99.76912489   24.55025251   0.36271006   
7.62000000   247.23000000   18.19000000   -68.24000000   25.80502150   99.73422685   25.16680943   0.40765793   
7.62000000   247.23000000   18.19000000   -68.24000000   25.78047237   99.73559259   24.89127732   0.47103176   
7.62000000   247.23000000   18.19000000   -68.24000000   25.77946486   99.73781106   24.82167777   0.55596599   
7.62000000   247.23000000   18.19000000   -68.24000000   25.78550040   99.72452989   24.19629927   0.35001085   
7.62000000   247.23000000   18.19000000   -68.24000000   25.79378736   99.71087443   24.49342214   0.41373441   
7.62000000   247.23000000   18.19000000   -68.24000000   25.80812228   99.70789697   24.71096678   0.43888570   
7.62000000   247.23000000   18.19000000   -68.24000000   25.82562737   99.70423929   25.14666364   0.47693673   
7.62000000   247.23000000   18.19000000   -68.24000000   25.82996909   99.70349083   24.67947286   0.62763600   
7.62000000   247.23000000   18.19000000   -68.24000000   25.80956961   99.70020475   24.27171317   0.60341429   
7.62000000   247.23000000   18.19000000   -68.24000000   25.81653403   99.70202523   24.25580558   0.65063085   
7.62000000   247.23000000   18.19000000   -68.24000000   25.84246363   99.70376947   23.81439129   0.63638425   
7.62000000   247.23000000   18.19000000   -68.24000000   25.82588317   99.70284381   23.66792259   0.53043303   
7.62000000   247.23000000   18.19000000   -68.24000000   25.79008523   99.70672764   23.07277877   0.52093736   
7.62000000   247.23000000   18.19000000   -68.24000000   25.78967591   99.71268735   23.00521339   0.65363020   
7.62000000   247.23000000   18.19000000   -68.24000000   25.78328343   99.71041079   22.27668109   0.65624068   
7.62000000   247.23000000   18.19000000   -68.24000000   25.76579923   99.70696989   21.86900956   0.73849292   
7.62000000   247.23000000   18.19000000   -68.24000000   25.74740870   99.71441629   21.18593683   0.80718830   
7.62000000   247.23000000   18.19000000   -68.24000000   25.76695086   99.70596554   20.89754666   0.77286589   
7.62000000   247.23000000   18.19000000   -68.24000000   25.76110168   99.71197196   19.40458827   0.66226657   
7.62000000   247.23000000   18.19000000   -68.24000000   25.76399304   99.71775114   19.51994378   0.83504955   
7.62000000   247.23000000   18.19000000   -68.24000000   25.76102615   99.71763237   18.99439989   0.80232421   
7.62000000   247.23000000   18.19000000   -68.24000000   25.75558257   99.72398360   18.49602330   0.92804860   
7.62000000   247.23000000   18.19000000   -68.24000000   25.79095813   99.71316214   18.51877346   0.93461130   
7.62000000   247.23000000   18.19000000   -68.24000000   25.78436857   99.70460118   18.16771375   0.74447273   
7.62000000   247.23000000   18.19000000   -68.24000000   25.78686543   99.70716185   17.25523678   0.81783472   
7.62000000   247.23000000   18.19000000   -68.24000000   25.79614144   99.72666096   16.12839483   0.83418350   
7.62000000   247.23000000   18.19000000   -68.24000000   25.81208822   99.72001682   15.49452770   0.97361452   
7.62000000   247.23000000   18.19000000   -68.24000000   25.80346723   99.70160551   15.26054887   1.05671630   
7.62000000   247.23000000   18.19000000   -68.24000000   25.78227373   99.73649051   14.55941551   0.83797160   
7.62000000   247.23000000   18.19000000   -68.24000000   25.77994440   99.72754718   14.19593137   0.93616888   
7.62000000   247.23000000   18.19000000   -68.24000000   25.79356712   99.71599005   13.86510034   0.79467859   
7.62000000   247.23000000   18.19000000   -68.24000000   25.80263457   99.70022072   13.56040238   0.63134190   
7.62000000   247.23000000   18.19000000   -68.24000000   25.75767631   99.71985394   13.87002732   0.64505656   
7.62000000   247.23000000   18.19000000   -68.24000000   25.78031619   99.71644338   14.11165101   0.53709891   
7.62000000   247.23000000   18.19000000   -68.24000000   25.77798744   99.70747778   13.84708395   0.52212519   
7.62000000   247.23000000   18.19000000   -68.24000000   25.79105793   99.72005756   12.86037465   0.55521353   
7.62000000   247.23000000   18.19000000   -68.24000000   25.79357836   99.70386894   12.61571705   0.63608242   
7.62000000   247.23000000   18.19000000   -68.24000000   25.78006081   99.70560039   13.68995273   0.57322288   
7.62000000   247.23000000   18.19000000   -68.24000000   25.75706211   99.72084082   13.54783512   0.41301319   
7.62000000   247.23000000   18.19000000   -68.24000000   25.74538793   99.71795615   13.36765359   0.57460481   
7.62000000   247.23000000   18.19000000   -68.24000000   25.74176659   99.70059682   13.20718244   0.50304668   
7.62000000   247.23000000   18.19000000   -68.24000000   25.75425170   99.70916192   13.46122963   0.48438895   
7.62000000   247.23000000   18.19000000   -68.24000000   25.75201762   99.71530707   13.52920372   0.56161678   
7.62000000   247.23000000   18.19000000   -68.24000000   25.78070341   99.70161069   12.72171560   0.46528726   
7.62000000   247.23000000   18.19000000   -68.24000000   25.78577604   99.70132607   12.64128910   0.31888592   
7.62000000   247.23000000   18.19000000   -68.24000000   25.77824383   99.70041257   12.07999716   0.16190006   
7.62000000   247.23000000   18.19000000   -68.24000000   25.76973983   99.70131169   11.86619300   0.10412152   
7.62000000   247.23000000   18.19000000   -68.24000000   25.73213523   99.71513764   10.87789879   -0.03910062   
7.62000000   247.23000000   18.19000000   -68.24000000   25.73210470   99.70502363   11.24390533   0.05565423   
7.62000000   247.23000000   18.19000000   -68.24000000   25.75150428   99.70958977   11.31443080   0.02511934   
7.62000000   247.23000000   18.19000000   -68.24000000   25.75628325   99.71977928   10.36677432   -0.01820167   
7.62000000   247.23000000   18.19000000   -68.24000000   25.76697373   99.72536770   9.99840923   -0.05961704   
7.62000000   247.23000000   18.19000000   -68.24000000   25.77262432   99.72496485   9.42782760   -0.02367268   
7.62000000   247.23000000   18.19000000   -68.24000000   25.79840723   99.72001232   9.13221427   -0.18851949   
7.62000000   247.23000000   18.19000000   -68.24000000   25.78560385   99.72760932   9.64939089   -0.16683138   
7.62000000   247.23000000   18.19000000   -68.24000000   25.74983991   99.71192334   9.32742816   -0.10441211   
7.62000000   247.23000000   18.19000000   -68.24000000   25.74476417   99.71315010   9.88146851   0.02358106   
7.62000000   247.23000000   18.19000000   -68.24000000   25.75324580   99.71445242   9.20992571   0.10129186   
7.62000000   247.23000000   18.19000000   -68.24000000   25.75065084   99.71348054   8.59445346   0.06579624   
7.62000000   247.23000000   18.19000000   -68.24000000   25.76094475   99.71168237   8.89729754   0.01060221   
7.62000000   247.23000000   18.19000000   -68.24000000   25.72613424   99.70013078   8.65160303   -0.09874232   
7.62000000   247.23000000   18.19000000   -68.24000000   25.72790015   99.70766485   8.67436064   -0.13891082   
7.62000000   247.23000000   18.19000000   -68.24000000   25.74786103   99.72067980   7.34186515   -0.06965403   
7.62000000   247.23000000   18.19000000   -68.24000000   25.76521965   99.72972644   7.05820614   -0.11517507   
7.62000000   247.23000000   18.19000000   -68.24000000   25.74340237   99.70452363   6.76263172   -0.12483919   
7.62000000   247.23000000   18.19000000   -68.24000000   25.74578150   99.70319150   6.87398069   -0.20588063   
7.62000000   247.23000000   18.19000000   -68.24000000   25.72696371   99.70963171   7.33112459   -0.14881568   
7.62000000   247.23000000   18.19000000   -68.24000000   25.74979471   99.73861239   7.74547670   -0.18590141   
7.62000000   247.23000000   18.19000000   -68.24000000   25.76686215   99.73459151   7.84954483   -0.20411658   
7.62000000   247.23000000   18.19000000   -68.24000000   25.74745400   99.72726748   8.39545268   -0.15886771   
7.62000000   247.23000000   18.19000000   -68.24000000   25.73021732   99.72507025   8.74288668   -0.06660057   
7.62000000   247.23000000   18.19000000   -68.24000000   25.74179540   99.73119452   8.20666015   0.01571390   
7.62000000   247.23000000   18.19000000   -68.24000000   25.73594239   99.74364679   7.51084259   0.09318649   
7.62000000   247.23000000   18.19000000   -68.24000000   25.74990529   99.71895284   7.49836653   0.17000246   
7.62000000   247.23000000   18.19000000   -68.24000000   25.74571455   99.72505239   7.44053039   0.06170029   
7.62000000   247.23000000   18.19000000   -68.24000000   25.74206186   99.73579749   7.20631221   0.02433475   
7.62000000   247.23000000   18.19000000   -68.24000000   25.74825357   99.73503052   6.47537947   0.15974029   
7.62000000   247.23000000   18.19000000   -68.24000000   25.74651965   99.73668612   5.58190246   0.19245235   
7.62000000   247.23000000   18.19000000   -68.24000000   25.75866708   99.73487060   5.40432296   0.08910566   
7.62000000   247.23000000   18.19000000   -68.24000000   25.73989960   99.72482099   4.92335217   0.16525487   
7.62000000   247.23000000   18.19000000   -68.24000000   25.74819347   99.73869377   4.71265585   -0.01457050   
7.62000000   247.23000000   18.19000000   -68.24000000   25.72666719   99.73356056   4.15990186   -0.03027778   
7.62000000   247.23000000   18.19000000   -68.24000000   25.74238949   99.72909121   4.09900557   -0.09122737   
7.62000000   247.23000000   18.19000000   -68.24000000   25.70365290   99.74207045   3.49677038   -0.11911316   
7.62000000   247.23000000   18.19000000   -68.24000000   25.69911104   99.73454158   3.49196876   -0.10296459   
7.62000000   247.23000000   18.19000000   -68.24000000   25.70738405   99.74045724   3.16910593   -0.09687655   
7.62000000   247.23000000   18.19000000   -68.24000000   25.72397713   99.74292623   2.92116581   -0.05362245   
7.62000000   247.23000000   18.19000000   -68.24000000   25.72373447   99.74513669   2.85171335   -0.19537590   
7.62000000   247.23000000   18.19000000   -68.24000000   25.72232772   99.73299385   3.21659139   -0.19382682   
7.62000000   247.23000000   18.19000000   -68.24000000   25.73153297   99.75820940   3.19153616   -0.04796244   
7.62000000   247.23000000   18.19000000   -68.24000000   25.71498797   99.75599910   3.32649756   0.03889490   
7.62000000   247.23000000   18.19000000   -68.24000000   25.70994425   99.74378378   2.75444990   -0.20297193   
7.62000000   247.23000000   18.19000000   -68.24000000   25.71376112   99.75218893   3.58156026   -0.17306128   
7.62000000   247.23000000   18.19000000   -68.24000000   25.71552467   99.75071024   2.27456837   -0.07931829   
7.62000000   247.23000000   18.19000000   -68.24000000   25.71141915   99.75903739   1.70806871   -0.17715342   
7.62000000   247.23000000   18.19000000   -68.24000000   25.70040547   99.72986346   1.42391751   -0.37177374   
7.62000000   247.23000000   18.19000000   -68.24000000   25.72216604   99.74107449   1.07175834   -0.30320313   
7.62000000   247.23000000   18.19000000   -68.24000000   25.71771928   99.74883327   1.76770219   -0.29722279   
7.62000000   247.23000000   18.19000000   -68.24000000   25.70433002   99.74903513   1.42994115   -0.11309416   
7.62000000   247.23000000   18.19000000   -68.24000000   25.72705604   99.75001366   1.38325400   -0.13370856   
7.62000000   247.23000000   18.19000000   -68.24000000   25.71009188   99.74872784   1.17583856   -0.23812725   
7.62000000   247.23000000   18.19000000   -68.24000000   25.71214572   99.74522032   1.09218963   -0.28131824   
7.62000000   247.23000000   18.19000000   -68.24000000   25.71520215   99.72329300   1.10642446   -0.48255828   
7.62000000   247.23000000   18.19000000   -68.24000000   25.71738885   99.74898483   1.11103170   -0.69151814   
7.62000000   247.23000000   18.19000000   -68.24000000   25.72407817   99.73393356   1.56939341   -0.54019453   
7.62000000   247.23000000   18.19000000   -68.24000000   25.73727267   99.72478735   1.07230579   -0.55465414   
7.62000000   247.23000000   18.19000000   -68.24000000   25.72579759   99.72990977   1.00007855   -0.48922096   
7.62000000   247.23000000   18.19000000   -68.24000000   25.71370111   99.71292147   1.15162830   -0.44755330   
7.62000000   247.23000000   18.19000000   -68.24000000   25.71610906   99.71299404   1.45691799   -0.65620699   
7.62000000   247.23000000   18.19000000   -68.24000000   25.72657979   99.72250584   1.62775991   -0.69154071   
7.62000000   247.23000000   18.19000000   -68.24000000   25.69504010   99.73810654   1.03141070   -0.88345484   
7.62000000   247.23000000   18.19000000   -68.24000000   25.72378236   99.73792856   1.09693252   -0.95768301   
7.62000000   247.23000000   18.19000000   -68.24000000   25.74379892   99.72023548   1.28699451   -1.03545541   
7.62000000   247.23000000   18.19000000   -68.24000000   25.73318227   99.71876318   1.06727143   -1.17487812   
7.62000000   247.23000000   18.19000000   -68.24000000   25.74596197   99.71923898   1.21307402   -1.06166800   
7.62000000   247.23000000   18.19000000   -68.24000000   25.73694987   99.73655754   1.03142305   -0.98275569   
7.62000000   247.23000000   18.19000000   -68.24000000   25.72495657   99.73204477   1.10532481   -0.75299891   
7.62000000   247.23000000   18.19000000   -68.24000000   25.73378674   99.72146395   1.58812729   -0.65450778   
7.62000000   247.23000000   18.19000000   -68.24000000   25.71754813   99.72975280   1.79608466   -0.58918786   
7.62000000   247.23000000   18.19000000   -68.24000000   25.70647813   99.72808039   1.97829774   -0.59382032   
7.62000000   247.23000000   18.19000000   -68.24000000   25.72555596   99.73452582   1.40949960   -0.59089539   
7.62000000   247.23000000   18.19000000   -68.24000000   25.73264559   99.73396173   1.30747164   -0.70568182   
7.62000000   247.23000000   18.19000000   -68.24000000   25.74223451   99.73298461   1.14167102   -0.70154586   
7.62000000   247.23000000   18.19000000   -68.24000000   25.75113911   99.72097231   1.07252669   -0.63689800   
7.62000000   247.23000000   18.19000000   -68.24000000   25.75181295   99.74327259   1.27597271   -0.59040593   
7.62000000   247.23000000   18.19000000   -68.24000000   25.75276153   99.74387391   1.17794499   -0.49635960   
7.62000000   247.23000000   18.19000000   -68.24000000   25.72475099   99.74872479   1.48101916   -0.42166623   
7.62000000   247.23000000   18.19000000   -68.24000000   25.73020523   99.75764441   1.56004000   -0.42594729   
7.62000000   247.23000000   18.19000000   -68.24000000   25.73731653   99.74825149   1.57565997   -0.38242928   
7.62000000   247.23000000   18.19000000   -68.24000000   25.72245086   99.74928543   1.39137202   -0.36909084   
7.62000000   247.23000000   18.19000000   -68.24000000   25.72712282   99.73889588   1.48881595   -0.35761377   
7.62000000   247.23000000   18.19000000   -68.24000000   25.72349239   99.75252251   1.10835798   -0.22987466   
7.62000000   247.23000000   18.19000000   -68.24000000   25.73844025   99.74681227   1.03821285   -0.18317251   
7.62000000   247.23000000   18.19000000   -68.24000000   25.71265376   99.75059759   1.68980435   -0.32889029   
7.62000000   247.23000000   18.19000000   -68.24000000   25.72060124   99.72467337   1.69961648   -0.31408258   
7.62000000   247.23000000   18.19000000   -68.24000000   25.72959839   99.73503886   1.14012115   -0.29167877   
7.62000000   247.23000000   18.19000000   -68.24000000   25.71166905   99.73629884   1.00522164   -0.45704533   
7.62000000   247.23000000   18.19000000   -68.24000000   25.70820338   99.75119840   1.13608073   -0.38008247   
7.62000000   247.23000000   18.19000000   -68.24000000   25.72558970   99.75046597   1.21337948   -0.43574452   
7.62000000   247.23000000   18.19000000   -68.24000000   25.72855022   99.73628802   1.14684818   -0.48440578   
7.62000000   247.23000000   18.19000000   -68.24000000   25.72163384   99.75123518   1.07801955   -0.54824401   
7.62000000   247.23000000   18.19000000   -68.24000000   25.70653212   99.72817892   1.18954479   -0.66787793   
7.62000000   247.23000000   18.19000000   -68.24000000   25.73066068   99.73169570   1.29544522   -0.73624286   
7.62000000   247.23000000   18.19000000   -68.24000000   25.72519159   99.72039115   1.05827882   -0.97109645   
7.62000000   247.23000000   18.19000000   -68.24000000   25.73821057   99.71278193   1.16888464   -0.94438320   
7.62000000   247.23000000   18.19000000   -68.24000000   25.73846565   99.71527776   1.04033521   -0.87978997   
7.62000000   247.23000000   18.19000000   -68.24000000   25.73699839   99.71347680   1.03728563   -0.74207375   
7.62000000   247.23000000   18.19000000   -68.24000000   25.70725131   99.72334653   1.55691955   -0.59622112   
7.62000000   247.23000000   18.19000000   -68.24000000   25.70106460   99.73807198   1.28017583   -0.54779758   
7.62000000   247.23000000   18.19000000   -68.24000000   25.73560324   99.73724696   1.99240543   -0.61077559   
7.62000000   247.23000000   18.19000000   -68.24000000   25.73297199   99.71990159   1.82503830   -0.57151386   
7.62000000   247.23000000   18.19000000   -68.24000000   25.70471490   99.75024413   1.65279841   -0.49514245   
7.62000000   247.23000000   18.19000000   -68.24000000   25.73761189   99.73226784   2.16502648   -0.60367829   
7.62000000   247.23000000   18.19000000   -68.24000000   25.73468094   99.73175358   1.58041355   -0.55774351   
7.62000000   247.23000000   18.19000000   -68.24000000   25.73149548   99.75744519   1.36012296   -0.42908074   
7.62000000   247.23000000   18.19000000   -68.24000000   25.71903087   99.76549678   1.65163613   -0.43178375   
7.62000000   247.23000000   18.19000000   -68.24000000   25.70935619   99.75421607   1.64153985   -0.18797600   
7.62000000   247.23000000   18.19000000   -68.24000000   25.72801454   99.75827398   1.44476249   -0.12881674   
7.62000000   247.23000000   18.19000000   -68.24000000   25.72986094   99.74806317   1.37526252   -0.00324592   
7.62000000   247.23000000   18.19000000   -68.24000000   25.71768948   99.74349588   1.59279137   -0.06936205   
7.62000000   247.23000000   18.19000000   -68.24000000   25.72864269   99.74534740   1.97231443   -0.00945449   
7.62000000   247.23000000   18.19000000   -68.24000000   25.73250165   99.74337890   1.69704115   -0.07768520   
7.62000000   247.23000000   18.19000000   -68.24000000   25.72380146   99.75835738   2.23684562   0.02981422   
7.62000000   247.23000000   18.19000000   -68.24000000   25.73314242   99.75545085   1.20621884   0.13758325   
7.62000000   247.23000000   18.19000000   -68.24000000   25.70076311   99.75550777   1.09213367   0.09137465   
7.62000000   247.23000000   18.19000000   -68.24000000   25.70839439   99.77450019   1.24368982   0.14760407   
7.62000000   247.23000000   18.19000000   -68.24000000   25.72262648   99.75418033   1.63535779   -0.04872231   
7.62000000   247.23000000   18.19000000   -68.24000000   25.72263179   99.71409075   2.17073899   -0.15672547   
7.62000000   247.23000000   18.19000000   -68.24000000   25.71388288   99.72512974   2.09507670   -0.10321617   
7.62000000   247.23000000   18.19000000   -68.24000000   25.72421148   99.72740606   1.53412289   -0.17253952   
7.62000000   247.23000000   18.19000000   -68.24000000   25.71821200   99.72093198   1.49088357   -0.37273260   
7.62000000   247.23000000   18.19000000   -68.24000000   25.73853373   99.72308425   1.52630334   -0.43610206   
7.62000000   247.23000000   18.19000000   -68.24000000   25.70991770   99.73707851   1.52207256   -0.40551105   
7.62000000   247.23000000   18.19000000   -68.24000000   25.70138138   99.72331703   1.20156423   -0.46019187   
7.62000000   247.23000000   18.19000000   -68.24000000   25.72860087   99.71945313   1.07130085   -0.60825638   
7.62000000   247.23000000   18.19000000   -68.24000000   25.69274449   99.73398991   1.09377359   -0.68858048   
7.62000000   247.23000000   18.19000000   -68.24000000   25.70503708   99.73540750   1.19814042   -0.66105540   
7.62000000   247.23000000   18.19000000   -68.24000000   25.71075338   99.72638457   1.03559137   -0.70323262   
7.62000000   247.23000000   18.19000000   -68.24000000   25.76294344   99.74822314   1.05005033   -0.59979298   
7.62000000   247.23000000   18.19000000   -68.24000000   25.75745266   99.71209000   1.13321439   -0.53611928   
7.62000000   247.23000000   18.19000000   -68.24000000   25.73344272   99.73735584   1.83719146   -0.48670222   
7.62000000   247.23000000   18.19000000   -68.24000000   25.71905639   99.74477251   1.69990484   -0.49603473   
7.62000000   247.23000000   18.19000000   -68.24000000   25.69770270   99.75756654   1.67382319   -0.50660458   
7.62000000   247.23000000   18.19000000   -68.24000000   25.70598670   99.74435097   1.52883834   -0.37670747   
7.62000000   247.23000000   18.19000000   -68.24000000   25.72041389   99.72902867   1.51662984   -0.47893217   
7.62000000   247.23000000   18.19000000   -68.24000000   25.73377107   99.74456136   1.27643174   -0.53005063   
7.62000000   247.23000000   18.19000000   -68.24000000   25.71372299   99.73650731   1.13204117   -0.56639106   
7.62000000   247.23000000   18.19000000   -68.24000000   25.74294152   99.74588790   1.58768080   -0.51905378   
7.62000000   247.23000000   18.19000000   -68.24000000   25.72371820   99.74860402   1.12296061   -0.55681268   
7.62000000   247.23000000   18.19000000   -68.24000000   25.71966335   99.75823575   1.11132959   -0.47390001   
7.62000000   247.23000000   18.19000000   -68.24000000   25.75213896   99.74236849   1.44097675   -0.46442611   
7.62000000   247.23000000   18.19000000   -68.24000000   25.74325225   99.74550591   1.91406048   -0.53758072   
7.62000000   247.23000000   18.19000000   -68.24000000   25.73441202   99.74075648   1.58996878   -0.52898300   
7.62000000   247.23000000   18.19000000   -68.24000000   25.73629971   99.73937327   1.59666598   -0.36028113   
7.62000000   247.23000000   18.19000000   -68.24000000   25.73734981   99.74582314   2.01868411   -0.33580698   
7.62000000   247.23000000   18.19000000   -68.24000000   25.73570529   99.72648767   1.91671863   -0.30337863   
7.62000000   247.23000000   18.19000000   -68.24000000   25.75310393   99.73362339   1.33801605   -0.21490006   
7.62000000   247.23000000   18.19000000   -68.24000000   25.73067480   99.72618537   1.61208123   -0.18985211   
7.62000000   247.23000000   18.19000000   -68.24000000   25.73904798   99.73204298   1.78986097   -0.13994888   
7.62000000   247.23000000   18.19000000   -68.24000000   25.72563754   99.75489193   1.65182185   -0.03531518   
7.62000000   247.23000000   18.19000000   -68.24000000   25.69758395   99.75795961   1.31844043   0.00725768   
7.62000000   247.23000000   18.19000000   -68.24000000   25.71276749   99.75263685   1.67781209   -0.05123225   
7.62000000   247.23000000   18.19000000   -68.24000000   25.72254035   99.73775244   1.05291916   -0.19010100   
7.62000000   247.23000000   18.19000000   -68.24000000   25.72720563   99.73640923   1.20497545   -0.26036279   
7.62000000   247.23000000   18.19000000   -68.24000000   25.73800940   99.75108940   1.02544043   -0.14085964   
7.62000000   247.23000000   18.19000000   -68.24000000   25.72184813   99.75861728   1.45643622   -0.12523560   
7.62000000   247.23000000   18.19000000   -68.24000000   25.71883217   99.77423117   1.14254381   -0.17393823   
7.62000000   247.23000000   18.19000000   -68.24000000   25.71518273   99.75544414   1.03238198   -0.23440408   
7.62000000   247.23000000   18.19000000   -68.24000000   25.71932274   99.75432922   1.04413353   -0.19676361   
7.62000000   247.23000000   18.19000000   -68.24000000   25.70915271   99.74323886   1.20817709   -0.01238248   
7.62000000   247.23000000   18.19000000   -68.24000000   25.71248100   99.76230506   1.82517276   0.09182592   
7.62000000   247.23000000   18.19000000   -68.24000000   25.70036821   99.74519070   1.55210157   0.25060279   
7.62000000   247.23000000   18.19000000   -68.24000000   25.70366705   99.72058304   2.17027627   0.15530287   
7.62000000   247.23000000   18.19000000   -68.24000000   25.71066439   99.72028016   1.09996559   0.16445956   
7.62000000   247.23000000   18.19000000   -68.24000000   25.71136097   99.76105637   2.07842621   0.18010147   
7.62000000   247.23000000   18.19000000   -68.24000000   25.73827891   99.77493629   2.17620803   0.11234788   
7.62000000   247.23000000   18.19000000   -68.24000000   25.74366406   99.76396019   2.27929627   0.10103579   
7.62000000   247.23000000   18.19000000   -68.24000000   25.69825005   99.73421420   1.67670082   0.12177484   
7.62000000   247.23000000   18.19000000   -68.24000000   25.73240987   99.73915482   1.80290864   0.27102937   
7.62000000   247.23000000   18.19000000   -68.24000000   25.71368025   99.75967483   1.83311782   0.34104929   
7.62000000   247.23000000   18.19000000   -68.24000000   25.73799871   99.76059137   1.79837265   0.34878177   
7.62000000   247.23000000   18.19000000   -68.24000000   25.70169309   99.77925972   1.97103370   0.50487958   
7.62000000   247.23000000   18.19000000   -68.24000000   25.72426323   99.78851799   1.36184462   0.48835971   
7.62000000   247.23000000   18.19000000   -68.24000000   25.72522127   99.78862887   1.63379857   0.59280571   
7.62000000   247.23000000   18.19000000   -68.24000000   25.71549633   99.75904022   2.05310743   0.57086025   
7.62000000   247.23000000   18.19000000   -68.24000000   25.72287779   99.74989319   1.61525507   0.55723427   
7.62000000   247.23000000   18.19000000   -68.24000000   25.73948072   99.78694618   2.06074313   0.35294558   
7.62000000   247.23000000   18.19000000   -68.24000000   25.71017957   99.76885944   1.56818911   0.30499981   
7.62000000   247.23000000   18.19000000   -68.24000000   25.72344900   99.76630675   1.49353321   0.10839715   
7.62000000   247.23000000   18.19000000   -68.24000000   25.73550208   99.79633177   1.42692415   0.02455280   
7.62000000   247.23000000   18.19000000   -68.24000000   25.72399667   99.78035872   1.63920299   0.07562690   
7.62000000   247.23000000   18.19000000   -68.24000000   25.70997056   99.78230293   1.14883242   0.12336324   
7.62000000   247.23000000   18.19000000   -68.24000000   25.73033066   99.77512324   1.49738553   0.19162424   
7.62000000   247.23000000   18.19000000   -68.24000000   25.72561100   99.77434695   1.90861555   0.27445727   
7.62000000   247.23000000   18.19000000   -68.24000000   25.71959911   99.77180713   2.09596997   0.27901153   
7.62000000   247.23000000   18.19000000   -68.24000000   25.70663938   99.78699795   1.55738437   0.22252654   
7.62000000   247.23000000   18.19000000   -68.24000000   25.73106476   99.75926784   1.52386944   0.31818101   
7.62000000   247.23000000   18.19000000   -68.24000000   25.71475609   99.75720020   1.65277724   0.45384163   
7.62000000   247.23000000   18.19000000   -68.24000000   25.73665021   99.77206488   1.71180147   0.42189182   
7.62000000   247.23000000   18.19000000   -68.24000000   25.73886256   99.77535503   1.44202281   0.33836044   
7.62000000   247.23000000   18.19000000   -68.24000000   25.74257810   99.75088017   1.62654935   0.19222026   
7.62000000   247.23000000   18.19000000   -68.24000000   25.72153671   99.75960065   1.33732672   0.21886485   
7.62000000   247.23000000   18.19000000   -68.24000000   25.71656860   99.76431517   1.01788272   0.28817589   
7.62000000   247.23000000   18.19000000   -68.24000000   25.72026778   99.74835322   1.18917392   0.23937616   
7.62000000   247.23000000   18.19000000   -68.24000000   25.73416128   99.77372128   1.32262568   0.21269092   
7.62000000   247.23000000   18.19000000   -68.24000000   25.71153767   99.73918171   1.95760475   0.14647951   
7.62000000   247.23000000   18.19000000   -68.24000000   25.72929367   99.76270433   2.17205465   0.00938165   
7.62000000   247.23000000   18.19000000   -68.24000000   25.72667709   99.76737187   1.86596286   0.18910542   
7.62000000   247.23000000   18.19000000   -68.24000000   25.72782210   99.75113520   2.21643724   0.19947384   
7.62000000   247.23000000   18.19000000   -68.24000000   25.72773312   99.74863198   1.06822831   0.17578205   
7.62000000   247.23000000   18.19000000   -68.24000000   25.71895864   99.75161749   1.13997518   0.01278887   
7.62000000   247.23000000   18.19000000   -68.24000000   25.72333084   99.73745154   1.16760337   -0.07579555   
7.62000000   247.23000000   18.19000000   -68.24000000   25.73503062   99.77033206   1.56701011   0.00276567   
7.62000000   247.23000000   18.19000000   -68.24000000   25.70083794   99.77773499   1.42385528   -0.14386243   
7.62000000   247.23000000   18.19000000   -68.24000000   25.70570973   99.77611788   1.90324710   -0.23532559   
7.62000000   247.23000000   18.19000000   -68.24000000   25.72762144   99.73120455   1.31503823   -0.44116755   
7.62000000   247.23000000   18.19000000   -68.24000000   25.71677697   99.73426926   1.49440900   -0.40932942   
7.62000000   247.23000000   18.19000000   -68.24000000   25.71822638   99.72261962   1.20085107   -0.48570570   
7.62000000   247.23000000   18.19000000   -68.24000000   25.70833339   99.72123961   1.17847412   -0.40311149   
7.62000000   247.23000000   18.19000000   -68.24000000   25.70426130   99.71338278   1.40454451   -0.52504670   
7.62000000   247.23000000   18.19000000   -68.24000000   25.71270988   99.73246787   1.72178511   -0.55784100   
7.62000000   247.23000000   18.19000000   -68.24000000   25.73049731   99.74313118   1.42227737   -0.60010735   
7.62000000   247.23000000   18.19000000   -68.24000000   25.72810622   99.72882428   1.49382065   -0.77195000   
7.62000000   247.23000000   18.19000000   -68.24000000   25.73411631   99.72104128   1.55932096   -0.76273645   
7.62000000   247.23000000   18.19000000   -68.24000000   25.75452547   99.72512821   2.19584927   -0.73356280   
7.62000000   247.23000000   18.19000000   -68.24000000   25.72385620   99.72024002   2.60218515   -0.60174623   
7.62000000   247.23000000   18.19000000   -68.24000000   25.74398548   99.73682476   2.29621765   -0.60813736   
7.62000000   247.23000000   18.19000000   -68.24000000   25.73099263   99.70925673   2.21768126   -0.54450096   
7.62000000   247.23000000   18.19000000   -68.24000000   25.73968933   99.72226337   1.66521687   -0.48112417   
7.62000000   247.23000000   18.19000000   -68.24000000   25.74350748   99.72858586   1.15791888   -0.37406952   
7.62000000   247.23000000   18.19000000   -68.24000000   25.73795029   99.73828084   1.54442406   -0.29747907   
7.62000000   247.23000000   18.19000000   -68.24000000   25.73616528   99.73506226   1.47183515   -0.32649573   
7.62000000   247.23000000   18.19000000   -68.24000000   25.72514198   99.74638683   1.48916251   -0.28324952   
7.62000000   247.23000000   18.19000000   -68.24000000   25.71127528   99.76790957   1.96968140   -0.25415284   
7.62000000   247.23000000   18.19000000   -68.24000000   25.71148356   99.76393181   2.15165932   -0.24207338   
7.62000000   247.23000000   18.19000000   -68.24000000   25.72462652   99.75679208   1.88498804   -0.17112310   
7.62000000   247.23000000   18.19000000   -68.24000000   25.74819747   99.74594801   2.15534364   -0.07503850   
7.62000000   247.23000000   18.19000000   -68.24000000   25.73565030   99.72927505   2.00156684   -0.14156246   
7.62000000   247.23000000   18.19000000   -68.24000000   25.74613775   99.72842205   1.46167586   -0.06172788   
7.62000000   247.23000000   18.19000000   -68.24000000   25.71455753   99.73507870   1.55153805   -0.07137640   
7.62000000   247.23000000   18.19000000   -68.24000000   25.72740790   99.73288478   1.82118145   -0.19442429   
7.62000000   247.23000000   18.19000000   -68.24000000   25.71062974   99.73511410   2.12933049   -0.21036775   
7.62000000   247.23000000   18.19000000   -68.24000000   25.75983643   99.75106537   2.26291079   -0.19492256   
7.62000000   247.23000000   18.19000000   -68.24000000   25.75689982   99.74687509   2.34618776   -0.13557649   
7.62000000   247.23000000   18.19000000   -68.24000000   25.71087064   99.72988809   2.00735536   -0.13168301   
7.62000000   247.23000000   18.19000000   -68.24000000   25.71543774   99.73385612   1.20117959   -0.10202966   
7.62000000   247.23000000   18.19000000   -68.24000000   25.72154874   99.74941054   1.49727662   -0.02161255   
7.62000000   247.23000000   18.19000000   -68.24000000   25.72479660   99.78452371   1.24446924   0.10452891   
7.62000000   247.23000000   18.19000000   -68.24000000   25.73341863   99.77326475   1.20629588   -0.03022804   
7.62000000   247.23000000   18.19000000   -68.24000000   25.73892890   99.75227994   1.70461966   -0.05643206   
7.62000000   247.23000000   18.19000000   -68.24000000   25.74123073   99.75460143   1.72025137   -0.17839600   
7.62000000   247.23000000   18.19000000   -68.24000000   25.70605082   99.75855053   1.29823407   -0.24458568   
7.62000000   247.23000000   18.19000000   -68.24000000   25.69998621   99.76093987   1.43956629   -0.34228807   
7.62000000   247.23000000   18.19000000   -68.24000000   25.71528436   99.75603296   1.17342584   -0.39889222   
7.62000000   247.23000000   18.19000000   -68.24000000   25.71928035   99.74491700   1.23589639   -0.41047944   
7.62000000   247.23000000   18.19000000   -68.24000000   25.71940868   99.73913693   1.00789055   -0.51094618   
7.62000000   247.23000000   18.19000000   -68.24000000   25.71997320   99.73324773   1.04455070   -0.41245706   
7.62000000   247.23000000   18.19000000   -68.24000000   25.72787428   99.74438386   1.40953943   -0.34368170   
7.62000000   247.23000000   18.19000000   -68.24000000   25.72350040   99.74165278   1.46290514   -0.38045742   
7.62000000   247.23000000   18.19000000   -68.24000000   25.74450368   99.74150065   1.21248130   -0.27989511   
7.62000000   247.23000000   18.19000000   -68.24000000   25.74059194   99.73739001   1.08588907   -0.21891019   
7.62000000   247.23000000   18.19000000   -68.24000000   25.72549969   99.73085281   1.34428713   -0.22015462   
7.62000000   247.23000000   18.19000000   -68.24000000   25.73270585   99.73301992   1.52196225   -0.20869238   
7.62000000   247.23000000   18.19000000   -68.24000000   25.72765035   99.72050277   1.54047885   -0.31494530   
7.62000000   247.23000000   18.19000000   -68.24000000   25.71055049   99.71625363   1.64434026   -0.24397869   
7.62000000   247.23000000   18.19000000   -68.24000000   25.73857731   99.74218763   1.80439388   -0.21864630   
7.62000000   247.23000000   18.19000000   -68.24000000   25.73079654   99.75280189   1.30525513   -0.33769029   
7.62000000   247.23000000   18.19000000   -68.24000000   25.71516778   99.74410482   1.04103871   -0.33421672   
7.62000000   247.23000000   18.19000000   -68.24000000   25.73678725   99.77302877   1.08519321   -0.37780055   
7.62000000   247.23000000   18.19000000   -68.24000000   25.71008107   99.76814536   1.20205473   -0.41892746   
7.62000000   247.23000000   18.19000000   -68.24000000   25.70603642   99.75956948   1.15691690   -0.36356901   
7.62000000   247.23000000   18.19000000   -68.24000000   25.70149761   99.72894697   1.13470179   -0.32364061   
7.62000000   247.23000000   18.19000000   -68.24000000   25.72086719   99.73483124   1.88844251   -0.35180021   
7.62000000   247.23000000   18.19000000   -68.24000000   25.70390836   99.73835711   1.68286048   -0.34975427   
7.62000000   247.23000000   18.19000000   -68.24000000   25.71720683   99.76319096   1.18478282   -0.31614663   
7.62000000   247.23000000   18.19000000   -68.24000000   25.70515329   99.75037045   1.25642929   -0.38042487   
7.62000000   247.23000000   18.19000000   -68.24000000   25.69953803   99.73814267   1.74007383   -0.51196795   
7.62000000   247.23000000   18.19000000   -68.24000000   25.70520823   99.72669216   1.55558540   -0.60842806   
7.62000000   247.23000000   18.19000000   -68.24000000   25.71889426   99.74459945   1.70817964   -0.67700233   
7.62000000   247.23000000   18.19000000   -68.24000000   25.72150985   99.72773455   1.37823833   -0.77196255   
7.62000000   247.23000000   18.19000000   -68.24000000   25.71298526   99.73643901   1.55347679   -0.78734968   
7.62000000   247.23000000   18.19000000   -68.24000000   25.74078627   99.71569966   1.82708276   -0.80245044   
7.62000000   247.23000000   18.19000000   -68.24000000   25.77133679   99.70288461   1.70382871   -0.90559749   
7.62000000   247.23000000   18.19000000   -68.24000000   25.74610484   99.73375430   1.11220628   -0.83868242   
7.62000000   247.23000000   18.19000000   -68.24000000   25.70838397   99.73874434   1.19188502   -0.82693250   
7.62000000   247.23000000   18.19000000   -68.24000000   25.71050818   99.72231592   1.18533067   -0.81503103   
7.62000000   247.23000000   18.19000000   -68.24000000   25.73760268   99.73555630   1.21817524   -0.71064937   
7.62000000   247.23000000   18.19000000   -68.24000000   25.73241380   99.72173154   1.49965828   -0.59931244   
7.62000000   247.23000000   18.19000000   -68.24000000   25.75415032   99.72031593   1.54895105   -0.53007396   
7.62000000   247.23000000   18.19000000   -68.24000000   25.73388952   99.74510426   1.40408255   -0.53381147   
7.62000000   247.23000000   18.19000000   -68.24000000   25.73695059   99.74625304   1.14371314   -0.68583028   
7.62000000   247.23000000   18.19000000   -68.24000000   25.72099554   99.74554415   1.34004555   -0.50604617   
7.62000000   247.23000000   18.19000000   -68.24000000   25.73244329   99.76131699   1.42122423   -0.49479230   
7.62000000   247.23000000   18.19000000   -68.24000000   25.73283890   99.76970116   1.44227655   -0.38889901   
7.62000000   247.23000000   18.19000000   -68.24000000   25.71674036   99.77228351   1.21540765   -0.45221251   
7.62000000   247.23000000   18.19000000   -68.24000000   25.70289723   99.74901699   1.62047984   -0.23906126   
7.62000000   247.23000000   18.19000000   -68.24000000   25.73443890   99.77300348   1.28634721   -0.23951830   
7.62000000   247.23000000   18.19000000   -68.24000000   25.72764595   99.76360684   1.87734133   -0.25161138   
7.62000000   247.23000000   18.19000000   -68.24000000   25.74596244   99.77046891   1.19362934   -0.10467673   
7.62000000   247.23000000   18.19000000   -68.24000000   25.73145406   99.75078919   1.55298737   -0.18952597   
7.62000000   247.23000000   18.19000000   -68.24000000   25.71517667   99.76291738   1.77313758   -0.13989864   
7.62000000   247.23000000   18.19000000   -68.24000000   25.71797063   99.77812125   1.68952743   -0.27546220   
7.62000000   247.23000000   18.19000000   -68.24000000   25.71631433   99.74465135   1.59682128   -0.28948502   
7.62000000   247.23000000   18.19000000   -68.24000000   25.70444255   99.74686969   1.08525184   -0.27111627   
7.62000000   247.23000000   18.19000000   -68.24000000   25.72123466   99.74426919   1.10382180   -0.28072351   
7.62000000   247.23000000   18.19000000   -68.24000000   25.71593421   99.73913275   1.02545724   -0.37917120   
7.62000000   247.23000000   18.19000000   -68.24000000   25.73426591   99.74161708   1.11619418   -0.57274592   
7.62000000   247.23000000   18.19000000   -68.24000000   25.74483623   99.74744038   1.18367307   -0.74095193   
7.62000000   247.23000000   18.19000000   -68.24000000   25.70923407   99.73788965   1.09697080   -0.62267739   
7.62000000   247.23000000   18.19000000   -68.24000000   25.72264946   99.73566688   1.12106953   -0.58263213   
7.62000000   247.23000000   18.19000000   -68.24000000   25.71618994   99.73312717   1.14845396   -0.71288691   
7.62000000   247.23000000   18.19000000   -68.24000000   25.73276762   99.72712981   1.16925110   -0.79552465   
7.62000000   247.23000000   18.19000000   -68.24000000   25.72174696   99.75034096   1.21215902   -0.70975559   
7.62000000   247.23000000   18.19000000   -68.24000000   25.74362117   99.74451343   1.22099202   -0.70164540   
7.62000000   247.23000000   18.19000000   -68.24000000   25.74791515   99.71980179   1.53445300   -0.65525491   
7.62000000   247.23000000   18.19000000   -68.24000000   25.74455634   99.72781320   1.48881338   -0.76486726   
7.62000000   247.23000000   18.19000000   -68.24000000   25.74134286   99.71511890   1.41985270   -0.60272542   
7.62000000   247.23000000   18.19000000   -68.24000000   25.72980580   99.72640628   1.32686936   -0.60623377   
7.62000000   247.23000000   18.19000000   -68.24000000   25.72950312   99.75501776   1.12888149   -0.65876182   
7.62000000   247.23000000   18.19000000   -68.24000000   25.73194146   99.73851882   1.19664727   -0.64482929   
7.62000000   247.23000000   18.19000000   -68.24000000   25.73782246   99.72653324   1.25601038   -0.56221395   
7.62000000   247.23000000   18.19000000   -68.24000000   25.72631221   99.73853519   1.30849277   -0.66736068   
7.62000000   247.23000000   18.19000000   -68.24000000   25.71042534   99.74717638   1.00803796   -0.52710292   
7.62000000   247.23000000   18.19000000   -68.24000000   25.72455460   99.76243061   1.25176069   -0.55345509   
7.62000000   247.23000000   18.19000000   -68.24000000   25.70440145   99.75388094   1.68436065   -0.44044034   
7.62000000   247.23000000   18.19000000   -68.24000000   25.72422071   99.73907593   1.87608020   -0.45335519   
7.62000000   247.23000000   18.19000000   -68.24000000   25.72343538   99.74054251   1.78890462   -0.32581215   
7.62000000   247.23000000   18.19000000   -68.24000000   25.72146077   99.73281500   1.33360415   -0.33488301   
7.62000000   247.23000000   18.19000000   -68.24000000   25.73499227   99.74422695   1.27351249   -0.34871525   
7.62000000   247.23000000   18.19000000   -68.24000000   25.71894351   99.74838764   1.35521351   -0.43253782   
7.62000000   247.23000000   18.19000000   -68.24000000   25.74032152   99.75455434   1.41374359   -0.37174967   
7.62000000   247.23000000   18.19000000   -68.24000000   25.72859355   99.75208596   1.63679890   -0.26556907   
7.62000000   247.23000000   18.19000000   -68.24000000   25.72149469   99.77116146   1.18636180   -0.28812178   
7.62000000   247.23000000   18.19000000   -68.24000000   25.72535624   99.76220761   1.67016742   -0.35525221   
7.62000000   247.23000000   18.19000000   -68.24000000   25.70218204   99.72753618   1.13574505   -0.42596415   
7.62000000   247.23000000   18.19000000   -68.24000000   25.72196267   99.74099659   1.23499998   -0.46032014   
7.62000000   247.23000000   18.19000000   -68.24000000   25.72971518   99.74532591   1.30139426   -0.30886808   
7.62000000   247.23000000   18.19000000   -68.24000000   25.70861554   99.73517133   1.50512183   -0.44960704   
7.62000000   247.23000000   18.19000000   -68.24000000   25.70706789   99.73244293   1.05844698   -0.44579051   
7.62000000   247.23000000   18.19000000   -68.24000000   25.71920803   99.73591698   1.29872722   -0.43794811   
7.62000000   247.23000000   18.19000000   -68.24000000   25.73261506   99.76337374   1.53231815   -0.37571375   
7.62000000   247.23000000   18.19000000   -68.24000000   25.72666992   99.75617255   1.90995318   -0.45610624   
7.62000000   247.23000000   18.19000000   -68.24000000   25.72259327   99.72636276   1.11150114   -0.42322609   
7.62000000   247.23000000   18.19000000   -68.24000000   25.72721228   99.73848196   1.09710764   -0.48974227   
7.62000000   247.23000000   18.19000000   -68.24000000   25.74004369   99.72917818   1.15684843   -0.70568596   
7.62000000   247.23000000   18.19000000   -68.24000000   25.72491826   99.70448903   1.15335784   -0.82625504   
7.62000000   247.23000000   18.19000000   -68.24000000   25.71556543   99.70406274   1.05150349   -0.74748699   
7.62000000   247.23000000   18.19000000   -68.24000000   25.72438383   99.70460083   1.96635929   -0.78137819   
7.62000000   247.23000000   18.19000000   -68.24000000   25.72591119   99.71125986   1.87254731   -0.74617062   
7.62000000   247.23000000   18.19000000   -68.24000000   25.72737502   99.71510890   1.79809544   -0.79817811   
7.62000000   247.23000000   18.19000000   -68.24000000   25.73401017   99.71200538   2.50213530   -0.87370385   
7.62000000   247.23000000   18.19000000   -68.24000000   25.74045852   99.72030289   2.68686167   -0.82886753   
7.62000000   247.23000000   18.19000000   -68.24000000   25.73883169   99.70043681   2.60254943   -0.99152292   
7.62000000   247.23000000   18.19000000   -68.24000000   25.72973179   99.72523505   2.08285257   -1.03561818   
7.62000000   247.23000000   18.19000000   -68.24000000   25.73714318   99.73383642   1.55228617   -1.02758208   
7.62000000   247.23000000   18.19000000   -68.24000000   25.72320259   99.73502654   1.69230282   -0.96100508   
7.62000000   247.23000000   18.19000000   -68.24000000   25.71834877   99.72762944   1.02156244   -1.17281899   
7.62000000   247.23000000   18.19000000   -68.24000000   25.71519822   99.74921898   1.15799603   -1.00428310   
7.62000000   247.23000000   18.19000000   -68.24000000   25.72059424   99.74211678   1.41806184   -0.95687238   
7.62000000   247.23000000   18.19000000   -68.24000000   25.70788793   99.74425842   1.18814765   -1.06059164   
7.62000000   247.23000000   18.19000000   -68.24000000   25.70659160   99.70938619   1.01460251   -1.02517203   
7.62000000   247.23000000   18.19000000   -68.24000000   25.69997483   99.70103523   1.51944509   -0.80508855   
7.62000000   247.23000000   18.19000000   -68.24000000   25.72126863   99.72666327   2.02166678   -0.64329678   
7.62000000   247.23000000   18.19000000   -68.24000000   25.73004266   99.74969729   1.26875383   -0.64015169   
7.62000000   247.23000000   18.19000000   -68.24000000   25.72521061   99.72193817   1.35174564   -0.66179492   
7.62000000   247.23000000   18.19000000   -68.24000000   25.73129006   99.74118055   1.30771567   -0.73611013   
7.62000000   247.23000000   18.19000000   -68.24000000   25.73957071   99.74064637   1.21814974   -0.74408128   
7.62000000   247.23000000   18.19000000   -68.24000000   25.73170150   99.72394900   1.10237156   -0.85289038   
7.62000000   247.23000000   18.19000000   -68.24000000   25.73284000   99.71038047   1.23961040   -0.89111938   
7.62000000   247.23000000   18.19000000   -68.24000000   25.74020705   99.71443273   1.07710285   -0.88865253   
7.62000000   247.23000000   18.19000000   -68.24000000   25.72361225   99.73675361   1.16834712   -0.83768785   
7.62000000   247.23000000   18.19000000   -68.24000000   25.71397239   99.73899402   1.14992550   -0.80968956   
7.62000000   247.23000000   18.19000000   -68.24000000   25.73682430   99.73279972   1.24411739   -0.67914881   
7.62000000   247.23000000   18.19000000   -68.24000000   25.71759490   99.70940711   1.53889587   -0.69252088   
7.62000000   247.23000000   18.19000000   -68.24000000   25.73305442   99.74180893   1.68340724   -0.77306215   
7.62000000   247.23000000   18.19000000   -68.24000000   25.73423416   99.74979978   1.20195395   -0.85999700   
7.62000000   247.23000000   18.19000000   -68.24000000   25.73597922   99.73337797   1.00771637   -0.86817492   
7.62000000   247.23000000   18.19000000   -68.24000000   25.72336331   99.73105616   1.14714285   -0.77761763   
7.62000000   247.23000000   18.19000000   -68.24000000   25.71596896   99.75111587   1.09620888   -0.98894511   
7.62000000   247.23000000   18.19000000   -68.24000000   25.72807880   99.73974702   1.39595955   -0.93445271   
7.62000000   247.23000000   18.19000000   -68.24000000   25.75959617   99.73735616   1.12872838   -1.04426274   
7.62000000   247.23000000   18.19000000   -68.24000000   25.73758993   99.71713887   1.02481589   -1.18834284   
