729.66662889   
715.25357700   
736.84176439   
713.50495028   
746.96121249   
694.99090801   
715.47883075   
717.89711603   
685.69444739   
719.60761934   
702.60388093   
706.76864563   
690.39723696   
706.40332098   
705.45154377   
709.01770787   
717.14295108   
694.08440810   
681.27327538   
691.65002005   
673.24460872   
697.61125216   
702.88274184   
688.09765307   
670.45338112   
665.14576478   
677.44151977   
661.93539157   
662.25095686   
673.67486414   
673.28836270   
666.43778092   
658.07594077   
666.20972288   
654.57886663   
669.97959267   
660.11554899   
695.06093113   
660.04096548   
654.81811390   
649.69738718   
656.00786377   
671.24864520   
643.09681417   
676.85050167   
644.96904283   
644.09260855   
641.87370320   
649.05874127   
659.76230905   
658.44037260   
649.26516966   
645.15953985   
661.13967287   
641.80128851   
668.44919959   
654.38561383   
658.90520779   
660.35580824   
641.15482475   
667.25155166   
651.00466513   
637.54312019   
644.96962730   
661.07916725   
649.46542883   
648.53697391   
658.98478488   
649.92250734   
630.00862019   
647.48408831   
635.84184483   
639.94808880   
643.46827131   
631.16250664   
637.43595737   
645.18693763   
654.00199715   
640.26980988   
641.65614305   
630.15467240   
647.38173126   
633.60095059   
641.13329022   
635.19394438   
634.48724383   
628.90777272   
639.97047083   
628.70154659   
628.37405297   
644.38820951   
628.81593021   
634.69482087   
634.14371859   
634.94358315   
638.87240588   
630.49674188   
630.89982834   
626.23083893   
634.10059050   
632.97926969   
627.86869631   
634.59407284   
639.46720151   
623.82912854   
631.83726729   
618.52176118   
624.11680909   
642.28401437   
620.57493294   
623.34285213   
647.44805696   
622.48596853   
663.35921976   
619.79478224   
628.06197687   
619.55580965   
638.45360722   
634.98980625   
625.17148700   
636.31313366   
635.30951295   
626.41944192   
627.44351572   
627.81184263   
626.31555993   
638.65449889   
628.54735810   
625.31820275   
627.76635250   
628.84969851   
617.10889021   
625.49285724   
620.53771860   
622.76354466   
624.16269855   
619.64413352   
620.67961741   
625.42722033   
615.87613714   
637.91593837   
625.94853167   
619.41853586   
616.48519422   
618.75557991   
618.91220495   
613.85939534   
619.88226421   
630.87393171   
616.26990561   
624.90963733   
631.82954912   
617.08717695   
627.26567551   
618.61796065   
620.94655463   
622.20508254   
623.08087482   
625.86994410   
620.97529123   
622.13270560   
621.45270371   
619.63453643   
618.25216478   
625.94804139   
620.30033579   
618.99336802   
616.23048212   
658.94715894   
624.03757283   
626.31977502   
615.12427045   
615.35804615   
615.93044261   
614.97835702   
640.62672812   
619.59738343   
620.01413447   
621.79158348   
618.99491292   
611.25730889   
617.99998815   
621.07514773   
627.24481735   
615.60446367   
607.80451675   
614.29845123   
603.83961008   
606.31970289   
620.86345096   
609.05527461   
606.21352081   
609.70354061   
620.67911414   
606.30301414   
609.68036941   
623.71068123   
604.86627878   
600.64740027   
605.49718787   
607.66190019   
605.03758208   
616.10502460   
606.49669467   
602.91515956   
610.07109988   
601.35774117   
599.59862958   
605.87154198   
604.34779932   
600.53760368   
602.68320016   
599.27717001   
600.01905308   
603.91361565   
598.60328180   
602.61864304   
601.01300723   
594.49748204   
595.67208947   
593.52008229   
598.40316296   
600.74965960   
596.18957920   
597.62359901   
594.63386695   
596.27822384   
597.26479161   
594.27764186   
596.92368380   
601.03612923   
599.19752632   
594.41029793   
600.37460064   
595.88961780   
597.34560305   
600.62644158   
596.58010607   
595.74338330   
599.84926862   
603.94463462   
601.52297193   
593.04998201   
595.32657180   
597.80845215   
601.66159641   
592.96934568   
602.42622116   
598.47712756   
595.24347544   
607.91536902   
598.44693857   
589.47821653   
602.16078499   
607.76967401   
602.77498382   
589.65473691   
602.02886373   
594.93339043   
596.38921729   
605.60395421   
590.52375528   
592.74242389   
588.42569273   
586.89754745   
593.30589250   
592.24951751   
589.99325643   
586.88066756   
594.09226256   
587.98814037   
598.29655660   
590.07202599   
610.94248561   
595.79142131   
594.52251331   
596.33406467   
600.93019576   
595.35303139   
592.35608176   
600.54591782   
590.85314436   
597.49273159   
592.26607403   
597.95886863   
601.61597813   
599.49360861   
594.38741124   
599.58087415   
599.80941040   
597.09360190   
605.01513645   
597.78014553   
596.10060310   
603.92926131   
595.42892615   
596.66101694   
591.49172804   
595.22479987   
607.98187855   
591.14073931   
604.88132504   
631.57667971   
592.55174710   
595.37750806   
591.58098675   
602.28131172   
592.92480651   
599.20823039   
619.06907496   
598.37499491   
592.25425788   
598.34507980   
591.18733792   
593.31327521   
599.13979465   
603.54300941   
600.68825443   
597.52189002   
614.85263960   
591.53054328   
587.83949808   
585.99954721   
587.59777200   
588.94306941   
591.77198503   
585.66856460   
580.22933682   
580.95000136   
580.09218005   
579.61468891   
579.06346008   
589.03019503   
582.60613103   
578.86135561   
579.65768045   
584.80607501   
578.98741075   
578.70693096   
575.60867002   
583.01473650   
578.24815935   
584.25473784   
587.14453212   
585.26868392   
583.96679348   
588.56716317   
584.81811095   
582.68004877   
594.36159997   
590.80275914   
578.10413631   
584.66795274   
575.69798185   
579.79262832   
573.74508315   
581.75417553   
577.12919542   
575.76521362   
574.13406663   
577.38501481   
574.47393871   
577.99092305   
574.84465066   
578.31351271   
580.95361558   
578.87462433   
574.36022156   
579.96304079   
582.01747461   
590.41694602   
567.51618642   
575.63034132   
570.16102741   
572.31084905   
581.48974597   
571.71980938   
570.31095971   
580.07606053   
577.87935207   
569.16651440   
568.93168859   
577.68024996   
567.71541147   
571.51192149   
585.38443938   
567.50624393   
567.79338369   
570.53282898   
570.99675154   
571.91521155   
572.71955713   
579.18327299   
576.01708358   
569.88659556   
568.22068672   
578.85965896   
568.44140253   
570.16522826   
577.00040122   
574.23942867   
570.47775175   
568.76260071   
567.76841300   
565.25076585   
564.58724924   
566.83204198   
563.78614088   
569.66594437   
560.57377102   
566.38594345   
564.37025856   
566.02751058   
568.80217516   
563.15446548   
562.36848890   
562.22277630   
564.03859843   
559.95211835   
557.88749791   
565.09434475   
556.68033318   
551.13619325   
554.46062046   
559.88721522   
554.24827918   
560.67481548   
564.65139772   
557.99095075   
552.16474235   
559.14529848   
551.90857080   
562.28823103   
555.42940515   
552.54080630   
555.40421268   
560.29545749   
554.33932829   
561.08727158   
555.21165135   
559.70957898   
565.99619125   
550.04338533   
548.84127070   
547.74335044   
547.37010960   
548.01008838   
545.67698725   
556.14689380   
543.95161055   
547.57532605   
546.91499512   
544.64833283   
561.36474705   
548.28967142   
545.38289774   
557.78081627   
549.63806247   
549.31229730   
549.84297657   
546.07920750   
545.99147664   
563.42040349   
546.81667269   
555.97930593   
544.11540014   
551.98688704   
542.60187391   
544.53553611   
549.16251137   
546.99749172   
546.11376276   
552.18438617   
551.72176837   
544.95096748   
546.15819552   
543.54668647   
541.24556019   
543.54960283   
536.52504618   
539.24307209   
532.99918205   
534.36589761   
533.51652307   
534.56633007   
536.34870882   
547.56778908   
548.85821369   
546.00351910   
533.70565247   
532.55722378   
552.10564093   
536.08569735   
539.82708468   
521.61890897   
521.69328999   
544.33870768   
537.03462770   
525.99899735   
525.33000370   
520.92280067   
525.09289634   
521.80553683   
537.00993571   
530.00394218   
531.18100939   
538.09930077   
521.81981358   
524.25831663   
522.04969878   
544.33200851   
526.75427829   
537.22208764   
525.40207012   
524.79837854   
520.00664231   
538.26436322   
519.37631567   
522.51765893   
528.59840703   
530.87379573   
518.46588237   
521.44518862   
521.97594356   
519.18659828   
518.33131227   
522.80537828   
524.43248283   
524.13947694   
522.39471452   
518.17480317   
521.59739577   
523.20225197   
522.10859764   
522.69949968   
519.80599495   
521.92559251   
535.06287432   
519.86106334   
525.41167283   
525.83968825   
530.54672558   
522.56179523   
520.24746296   
526.34145808   
524.58244043   
527.19756014   
523.01724675   
533.60435140   
530.35901977   
531.81453139   
520.63597263   
520.68129540   
526.42929588   
521.74915877   
521.16753847   
528.44427819   
520.50625091   
525.91991369   
517.29408612   
524.03535140   
520.39695041   
532.83824878   
526.71246467   
524.34487864   
531.42840063   
527.03199815   
527.16564033   
531.97246726   
525.66172820   
527.66691509   
521.41633794   
523.64842168   
535.70781389   
529.23509661   
533.29126291   
529.04816605   
519.90520804   
529.93437091   
526.67021062   
534.61934353   
521.05396825   
525.94906055   
523.65941541   
521.82760339   
524.80699211   
536.74425550   
522.87476904   
534.00808119   
550.42910126   
530.95086429   
530.57948684   
525.17903441   
528.16269649   
519.97208020   
525.01764758   
525.93279769   
525.68156847   
534.71463075   
529.91272677   
531.41207672   
523.43716829   
523.25276106   
543.06517975   
531.65513645   
533.43506766   
536.70660776   
526.48546936   
535.91655632   
530.81872673   
525.01141136   
537.70515880   
523.68971478   
527.17252565   
525.28947610   
522.79662491   
523.06904027   
534.69170010   
531.65916767   
525.22660859   
540.44377063   
528.39086200   
526.31819061   
539.18263121   
533.09883281   
524.49617020   
550.76771203   
525.04552240   
530.71478113   
522.92684349   
533.43444780   
519.25785758   
526.37311005   
523.79279853   
533.58908871   
520.01794034   
527.91866245   
528.65423588   
524.27214013   
520.09109924   
523.09696572   
537.54965151   
553.34142415   
535.44508440   
519.98745934   
526.92326102   
526.80586543   
528.35937782   
523.89618222   
544.08672892   
522.13235476   
526.48600719   
523.40298959   
524.49027739   
534.33431815   
529.76514062   
518.03049577   
520.48864529   
528.24437366   
518.11187599   
520.56325026   
519.96185994   
525.54563374   
536.47853287   
533.13007223   
528.28794486   
532.32608260   
522.82389797   
523.10996226   
526.17130800   
523.05620359   
521.77730348   
528.13744500   
522.80745175   
526.42302133   
522.20032977   
525.43801443   
519.14870544   
530.88749942   
522.87945463   
519.90592700   
532.57222348   
525.90188510   
524.64860652   
522.77251933   
531.25426653   
522.86267647   
532.30910733   
524.11063795   
532.57899139   
525.07368641   
520.80100805   
531.19811704   
538.05803027   
533.77217457   
522.42716991   
526.71930655   
523.92367506   
533.94651458   
546.65798712   
527.68193097   
523.90526820   
540.38304549   
527.75192605   
521.94383986   
529.39534704   
523.75643416   
517.82839770   
529.13955229   
518.37507872   
521.71893500   
520.35948862   
525.63623458   
520.16282431   
525.15041599   
526.95232391   
524.09385786   
523.03679649   
525.20100936   
522.24908622   
533.91007485   
524.95826122   
517.91242895   
522.57301273   
528.34018456   
523.23070437   
522.71399493   
522.10616811   
528.58098748   
527.15554751   
521.74016471   
519.70287839   
523.00539494   
521.74529686   
525.79248464   
519.66640349   
546.46899627   
519.22683655   
521.72739740   
518.52471005   
521.11542518   
525.97992627   
522.03687501   
525.03204052   
528.25119648   
526.76484168   
518.39003359   
528.57437078   
519.48136858   
529.32643749   
525.86016362   
527.73091062   
518.82038066   
530.80663323   
520.65301035   
525.00399500   
523.42088914   
529.44876429   
522.08096227   
519.43275404   
526.49313253   
528.16381710   
525.56519444   
526.58566395   
527.27614095   
538.58664823   
532.68052041   
552.80271323   
532.04443158   
529.84262519   
528.19164148   
538.72658401   
537.51417388   
524.32198420   
525.70889951   
529.80236996   
527.56842991   
539.48643748   
562.46377541   
524.72425651   
524.96292665   
542.39433972   
533.99778693   
525.46572259   
530.51740328   
525.86254580   
526.74243841   
550.29632687   
540.04468078   
532.24227437   
535.61156569   
530.12468188   
526.76924628   
528.85972544   
535.37726330   
533.13505562   
528.00739720   
540.76332523   
535.52387485   
534.29581894   
531.84087660   
525.25450571   
546.99420421   
522.41719841   
528.09989314   
529.63862378   
534.67689866   
531.97697094   
529.59192580   
523.96178477   
530.17460269   
522.62184049   
530.45427315   
526.70308633   
535.86463274   
525.24142956   
524.88919240   
526.80587110   
523.58343224   
519.42331163   
522.84541851   
526.57631530   
531.03777012   
526.64591746   
522.62075737   
519.29811628   
532.42026662   
522.15604337   
521.59527003   
524.49564012   
523.80680349   
525.83415107   
522.63384134   
529.06931322   
526.63544708   
527.33404051   
527.36128021   
533.30946122   
547.26331613   
535.57320238   
531.61626401   
544.78722699   
548.19165617   
535.72498903   
526.94138042   
525.34059853   
527.20651032   
527.37219575   
530.55092801   
528.13885050   
522.29329433   
524.56150764   
522.37815801   
527.59051987   
522.15848375   
525.00906362   
526.31981923   
521.94877158   
525.23736855   
521.94286091   
529.94489835   
525.73727989   
524.05173632   
526.41577543   
531.78426746   
529.92630445   
527.89667165   
526.61886736   
531.52355231   
528.49764245   
527.31635861   
528.82716766   
533.04341089   
527.70199199   
526.72552756   
529.29975020   
532.96295673   
535.79301255   
535.67095245   
537.66602496   
523.72515121   
532.36389607   
529.45595322   
532.14055928   
538.44561585   
523.48698803   
518.82490239   
522.75784931   
522.44295290   
523.41785427   
530.52581474   
522.06935126   
529.69572581   
522.92299425   
521.75174622   
526.71574207   
527.57111229   
527.28563826   
534.83853760   
522.69796862   
525.91736101   
519.86462248   
519.47766947   
530.91980991   
522.45603955   
521.19349735   
524.76588712   
527.68492655   
529.13179861   
520.76613910   
529.02399903   
534.55800270   
524.39717782   
532.38495898   
523.45275712   
521.52402953   
520.32912036   
526.33278271   
540.23650177   
528.40383509   
519.96498377   
536.47655655   
532.60150314   
530.75710437   
524.19982159   
524.18993017   
523.90639013   
525.73196566   
534.88691070   
529.01267392   
541.20953024   
523.44293998   
528.98205665   
521.99283411   
523.43026861   
527.21881446   
533.04166818   
520.79339823   
524.54826759   
528.72005521   
529.43136804   
530.65413348   
527.37521845   
523.04431597   
526.36702971   
519.36919095   
519.03704822   
515.87236491   
518.44993967   
519.22646073   
529.44683292   
523.95354746   
520.87561226   
524.07209037   
521.94054446   
526.23254078   
522.69135742   
519.72468647   
522.22767608   
526.57280089   
518.86411437   
523.40212471   
530.21482899   
523.35358679   
524.83271510   
525.89209576   
515.46060715   
521.81547940   
523.67038046   
519.18325793   
523.90107640   
521.13180337   
516.68503400   
521.84352648   
522.35813432   
524.63621280   
517.15224517   
521.32973054   
520.17900706   
522.91628658   
536.98212439   
526.55661809   
529.10604182   
520.63749200   
519.63261050   
528.78703395   
535.65637572   
527.64608241   
520.86937499   
524.70937594   
523.89943143   
523.87589430   
542.94035452   
523.02665440   
534.07432912   
522.83732586   
520.01336057   
531.59421227   
521.03089504   
528.36681221   
520.61293082   
525.81981900   
528.42419283   
524.36022050   
520.82282636   
521.79343546   
528.88085347   
524.43717980   
528.94336525   
521.02610719   
530.79233214   
526.86313478   
522.13724478   
527.70766665   
519.73760704   
521.23741516   
534.11887913   
519.89530240   
518.62059867   
532.26460803   
528.22481433   
528.69976879   
525.79789090   
523.16834182   
530.29102569   
528.96661441   
529.27034461   
519.49911829   
526.68640244   
546.53082478   
532.18284210   
525.06030838   
525.28463289   
519.42995781   
517.69418252   
517.21162586   
533.55468515   
527.46863794   
529.27740686   
526.08669114   
524.65644370   
527.71958247   
524.00700538   
518.20623047   
522.63460963   
519.34072691   
519.47284275   
526.90548080   
525.10155548   
523.43537052   
526.47605082   
519.57606754   
520.38738496   
521.02467622   
530.58533509   
525.99761674   
526.94086863   
521.98457388   
520.04462832   
525.93543463   
524.29341472   
522.55783112   
524.63953439   
534.16223085   
518.57136235   
521.21405473   
519.93490646   
519.36626461   
522.87742286   
519.11228993   
519.93065415   
517.11020093   
520.55100983   
527.38245693   
537.57272997   
525.97609714   
525.29699604   
532.47891397   
520.85097041   
520.13117711   
520.55869990   
522.18196792   
523.46711954   
531.64854312   
535.99011275   
524.26302531   
528.63742662   
528.52182102   
526.26872407   
529.35275726   
529.63305112   
525.51624714   
534.29716864   
524.50604912   
529.16234945   
531.32001460   
538.43362412   
547.76789032   
525.77223950   
530.59273390   
537.00095853   
524.70324416   
525.74589650   
537.16861471   
526.96176475   
530.72384889   
526.44608088   
533.55892323   
526.94636711   
529.11792763   
527.75669603   
528.30563677   
528.24717788   
539.84590856   
534.38868954   
531.21422627   
532.61730853   
533.12654490   
536.14491971   
532.14957626   
542.02092826   
536.58762401   
541.07654895   
536.24641832   
532.83688716   
540.78066657   
533.40644734   
531.85494937   
537.39506090   
528.95523277   
532.29286644   
528.92340837   
524.81423092   
530.12422211   
533.14344051   
524.81428114   
533.13779349   
527.90788611   
526.91715507   
528.49929609   
532.38054824   
521.65758813   
528.47894385   
532.90467664   
519.92002449   
525.90210811   
521.32290971   
520.73026059   
529.95357782   
522.17399084   
562.95323086   
524.90282545   
534.13329837   
527.41073302   
521.91822938   
525.14746234   
523.71817975   
523.57014918   
527.10071871   
528.39466005   
537.11071359   
522.88769423   
521.20146504   
524.84123988   
522.01992932   
526.10108181   
542.70650316   
519.57617425   
522.33344739   
526.40432317   
520.55994923   
525.75507699   
519.35008913   
523.56941353   
529.36146500   
523.35278450   
519.41157253   
529.35010420   
518.18564803   
533.23738471   
524.19632541   
529.85716657   
517.69381684   
522.06205670   
519.27302076   
521.23534059   
525.20263883   
516.84487725   
529.08218619   
527.58892691   
523.87797977   
523.96693392   
522.96475593   
522.04886777   
526.29960003   
520.25368861   
524.53850366   
527.09163614   
523.48482000   
527.48813146   
519.32693802   
520.51334953   
522.36053097   
519.45097635   
536.13867785   
523.56743023   
517.29998099   
523.87035092   
519.43039240   
522.18920964   
519.96508354   
519.37102469   
521.70198757   
529.94676704   
525.26347854   
523.09382772   
522.43466363   
529.82801662   
530.56106199   
526.83250351   
529.59445423   
545.41016779   
524.97731671   
530.89064140   
546.20599848   
541.53699736   
523.19099178   
527.39501891   
526.21254089   
522.07539652   
524.24526150   
542.13530696   
528.24076612   
528.58511709   
534.34376158   
524.16093172   
518.70111829   
538.74365929   
531.70453021   
517.00771833   
520.97050592   
517.80412255   
517.55130958   
515.77552453   
532.47145942   
521.43686664   
526.27170343   
522.84119919   
520.10203731   
517.69043114   
526.75631201   
518.19111141   
532.22021364   
525.45234911   
524.32784301   
523.62194973   
526.22823208   
526.15952064   
519.96656152   
521.34968195   
519.20941632   
528.74894590   
532.32589346   
537.52395281   
519.38245481   
520.02961581   
519.24945025   
528.28846497   
528.12968546   
528.21298636   
523.56755688   
519.44658059   
525.93501531   
522.26053986   
521.10978289   
518.97120326   
529.73730821   
552.91836926   
543.63511833   
533.40472325   
528.66815226   
528.85674881   
520.36325415   
529.77764901   
525.61905742   
523.43138967   
533.39447409   
520.52723361   
528.55559223   
538.84914242   
517.40231800   
525.98660565   
519.75422029   
520.43200722   
528.64719924   
523.63653587   
529.17171631   
533.18137047   
521.36108063   
520.97916093   
527.05087552   
523.99514213   
523.63438170   
535.39065708   
519.17166537   
521.33320201   
518.76946614   
520.90501440   
519.86398279   
521.33183862   
528.61057637   
533.10795929   
520.92288284   
532.34273914   
525.41544196   
523.24187633   
526.01099288   
521.42286555   
525.72763362   
526.98601625   
517.06876596   
528.54010937   
516.73275593   
519.38221959   
526.93386297   
523.72842458   
522.70685991   
520.25029930   
523.85416844   
522.93754327   
521.69045235   
530.43133074   
533.67605378   
521.27188421   
522.17947716   
519.61016147   
522.26309226   
527.26358191   
529.75286654   
540.22810096   
536.10225458   
534.29041519   
529.34153249   
536.53255084   
530.98237739   
534.80901730   
548.43981536   
528.05732547   
530.60140332   
537.14215095   
529.88106078   
534.64979526   
523.01503494   
532.06391934   
531.98902133   
534.91501111   
528.98263474   
522.44916627   
521.14946956   
547.00116181   
538.82616977   
522.42083463   
535.07788895   
526.63991158   
523.52996201   
530.33550733   
523.55850717   
541.96332800   
521.34786069   
527.41467308   
520.59578848   
523.55358955   
521.18703203   
525.10503754   
524.09075390   
519.71887481   
518.74950128   
518.92479110   
523.38546677   
537.25919215   
525.34848346   
520.38904938   
518.27913041   
517.78675899   
524.30376896   
532.32066478   
524.31048631   
534.51473097   
516.92433959   
516.97819353   
516.35173723   
522.21355038   
519.19438972   
529.90486288   
528.75500970   
525.71299876   
515.65694198   
521.31485338   
536.16268455   
522.30754066   
517.25912962   
522.06563130   
525.36320930   
527.37409738   
518.40634733   
528.38946268   
526.19092658   
520.41392858   
523.66861616   
521.79208960   
522.98367686   
523.42886943   
526.33723257   
529.98056384   
520.41924455   
522.53163395   
520.60292411   
536.62928925   
522.57704655   
521.32126127   
525.46684046   
539.82367698   
531.55440207   
541.00941469   
524.26762199   
534.03091261   
535.60347301   
529.18177350   
537.34465037   
534.45004171   
538.62932222   
526.91819078   
526.43868369   
527.46755043   
