7.35000000   104.63000000   36.55000000   71.63000000   25.76539599   99.77072080   25.95884656   0.75644793   
7.35000000   104.63000000   36.55000000   71.63000000   25.75445716   99.75076738   26.19494143   0.68550996   
7.35000000   104.63000000   36.55000000   71.63000000   25.76786944   99.74043993   26.90139178   0.64647424   
7.35000000   104.63000000   36.55000000   71.63000000   25.79183317   99.72030355   27.00285983   0.49877729   
7.35000000   104.63000000   36.55000000   71.63000000   25.81118422   99.71436915   27.23055687   0.46499307   
7.35000000   104.63000000   36.55000000   71.63000000   25.80188971   99.70260447   27.24453541   0.40779931   
7.35000000   104.63000000   36.55000000   71.63000000   25.79302165   99.70146264   26.35123523   0.46302884   
7.35000000   104.63000000   36.55000000   71.63000000   25.79302243   99.71160158   26.21994536   0.52690512   
7.35000000   104.63000000   36.55000000   71.63000000   25.79935724   99.71821324   25.33984173   0.63208389   
7.35000000   104.63000000   36.55000000   71.63000000   25.80406108   99.71346998   25.68448949   0.61822351   
7.35000000   104.63000000   36.55000000   71.63000000   25.81775614   99.71232049   25.65658794   0.59122680   
7.35000000   104.63000000   36.55000000   71.63000000   25.82984887   99.70431792   25.47134547   0.55861027   
7.35000000   104.63000000   36.55000000   71.63000000   25.81608024   99.70138804   25.32613239   0.58269434   
7.35000000   104.63000000   36.55000000   71.63000000   25.85825119   99.70203389   24.66642576   0.56483358   
7.35000000   104.63000000   36.55000000   71.63000000   25.83031909   99.70832994   24.42029808   0.64926595   
7.35000000   104.63000000   36.55000000   71.63000000   25.83799575   99.70404957   24.18147711   0.68255415   
7.35000000   104.63000000   36.55000000   71.63000000   25.82971012   99.70661083   24.23473322   0.62878915   
7.35000000   104.63000000   36.55000000   71.63000000   25.80123798   99.70151822   24.64505372   0.65874673   
7.35000000   104.63000000   36.55000000   71.63000000   25.78956517   99.70185538   24.40077414   0.72519659   
7.35000000   104.63000000   36.55000000   71.63000000   25.82304327   99.70269273   24.61046647   0.70570204   
7.35000000   104.63000000   36.55000000   71.63000000   25.78636788   99.70498331   24.47574976   0.81033713   
7.35000000   104.63000000   36.55000000   71.63000000   25.78466484   99.71278458   24.05211718   0.91227762   
7.35000000   104.63000000   36.55000000   71.63000000   25.79332512   99.70176762   24.14870542   1.01434990   
7.35000000   104.63000000   36.55000000   71.63000000   25.78823527   99.71548297   23.69567096   1.02346160   
7.35000000   104.63000000   36.55000000   71.63000000   25.78252408   99.72047144   23.37007883   0.87763128   
7.35000000   104.63000000   36.55000000   71.63000000   25.76810291   99.70366598   23.59501221   1.02386402   
7.35000000   104.63000000   36.55000000   71.63000000   25.77401425   99.70754231   23.20570776   0.91538197   
7.35000000   104.63000000   36.55000000   71.63000000   25.75778527   99.70714249   22.70935387   0.91422498   
7.35000000   104.63000000   36.55000000   71.63000000   25.80359143   99.70209683   22.83962873   0.75826880   
7.35000000   104.63000000   36.55000000   71.63000000   25.79931828   99.70640075   22.91219662   0.85214025   
7.35000000   104.63000000   36.55000000   71.63000000   25.80389814   99.70322330   22.94152812   0.85053320   
7.35000000   104.63000000   36.55000000   71.63000000   25.79631939   99.70757599   23.41977832   1.03753196   
7.35000000   104.63000000   36.55000000   71.63000000   25.82000513   99.71056583   21.99946114   1.04194180   
7.35000000   104.63000000   36.55000000   71.63000000   25.81869057   99.70510906   21.60110146   1.10691467   
7.35000000   104.63000000   36.55000000   71.63000000   25.81625442   99.71885829   21.00286919   1.05296771   
7.35000000   104.63000000   36.55000000   71.63000000   25.81558766   99.70610134   21.41560006   0.98791574   
7.35000000   104.63000000   36.55000000   71.63000000   25.78921852   99.70065070   22.58129551   1.03378877   
7.35000000   104.63000000   36.55000000   71.63000000   25.78569499   99.70064029   22.23845367   1.01863623   
7.35000000   104.63000000   36.55000000   71.63000000   25.77658705   99.70655881   22.34479754   1.19017507   
7.35000000   104.63000000   36.55000000   71.63000000   25.77832337   99.70834526   22.90110792   1.27647874   
7.35000000   104.63000000   36.55000000   71.63000000   25.79278449   99.70996641   22.35221582   1.37677775   
7.35000000   104.63000000   36.55000000   71.63000000   25.77107983   99.71390859   21.70654405   1.42812558   
7.35000000   104.63000000   36.55000000   71.63000000   25.75429100   99.71388571   21.21504015   1.39707987   
7.35000000   104.63000000   36.55000000   71.63000000   25.74587968   99.70637218   20.89801675   1.30492470   
7.35000000   104.63000000   36.55000000   71.63000000   25.77270087   99.71000087   21.30676335   1.26059906   
7.35000000   104.63000000   36.55000000   71.63000000   25.74976754   99.70497385   20.69041898   1.19713027   
7.35000000   104.63000000   36.55000000   71.63000000   25.75456356   99.70090994   19.92220421   1.24239014   
7.35000000   104.63000000   36.55000000   71.63000000   25.77030470   99.70402012   19.45640211   1.21182318   
7.35000000   104.63000000   36.55000000   71.63000000   25.76519826   99.70394188   19.46194106   1.29842848   
7.35000000   104.63000000   36.55000000   71.63000000   25.76050362   99.70930250   18.74963714   1.29580931   
7.35000000   104.63000000   36.55000000   71.63000000   25.77558553   99.70610919   18.26570698   1.34579113   
7.35000000   104.63000000   36.55000000   71.63000000   25.75932911   99.71411681   17.97991117   1.34915380   
7.35000000   104.63000000   36.55000000   71.63000000   25.78315488   99.72266330   17.70665414   1.35487605   
7.35000000   104.63000000   36.55000000   71.63000000   25.75978897   99.70807680   17.88266783   1.25394059   
7.35000000   104.63000000   36.55000000   71.63000000   25.75656389   99.72479861   17.81172157   1.20857472   
7.35000000   104.63000000   36.55000000   71.63000000   25.77867450   99.70327182   17.04003227   1.18576645   
7.35000000   104.63000000   36.55000000   71.63000000   25.78933707   99.70201546   16.70690272   1.04821909   
7.35000000   104.63000000   36.55000000   71.63000000   25.78109888   99.70886234   17.41043926   1.03477701   
7.35000000   104.63000000   36.55000000   71.63000000   25.77755266   99.70370500   17.11184362   1.12272862   
7.35000000   104.63000000   36.55000000   71.63000000   25.76318296   99.70765983   17.70304580   0.96452791   
7.35000000   104.63000000   36.55000000   71.63000000   25.77558516   99.70584166   17.70447505   0.90091272   
7.35000000   104.63000000   36.55000000   71.63000000   25.78182109   99.71143659   17.50254294   1.06658164   
7.35000000   104.63000000   36.55000000   71.63000000   25.76563783   99.71384511   17.45275015   1.04573657   
7.35000000   104.63000000   36.55000000   71.63000000   25.77703492   99.73531976   16.13718728   1.29950951   
7.35000000   104.63000000   36.55000000   71.63000000   25.74496524   99.72659671   15.94307650   1.25750609   
7.35000000   104.63000000   36.55000000   71.63000000   25.76684036   99.72016037   16.04164567   1.29636204   
7.35000000   104.63000000   36.55000000   71.63000000   25.76587104   99.73192785   15.05211134   1.31868937   
7.35000000   104.63000000   36.55000000   71.63000000   25.76575899   99.72124368   15.54147564   1.24775106   
7.35000000   104.63000000   36.55000000   71.63000000   25.72756129   99.73603835   15.43056681   1.07405777   
7.35000000   104.63000000   36.55000000   71.63000000   25.74176561   99.72357009   15.53529959   1.23090958   
7.35000000   104.63000000   36.55000000   71.63000000   25.77833546   99.70120806   15.79035367   1.13751927   
7.35000000   104.63000000   36.55000000   71.63000000   25.76997063   99.70180415   15.85117631   1.02018036   
7.35000000   104.63000000   36.55000000   71.63000000   25.77387971   99.70057299   15.33010836   0.79784529   
7.35000000   104.63000000   36.55000000   71.63000000   25.77653435   99.71563891   15.63363251   0.75616383   
7.35000000   104.63000000   36.55000000   71.63000000   25.77573688   99.73722424   15.41777901   0.76833368   
7.35000000   104.63000000   36.55000000   71.63000000   25.79386078   99.70415692   15.48400035   0.68513479   
7.35000000   104.63000000   36.55000000   71.63000000   25.77870096   99.71397602   16.24899808   0.75805635   
7.35000000   104.63000000   36.55000000   71.63000000   25.76242408   99.70711510   16.25010665   0.88748564   
7.35000000   104.63000000   36.55000000   71.63000000   25.76638580   99.70577807   17.01657328   0.83095591   
7.35000000   104.63000000   36.55000000   71.63000000   25.76667022   99.71531944   16.77337286   0.89781532   
7.35000000   104.63000000   36.55000000   71.63000000   25.79268283   99.73363977   16.21167196   1.00973841   
7.35000000   104.63000000   36.55000000   71.63000000   25.75573558   99.72715347   16.48690841   0.89200451   
7.35000000   104.63000000   36.55000000   71.63000000   25.75849165   99.71820831   15.99323853   0.70823276   
7.35000000   104.63000000   36.55000000   71.63000000   25.75461499   99.70790408   16.04184851   0.62471466   
7.35000000   104.63000000   36.55000000   71.63000000   25.77704595   99.71574185   16.10107776   0.55809677   
7.35000000   104.63000000   36.55000000   71.63000000   25.79124057   99.71333901   16.25568933   0.74606107   
7.35000000   104.63000000   36.55000000   71.63000000   25.78818402   99.71722055   16.11474018   0.63437126   
7.35000000   104.63000000   36.55000000   71.63000000   25.77346775   99.71897998   15.86384825   0.66112237   
7.35000000   104.63000000   36.55000000   71.63000000   25.75639588   99.72652989   15.76703825   0.82351429   
7.35000000   104.63000000   36.55000000   71.63000000   25.76943946   99.71837722   15.48483733   0.96846885   
7.35000000   104.63000000   36.55000000   71.63000000   25.76150826   99.72511610   15.18681769   0.89042586   
7.35000000   104.63000000   36.55000000   71.63000000   25.77109013   99.73188512   14.35144835   0.83920927   
7.35000000   104.63000000   36.55000000   71.63000000   25.74467989   99.72776326   13.70473078   0.94800662   
7.35000000   104.63000000   36.55000000   71.63000000   25.76070937   99.72103299   13.84308818   0.87227474   
7.35000000   104.63000000   36.55000000   71.63000000   25.76134064   99.71114034   13.89091322   0.64648122   
7.35000000   104.63000000   36.55000000   71.63000000   25.74376610   99.72358854   13.53655337   0.66723107   
7.35000000   104.63000000   36.55000000   71.63000000   25.74375272   99.72693999   13.53547825   0.77716153   
7.35000000   104.63000000   36.55000000   71.63000000   25.74658683   99.70574264   13.49301212   0.72754131   
7.35000000   104.63000000   36.55000000   71.63000000   25.73802526   99.70226185   13.54792142   0.75719091   
7.35000000   104.63000000   36.55000000   71.63000000   25.74753137   99.72277561   13.45941431   0.70882896   
7.35000000   104.63000000   36.55000000   71.63000000   25.76605311   99.71847315   13.37702512   0.60617663   
7.35000000   104.63000000   36.55000000   71.63000000   25.76220238   99.72075916   13.24916186   0.57152301   
7.35000000   104.63000000   36.55000000   71.63000000   25.76722687   99.72556542   12.73122782   0.56287358   
7.35000000   104.63000000   36.55000000   71.63000000   25.74990052   99.70924669   12.58409787   0.58131465   
7.35000000   104.63000000   36.55000000   71.63000000   25.74558107   99.71486625   12.31438177   0.71090894   
7.35000000   104.63000000   36.55000000   71.63000000   25.75086437   99.72289885   12.37666341   0.79435595   
7.35000000   104.63000000   36.55000000   71.63000000   25.78330840   99.71707478   11.90427702   0.67364199   
7.35000000   104.63000000   36.55000000   71.63000000   25.78451547   99.72664687   11.50439054   0.59275373   
7.35000000   104.63000000   36.55000000   71.63000000   25.76781781   99.70730695   11.16242247   0.52631235   
7.35000000   104.63000000   36.55000000   71.63000000   25.76779291   99.73068206   11.10300483   0.59966976   
7.35000000   104.63000000   36.55000000   71.63000000   25.76091934   99.74233206   11.03109331   0.69853581   
7.35000000   104.63000000   36.55000000   71.63000000   25.75433831   99.73721967   11.15902143   0.67099603   
7.35000000   104.63000000   36.55000000   71.63000000   25.77231615   99.70825413   10.83767709   0.55632821   
7.35000000   104.63000000   36.55000000   71.63000000   25.76198444   99.71663111   11.03868960   0.58195066   
7.35000000   104.63000000   36.55000000   71.63000000   25.74663606   99.71830014   10.80402499   0.60796896   
7.35000000   104.63000000   36.55000000   71.63000000   25.73964272   99.71509778   10.63033425   0.31443162   
7.35000000   104.63000000   36.55000000   71.63000000   25.76001059   99.73268185   10.84583466   0.34888105   
7.35000000   104.63000000   36.55000000   71.63000000   25.77485367   99.71034907   11.62852619   0.40722443   
7.35000000   104.63000000   36.55000000   71.63000000   25.78407311   99.72704433   11.09102652   0.46666393   
7.35000000   104.63000000   36.55000000   71.63000000   25.78322677   99.75478918   10.53403959   0.40335130   
7.35000000   104.63000000   36.55000000   71.63000000   25.75043316   99.74821995   10.80780200   0.37377746   
7.35000000   104.63000000   36.55000000   71.63000000   25.75792194   99.74686717   10.67958317   0.60674663   
7.35000000   104.63000000   36.55000000   71.63000000   25.75283375   99.73446869   10.73095234   0.75542441   
7.35000000   104.63000000   36.55000000   71.63000000   25.76543631   99.71719108   10.47110612   0.74906447   
7.35000000   104.63000000   36.55000000   71.63000000   25.77518246   99.73018696   10.33516359   0.76080273   
7.35000000   104.63000000   36.55000000   71.63000000   25.76803255   99.73094348   10.17740249   0.84641743   
7.35000000   104.63000000   36.55000000   71.63000000   25.76676549   99.74100685   9.87773519   0.73558225   
7.35000000   104.63000000   36.55000000   71.63000000   25.76280538   99.72447446   10.06726197   0.62238726   
7.35000000   104.63000000   36.55000000   71.63000000   25.75480129   99.73011846   10.03240469   0.40798367   
7.35000000   104.63000000   36.55000000   71.63000000   25.74523430   99.72977022   10.12017883   0.50909424   
7.35000000   104.63000000   36.55000000   71.63000000   25.74165562   99.72561247   9.52012102   0.39149314   
7.35000000   104.63000000   36.55000000   71.63000000   25.72847429   99.70423553   8.86257030   0.44363878   
7.35000000   104.63000000   36.55000000   71.63000000   25.72728306   99.71398334   9.09297246   0.44093738   
7.35000000   104.63000000   36.55000000   71.63000000   25.75659592   99.72612213   8.90087429   0.38242878   
7.35000000   104.63000000   36.55000000   71.63000000   25.76465525   99.71568310   7.82055594   0.39827786   
7.35000000   104.63000000   36.55000000   71.63000000   25.74685933   99.71965618   7.41346582   0.37240311   
7.35000000   104.63000000   36.55000000   71.63000000   25.76307760   99.71905053   7.61388329   0.38037423   
7.35000000   104.63000000   36.55000000   71.63000000   25.76751944   99.72423016   7.16641156   0.36078355   
7.35000000   104.63000000   36.55000000   71.63000000   25.75802946   99.72483931   7.44353486   0.16479764   
7.35000000   104.63000000   36.55000000   71.63000000   25.75563948   99.71507801   7.29294605   0.27916224   
7.35000000   104.63000000   36.55000000   71.63000000   25.74317789   99.73053214   7.72569526   0.40153799   
7.35000000   104.63000000   36.55000000   71.63000000   25.73883263   99.73623868   7.15318412   0.49291803   
7.35000000   104.63000000   36.55000000   71.63000000   25.73174265   99.74248599   6.37911299   0.44581903   
7.35000000   104.63000000   36.55000000   71.63000000   25.74200897   99.72350039   5.74689392   0.43218228   
7.35000000   104.63000000   36.55000000   71.63000000   25.72932207   99.72941920   5.18700732   0.55849662   
7.35000000   104.63000000   36.55000000   71.63000000   25.72342218   99.72663012   5.23161836   0.43824505   
7.35000000   104.63000000   36.55000000   71.63000000   25.71958134   99.73826207   4.71191432   0.52421173   
7.35000000   104.63000000   36.55000000   71.63000000   25.71882652   99.74050806   4.50376774   0.62789093   
7.35000000   104.63000000   36.55000000   71.63000000   25.73048903   99.75343000   4.21469565   0.72157556   
7.35000000   104.63000000   36.55000000   71.63000000   25.72856261   99.73968484   4.28740217   0.63471574   
7.35000000   104.63000000   36.55000000   71.63000000   25.73662570   99.73118046   3.49897174   0.58587682   
7.35000000   104.63000000   36.55000000   71.63000000   25.73361790   99.71883136   4.20984246   0.49625100   
7.35000000   104.63000000   36.55000000   71.63000000   25.74038765   99.75020004   4.10293925   0.55956654   
7.35000000   104.63000000   36.55000000   71.63000000   25.72917015   99.72856538   4.39312134   0.43302144   
7.35000000   104.63000000   36.55000000   71.63000000   25.73944464   99.76454151   4.91471147   0.42460834   
7.35000000   104.63000000   36.55000000   71.63000000   25.74638038   99.74493115   5.42710138   0.52434056   
7.35000000   104.63000000   36.55000000   71.63000000   25.73550954   99.74654600   5.26609000   0.52503894   
7.35000000   104.63000000   36.55000000   71.63000000   25.73266557   99.73601509   4.41620578   0.53080582   
7.35000000   104.63000000   36.55000000   71.63000000   25.72575382   99.72232052   4.35340872   0.48443132   
7.35000000   104.63000000   36.55000000   71.63000000   25.73943348   99.73144531   4.80324791   0.39246758   
7.35000000   104.63000000   36.55000000   71.63000000   25.74282710   99.74498442   4.96132413   0.24907606   
7.35000000   104.63000000   36.55000000   71.63000000   25.74368056   99.72434064   4.19229167   0.38329463   
7.35000000   104.63000000   36.55000000   71.63000000   25.73591597   99.75188582   3.87813392   0.30850276   
7.35000000   104.63000000   36.55000000   71.63000000   25.71963329   99.74054147   3.45320093   0.18584940   
7.35000000   104.63000000   36.55000000   71.63000000   25.71429644   99.73420160   3.53897391   0.05680499   
7.35000000   104.63000000   36.55000000   71.63000000   25.75025645   99.74638684   3.62631747   0.01301113   
7.35000000   104.63000000   36.55000000   71.63000000   25.71141013   99.76257553   3.42163616   -0.02557203   
7.35000000   104.63000000   36.55000000   71.63000000   25.71687829   99.76422121   3.67057133   -0.09988097   
7.35000000   104.63000000   36.55000000   71.63000000   25.69929991   99.74773073   2.86407721   -0.28889572   
7.35000000   104.63000000   36.55000000   71.63000000   25.69537678   99.76199162   2.70477499   -0.25245059   
7.35000000   104.63000000   36.55000000   71.63000000   25.71843647   99.74974962   1.73617461   -0.08621670   
7.35000000   104.63000000   36.55000000   71.63000000   25.70208881   99.76682363   1.23974473   -0.05932903   
7.35000000   104.63000000   36.55000000   71.63000000   25.69946646   99.76015069   1.09708741   -0.12991827   
7.35000000   104.63000000   36.55000000   71.63000000   25.70657351   99.76163774   1.66616903   -0.11026735   
7.35000000   104.63000000   36.55000000   71.63000000   25.71563696   99.75933115   1.30865080   -0.34996867   
7.35000000   104.63000000   36.55000000   71.63000000   25.70422310   99.72584164   1.18610616   -0.30344605   
7.35000000   104.63000000   36.55000000   71.63000000   25.71466135   99.73273835   1.64594797   -0.27205100   
7.35000000   104.63000000   36.55000000   71.63000000   25.71261712   99.74947429   1.11486658   -0.27295686   
7.35000000   104.63000000   36.55000000   71.63000000   25.71357771   99.76036713   1.33601789   -0.42689029   
7.35000000   104.63000000   36.55000000   71.63000000   25.72839399   99.73799742   1.29808621   -0.47334514   
7.35000000   104.63000000   36.55000000   71.63000000   25.72793898   99.73719451   1.27988315   -0.53901144   
7.35000000   104.63000000   36.55000000   71.63000000   25.72262403   99.76137095   1.12744543   -0.31498016   
7.35000000   104.63000000   36.55000000   71.63000000   25.71058107   99.76157457   1.08453045   -0.31094585   
7.35000000   104.63000000   36.55000000   71.63000000   25.72497800   99.76107201   1.33115914   -0.49365648   
7.35000000   104.63000000   36.55000000   71.63000000   25.71720950   99.75403408   1.75314552   -0.40192527   
7.35000000   104.63000000   36.55000000   71.63000000   25.69967780   99.74562746   1.39676581   -0.36877807   
7.35000000   104.63000000   36.55000000   71.63000000   25.71946762   99.73400727   1.71514141   -0.43705872   
7.35000000   104.63000000   36.55000000   71.63000000   25.73572115   99.73330408   1.90228494   -0.53541433   
7.35000000   104.63000000   36.55000000   71.63000000   25.72935237   99.71792256   1.38078738   -0.53269003   
7.35000000   104.63000000   36.55000000   71.63000000   25.73100232   99.75107024   1.81573838   -0.68408724   
7.35000000   104.63000000   36.55000000   71.63000000   25.73112419   99.72907153   2.11128618   -0.68968740   
7.35000000   104.63000000   36.55000000   71.63000000   25.74122900   99.76829441   1.24401702   -0.47572289   
7.35000000   104.63000000   36.55000000   71.63000000   25.72667320   99.76773714   1.07338325   -0.68801493   
7.35000000   104.63000000   36.55000000   71.63000000   25.73551890   99.75303323   1.41838311   -0.52644322   
7.35000000   104.63000000   36.55000000   71.63000000   25.71163787   99.72469341   1.28083116   -0.54807309   
7.35000000   104.63000000   36.55000000   71.63000000   25.69676788   99.73156066   1.07277911   -0.53639543   
7.35000000   104.63000000   36.55000000   71.63000000   25.72667950   99.72309223   1.73460298   -0.71618519   
7.35000000   104.63000000   36.55000000   71.63000000   25.72658023   99.72644567   1.33592658   -0.74083807   
7.35000000   104.63000000   36.55000000   71.63000000   25.73729786   99.72772191   1.18118642   -0.76338172   
7.35000000   104.63000000   36.55000000   71.63000000   25.72631880   99.71267311   1.03417970   -0.90713668   
7.35000000   104.63000000   36.55000000   71.63000000   25.71371788   99.72762353   1.65163386   -0.70953471   
7.35000000   104.63000000   36.55000000   71.63000000   25.73519938   99.73629216   1.72581807   -0.77000136   
7.35000000   104.63000000   36.55000000   71.63000000   25.72693142   99.74812430   1.70957754   -0.67917039   
7.35000000   104.63000000   36.55000000   71.63000000   25.72368257   99.74478911   1.37992264   -0.79686033   
7.35000000   104.63000000   36.55000000   71.63000000   25.74952428   99.71993407   1.65159365   -1.12676356   
7.35000000   104.63000000   36.55000000   71.63000000   25.73509593   99.71399490   1.23377139   -1.07474734   
7.35000000   104.63000000   36.55000000   71.63000000   25.73832118   99.71485393   1.54374510   -0.97528545   
7.35000000   104.63000000   36.55000000   71.63000000   25.73553143   99.73368583   1.48056321   -0.96310685   
7.35000000   104.63000000   36.55000000   71.63000000   25.75837003   99.72263655   1.43708313   -0.88588921   
7.35000000   104.63000000   36.55000000   71.63000000   25.75279492   99.71861213   1.52042371   -0.89293940   
7.35000000   104.63000000   36.55000000   71.63000000   25.74027782   99.72608772   1.74640930   -0.97478201   
7.35000000   104.63000000   36.55000000   71.63000000   25.74494126   99.74853665   1.25379190   -0.86442121   
7.35000000   104.63000000   36.55000000   71.63000000   25.74931528   99.75376013   1.21092330   -0.87315970   
7.35000000   104.63000000   36.55000000   71.63000000   25.73829286   99.74162225   1.30093926   -0.65864257   
7.35000000   104.63000000   36.55000000   71.63000000   25.73156312   99.74190485   1.49800987   -0.67930350   
7.35000000   104.63000000   36.55000000   71.63000000   25.74355122   99.76154775   1.24466032   -0.56320992   
7.35000000   104.63000000   36.55000000   71.63000000   25.73667712   99.74846530   1.67052393   -0.50507661   
7.35000000   104.63000000   36.55000000   71.63000000   25.73692687   99.74221556   1.68158657   -0.48799475   
7.35000000   104.63000000   36.55000000   71.63000000   25.74688769   99.73099539   1.47344423   -0.47128409   
7.35000000   104.63000000   36.55000000   71.63000000   25.73525220   99.73099838   1.58917674   -0.44406953   
7.35000000   104.63000000   36.55000000   71.63000000   25.72992956   99.72314477   1.53493531   -0.44799526   
7.35000000   104.63000000   36.55000000   71.63000000   25.69683150   99.70949652   1.09811111   -0.56333520   
7.35000000   104.63000000   36.55000000   71.63000000   25.72142589   99.70915804   1.50047496   -0.52645376   
7.35000000   104.63000000   36.55000000   71.63000000   25.74204621   99.71074900   1.29378429   -0.56107639   
7.35000000   104.63000000   36.55000000   71.63000000   25.75480299   99.74203400   1.62812332   -0.65234120   
7.35000000   104.63000000   36.55000000   71.63000000   25.75433443   99.74410801   1.15331328   -0.54927300   
7.35000000   104.63000000   36.55000000   71.63000000   25.74664263   99.71772699   1.06292313   -0.55208321   
7.35000000   104.63000000   36.55000000   71.63000000   25.75615418   99.72099634   1.56024467   -0.46787636   
7.35000000   104.63000000   36.55000000   71.63000000   25.74469531   99.70714203   1.70519077   -0.62643776   
7.35000000   104.63000000   36.55000000   71.63000000   25.73592237   99.70848150   1.85486644   -0.55149436   
7.35000000   104.63000000   36.55000000   71.63000000   25.74222475   99.71732984   1.69667329   -0.53428080   
7.35000000   104.63000000   36.55000000   71.63000000   25.74429637   99.72747990   1.18874278   -0.46406629   
7.35000000   104.63000000   36.55000000   71.63000000   25.74824683   99.72299179   1.24189256   -0.76908450   
7.35000000   104.63000000   36.55000000   71.63000000   25.71289124   99.71142334   1.66957516   -0.71234726   
7.35000000   104.63000000   36.55000000   71.63000000   25.73409803   99.70390370   1.52191164   -0.64676516   
7.35000000   104.63000000   36.55000000   71.63000000   25.71867524   99.71240527   1.46546752   -0.61417674   
7.35000000   104.63000000   36.55000000   71.63000000   25.75702187   99.72815736   1.51548360   -0.62204452   
7.35000000   104.63000000   36.55000000   71.63000000   25.72491378   99.72782345   1.55219550   -0.61765050   
7.35000000   104.63000000   36.55000000   71.63000000   25.72514770   99.72601964   1.44233264   -0.65619492   
7.35000000   104.63000000   36.55000000   71.63000000   25.72761690   99.71281235   1.22079996   -0.80073370   
7.35000000   104.63000000   36.55000000   71.63000000   25.74059767   99.71105811   1.23597269   -0.81677586   
7.35000000   104.63000000   36.55000000   71.63000000   25.74972175   99.72595079   1.24474077   -0.82916409   
7.35000000   104.63000000   36.55000000   71.63000000   25.74110654   99.71061203   1.02080045   -0.71247095   
7.35000000   104.63000000   36.55000000   71.63000000   25.74145010   99.71234259   1.21473335   -0.85884897   
7.35000000   104.63000000   36.55000000   71.63000000   25.73943893   99.71972339   1.20179905   -0.94188674   
7.35000000   104.63000000   36.55000000   71.63000000   25.76629954   99.70799240   1.67309692   -0.87305119   
7.35000000   104.63000000   36.55000000   71.63000000   25.77067235   99.71395590   1.27849685   -0.91594109   
7.35000000   104.63000000   36.55000000   71.63000000   25.78626024   99.72291103   1.34092045   -1.02710827   
7.35000000   104.63000000   36.55000000   71.63000000   25.77164024   99.76116788   1.16973543   -1.00296002   
7.35000000   104.63000000   36.55000000   71.63000000   25.78260557   99.73485026   1.01281929   -1.07953277   
7.35000000   104.63000000   36.55000000   71.63000000   25.78228190   99.71128111   1.13033195   -1.14270496   
7.35000000   104.63000000   36.55000000   71.63000000   25.75714291   99.70578156   1.41312663   -0.92138598   
7.35000000   104.63000000   36.55000000   71.63000000   25.77958051   99.72657118   1.19002388   -0.85035819   
7.35000000   104.63000000   36.55000000   71.63000000   25.75533066   99.74804145   1.34634580   -0.97237957   
7.35000000   104.63000000   36.55000000   71.63000000   25.75128426   99.74400094   1.72197754   -0.94597180   
7.35000000   104.63000000   36.55000000   71.63000000   25.76543733   99.73075864   1.59525960   -0.97664756   
7.35000000   104.63000000   36.55000000   71.63000000   25.75913572   99.73800147   1.67219618   -0.96948329   
7.35000000   104.63000000   36.55000000   71.63000000   25.74196433   99.72898774   1.64197305   -1.14004183   
7.35000000   104.63000000   36.55000000   71.63000000   25.77431655   99.70594114   1.13691158   -1.02971420   
7.35000000   104.63000000   36.55000000   71.63000000   25.78300319   99.73133282   1.19388821   -1.02829653   
7.35000000   104.63000000   36.55000000   71.63000000   25.76405244   99.71712385   1.64325632   -1.21012590   
7.35000000   104.63000000   36.55000000   71.63000000   25.75370672   99.72748252   1.67959044   -1.33275593   
7.35000000   104.63000000   36.55000000   71.63000000   25.71611921   99.72618077   1.63096967   -0.98169573   
7.35000000   104.63000000   36.55000000   71.63000000   25.73216906   99.72530278   1.71993446   -0.95725704   
7.35000000   104.63000000   36.55000000   71.63000000   25.74226951   99.70076703   1.52385936   -0.89792170   
7.35000000   104.63000000   36.55000000   71.63000000   25.75374617   99.71668532   1.57947700   -0.93980353   
7.35000000   104.63000000   36.55000000   71.63000000   25.76001028   99.72428213   1.73744688   -0.84640812   
7.35000000   104.63000000   36.55000000   71.63000000   25.74429420   99.72707667   1.55390468   -0.73040730   
7.35000000   104.63000000   36.55000000   71.63000000   25.73088643   99.72824195   1.62309907   -0.75238087   
7.35000000   104.63000000   36.55000000   71.63000000   25.70946955   99.72636711   1.33622552   -0.69095049   
7.35000000   104.63000000   36.55000000   71.63000000   25.70979201   99.72212431   1.82323647   -0.59861983   
7.35000000   104.63000000   36.55000000   71.63000000   25.72669617   99.71017047   1.55020640   -0.54901144   
7.35000000   104.63000000   36.55000000   71.63000000   25.74351384   99.70732384   2.59101947   -0.53289790   
7.35000000   104.63000000   36.55000000   71.63000000   25.73876747   99.73094247   2.85778520   -0.38521444   
7.35000000   104.63000000   36.55000000   71.63000000   25.71082162   99.73312154   2.60479587   -0.28025117   
7.35000000   104.63000000   36.55000000   71.63000000   25.74395197   99.72423530   2.48891294   -0.26571050   
7.35000000   104.63000000   36.55000000   71.63000000   25.72600012   99.72626624   2.29525988   -0.33565249   
7.35000000   104.63000000   36.55000000   71.63000000   25.75214967   99.72914710   1.11552894   -0.28364258   
7.35000000   104.63000000   36.55000000   71.63000000   25.75234044   99.72934831   1.79875177   -0.29605084   
7.35000000   104.63000000   36.55000000   71.63000000   25.72875459   99.74776418   2.00467080   -0.34742776   
7.35000000   104.63000000   36.55000000   71.63000000   25.72188476   99.75120223   2.03986815   -0.34458067   
7.35000000   104.63000000   36.55000000   71.63000000   25.73824220   99.73537887   2.08768185   -0.35929678   
7.35000000   104.63000000   36.55000000   71.63000000   25.73649286   99.73365618   1.78647817   -0.40396926   
7.35000000   104.63000000   36.55000000   71.63000000   25.72799365   99.73785249   2.72014669   -0.33425956   
7.35000000   104.63000000   36.55000000   71.63000000   25.72710403   99.75762885   2.59546224   -0.30601907   
7.35000000   104.63000000   36.55000000   71.63000000   25.70100803   99.75191639   2.44344022   -0.19290861   
7.35000000   104.63000000   36.55000000   71.63000000   25.72047831   99.76984586   1.49387918   -0.30728849   
7.35000000   104.63000000   36.55000000   71.63000000   25.70560664   99.75972063   1.40441803   -0.33530075   
7.35000000   104.63000000   36.55000000   71.63000000   25.71629785   99.73138178   1.24919989   -0.37728094   
7.35000000   104.63000000   36.55000000   71.63000000   25.71107261   99.73221204   1.28957818   -0.24021107   
7.35000000   104.63000000   36.55000000   71.63000000   25.70538378   99.74786697   1.51163592   -0.12139213   
7.35000000   104.63000000   36.55000000   71.63000000   25.69568019   99.75810827   1.23802587   -0.19102776   
7.35000000   104.63000000   36.55000000   71.63000000   25.70462850   99.75229718   1.61573768   -0.19595512   
7.35000000   104.63000000   36.55000000   71.63000000   25.73017054   99.72998737   1.58423849   -0.33438005   
7.35000000   104.63000000   36.55000000   71.63000000   25.72151972   99.73446916   1.61546732   -0.33585872   
7.35000000   104.63000000   36.55000000   71.63000000   25.71904218   99.73742709   1.28802210   -0.20491990   
7.35000000   104.63000000   36.55000000   71.63000000   25.70700881   99.73559947   1.19760106   -0.17760458   
7.35000000   104.63000000   36.55000000   71.63000000   25.69729431   99.73567356   1.44587421   -0.15801970   
7.35000000   104.63000000   36.55000000   71.63000000   25.71981461   99.72726883   1.27436158   -0.14845712   
7.35000000   104.63000000   36.55000000   71.63000000   25.73518766   99.72560748   1.05259610   -0.21445532   
7.35000000   104.63000000   36.55000000   71.63000000   25.74881139   99.73217370   1.07221131   -0.37033317   
7.35000000   104.63000000   36.55000000   71.63000000   25.74808888   99.73465900   1.70790280   -0.44453075   
7.35000000   104.63000000   36.55000000   71.63000000   25.76415572   99.73228259   1.53846685   -0.48995632   
7.35000000   104.63000000   36.55000000   71.63000000   25.75394230   99.74088909   1.97213591   -0.47726276   
7.35000000   104.63000000   36.55000000   71.63000000   25.76106199   99.75083934   1.54864314   -0.42358507   
7.35000000   104.63000000   36.55000000   71.63000000   25.75417573   99.75093783   1.50888434   -0.53240796   
7.35000000   104.63000000   36.55000000   71.63000000   25.73184913   99.71357490   1.32088988   -0.46111408   
7.35000000   104.63000000   36.55000000   71.63000000   25.71632831   99.73124982   1.41126607   -0.48490554   
7.35000000   104.63000000   36.55000000   71.63000000   25.71802677   99.74078649   1.33136478   -0.38942994   
7.35000000   104.63000000   36.55000000   71.63000000   25.70926447   99.73862304   1.03041580   -0.35504271   
7.35000000   104.63000000   36.55000000   71.63000000   25.72987953   99.74639194   1.01230844   -0.37641284   
7.35000000   104.63000000   36.55000000   71.63000000   25.71247818   99.75479976   1.28464121   -0.44518521   
7.35000000   104.63000000   36.55000000   71.63000000   25.71544799   99.76128734   1.07143076   -0.46415698   
7.35000000   104.63000000   36.55000000   71.63000000   25.73078330   99.73641220   1.20486715   -0.48408832   
7.35000000   104.63000000   36.55000000   71.63000000   25.73501046   99.74908140   1.22738726   -0.51169828   
7.35000000   104.63000000   36.55000000   71.63000000   25.73393078   99.75580701   1.13719854   -0.30263035   
7.35000000   104.63000000   36.55000000   71.63000000   25.73498528   99.73151253   1.24729482   -0.21508857   
7.35000000   104.63000000   36.55000000   71.63000000   25.72060756   99.72549724   1.02179383   -0.19985352   
7.35000000   104.63000000   36.55000000   71.63000000   25.72074602   99.72440158   1.80932823   -0.36372323   
7.35000000   104.63000000   36.55000000   71.63000000   25.69301520   99.72877248   2.04302127   -0.35056482   
7.35000000   104.63000000   36.55000000   71.63000000   25.71073128   99.73148919   1.47982061   -0.55415418   
7.35000000   104.63000000   36.55000000   71.63000000   25.70434097   99.74802797   1.61770861   -0.36168114   
7.35000000   104.63000000   36.55000000   71.63000000   25.74131781   99.76176841   1.13137973   -0.29822219   
7.35000000   104.63000000   36.55000000   71.63000000   25.71104838   99.73162115   1.22383808   -0.29404625   
7.35000000   104.63000000   36.55000000   71.63000000   25.70543969   99.75413713   1.21315682   -0.19442942   
7.35000000   104.63000000   36.55000000   71.63000000   25.70696088   99.72768748   1.22463839   -0.33615802   
7.35000000   104.63000000   36.55000000   71.63000000   25.71635028   99.73658598   1.23019192   -0.35911408   
7.35000000   104.63000000   36.55000000   71.63000000   25.71308444   99.73758144   1.24934670   -0.25527238   
7.35000000   104.63000000   36.55000000   71.63000000   25.69944844   99.74019388   1.22081646   -0.35975454   
7.35000000   104.63000000   36.55000000   71.63000000   25.73137011   99.73950339   1.95108978   -0.45129135   
7.35000000   104.63000000   36.55000000   71.63000000   25.72255218   99.75208663   1.52886403   -0.40206585   
7.35000000   104.63000000   36.55000000   71.63000000   25.72030523   99.74232412   1.55265316   -0.48666066   
7.35000000   104.63000000   36.55000000   71.63000000   25.70976815   99.75323167   1.03002780   -0.35641415   
7.35000000   104.63000000   36.55000000   71.63000000   25.72575163   99.75500749   1.19549482   -0.24563323   
7.35000000   104.63000000   36.55000000   71.63000000   25.72498339   99.75258669   1.25208822   -0.17570939   
7.35000000   104.63000000   36.55000000   71.63000000   25.72923253   99.74908114   1.25047253   -0.11114173   
7.35000000   104.63000000   36.55000000   71.63000000   25.73503201   99.75405081   1.62059922   -0.06641013   
7.35000000   104.63000000   36.55000000   71.63000000   25.73753575   99.74147676   1.65596084   0.03701846   
7.35000000   104.63000000   36.55000000   71.63000000   25.72518679   99.73450543   1.98932386   -0.07860195   
7.35000000   104.63000000   36.55000000   71.63000000   25.70874429   99.75531754   2.14920197   0.11720664   
7.35000000   104.63000000   36.55000000   71.63000000   25.69048867   99.75044938   2.07817597   0.08569781   
7.35000000   104.63000000   36.55000000   71.63000000   25.69683844   99.75426403   1.92124867   0.10376413   
7.35000000   104.63000000   36.55000000   71.63000000   25.69419740   99.74983049   1.31768198   -0.03827012   
7.35000000   104.63000000   36.55000000   71.63000000   25.71170768   99.75631783   1.54372914   0.10591938   
7.35000000   104.63000000   36.55000000   71.63000000   25.70149633   99.73415377   1.53114592   0.19024230   
7.35000000   104.63000000   36.55000000   71.63000000   25.72445276   99.74025998   2.34348754   -0.07383595   
7.35000000   104.63000000   36.55000000   71.63000000   25.73337714   99.72283600   1.76735378   0.04377239   
7.35000000   104.63000000   36.55000000   71.63000000   25.73231351   99.74521916   2.27416915   -0.07795116   
7.35000000   104.63000000   36.55000000   71.63000000   25.72372367   99.74680032   2.37761835   0.02574402   
7.35000000   104.63000000   36.55000000   71.63000000   25.71850089   99.75380949   2.48276934   -0.02342055   
7.35000000   104.63000000   36.55000000   71.63000000   25.70914406   99.74076623   2.71805120   -0.09044455   
7.35000000   104.63000000   36.55000000   71.63000000   25.71249016   99.75397660   2.33566968   -0.10580662   
7.35000000   104.63000000   36.55000000   71.63000000   25.72405607   99.74923655   2.75728455   0.00797451   
7.35000000   104.63000000   36.55000000   71.63000000   25.71297688   99.75431176   2.64385760   0.07124709   
7.35000000   104.63000000   36.55000000   71.63000000   25.72715570   99.72489965   3.07237094   0.00535076   
7.35000000   104.63000000   36.55000000   71.63000000   25.71489835   99.71873755   3.10636535   -0.09375044   
7.35000000   104.63000000   36.55000000   71.63000000   25.72122668   99.73198046   3.43374198   0.05442698   
7.35000000   104.63000000   36.55000000   71.63000000   25.68730811   99.75041225   2.93278734   -0.05873424   
7.35000000   104.63000000   36.55000000   71.63000000   25.70690956   99.72246035   3.14341723   -0.04926810   
7.35000000   104.63000000   36.55000000   71.63000000   25.70437268   99.73836555   3.53416616   0.01004917   
7.35000000   104.63000000   36.55000000   71.63000000   25.71214791   99.73970994   3.53897368   0.00931449   
7.35000000   104.63000000   36.55000000   71.63000000   25.68877029   99.73343369   2.72850916   -0.25078355   
7.35000000   104.63000000   36.55000000   71.63000000   25.71269310   99.73318476   2.91229032   -0.25104883   
7.35000000   104.63000000   36.55000000   71.63000000   25.72303647   99.74767178   3.04216596   -0.26910411   
7.35000000   104.63000000   36.55000000   71.63000000   25.70317136   99.75999145   2.10276977   -0.16529233   
7.35000000   104.63000000   36.55000000   71.63000000   25.72370496   99.74209250   2.72356422   -0.17244476   
7.35000000   104.63000000   36.55000000   71.63000000   25.73082273   99.75029810   1.87642038   -0.20095635   
7.35000000   104.63000000   36.55000000   71.63000000   25.73000863   99.75160602   1.71162572   -0.24806638   
7.35000000   104.63000000   36.55000000   71.63000000   25.71580500   99.75901442   1.54928868   -0.32442232   
7.35000000   104.63000000   36.55000000   71.63000000   25.72776647   99.76269421   1.70534296   -0.42342279   
7.35000000   104.63000000   36.55000000   71.63000000   25.72834420   99.73118835   1.52600523   -0.36465235   
7.35000000   104.63000000   36.55000000   71.63000000   25.73703153   99.72982855   1.05838389   -0.38243418   
7.35000000   104.63000000   36.55000000   71.63000000   25.70353290   99.73318687   1.12695495   -0.33554176   
7.35000000   104.63000000   36.55000000   71.63000000   25.72144882   99.73574983   1.62408084   -0.45906797   
7.35000000   104.63000000   36.55000000   71.63000000   25.74140105   99.73950076   1.06533555   -0.43291560   
7.35000000   104.63000000   36.55000000   71.63000000   25.73613340   99.74044124   1.29091736   -0.50375104   
7.35000000   104.63000000   36.55000000   71.63000000   25.75462287   99.73481744   1.29262762   -0.60474135   
7.35000000   104.63000000   36.55000000   71.63000000   25.74087966   99.74887820   1.11629066   -0.41700035   
7.35000000   104.63000000   36.55000000   71.63000000   25.72470320   99.73325681   1.09328544   -0.39798475   
7.35000000   104.63000000   36.55000000   71.63000000   25.72954762   99.73948799   1.62959206   -0.36450784   
7.35000000   104.63000000   36.55000000   71.63000000   25.72432761   99.73051213   1.54774941   -0.18453375   
7.35000000   104.63000000   36.55000000   71.63000000   25.70359080   99.73798909   1.66690050   -0.18766287   
7.35000000   104.63000000   36.55000000   71.63000000   25.70196654   99.75994186   1.52454222   -0.03217949   
7.35000000   104.63000000   36.55000000   71.63000000   25.71965413   99.77016443   1.53123931   -0.05682280   
7.35000000   104.63000000   36.55000000   71.63000000   25.73117750   99.77512200   1.41732420   -0.17875887   
7.35000000   104.63000000   36.55000000   71.63000000   25.72778100   99.76332483   1.23578687   -0.31838322   
7.35000000   104.63000000   36.55000000   71.63000000   25.73773096   99.74769436   1.04153846   -0.33817057   
7.35000000   104.63000000   36.55000000   71.63000000   25.73859986   99.73966576   1.46636175   -0.32306775   
7.35000000   104.63000000   36.55000000   71.63000000   25.71737561   99.74732570   1.24421792   -0.56974988   
7.35000000   104.63000000   36.55000000   71.63000000   25.72553183   99.72027298   1.16727243   -0.53455113   
7.35000000   104.63000000   36.55000000   71.63000000   25.72336935   99.74233841   1.08900991   -0.50305906   
7.35000000   104.63000000   36.55000000   71.63000000   25.73948041   99.75439031   1.18907928   -0.57405204   
7.35000000   104.63000000   36.55000000   71.63000000   25.74062464   99.75006950   1.11298963   -0.64635022   
7.35000000   104.63000000   36.55000000   71.63000000   25.73027002   99.73603489   1.32033317   -0.67037414   
7.35000000   104.63000000   36.55000000   71.63000000   25.74286542   99.72710352   1.41063425   -0.73679616   
7.35000000   104.63000000   36.55000000   71.63000000   25.72965959   99.70636212   1.48146493   -0.81530636   
7.35000000   104.63000000   36.55000000   71.63000000   25.73056376   99.72433765   1.74157263   -0.79981264   
7.35000000   104.63000000   36.55000000   71.63000000   25.72282900   99.73694544   1.21615636   -0.81388591   
7.35000000   104.63000000   36.55000000   71.63000000   25.73941819   99.73630672   1.12173398   -0.88569811   
7.35000000   104.63000000   36.55000000   71.63000000   25.72380020   99.72767009   1.27892591   -0.71948522   
7.35000000   104.63000000   36.55000000   71.63000000   25.71407394   99.73386145   1.39401728   -0.80096814   
7.35000000   104.63000000   36.55000000   71.63000000   25.71732650   99.73162706   1.20302422   -0.84720312   
7.35000000   104.63000000   36.55000000   71.63000000   25.71390871   99.73438867   1.18591378   -0.67306031   
7.35000000   104.63000000   36.55000000   71.63000000   25.70626524   99.72990561   1.11176923   -0.54405146   
7.35000000   104.63000000   36.55000000   71.63000000   25.72254966   99.71627070   1.16457415   -0.43270792   
7.35000000   104.63000000   36.55000000   71.63000000   25.71626790   99.71217974   2.16515171   -0.54947497   
7.35000000   104.63000000   36.55000000   71.63000000   25.69942542   99.73599089   1.57647536   -0.49700774   
7.35000000   104.63000000   36.55000000   71.63000000   25.74822038   99.74340142   1.62355091   -0.55911985   
7.35000000   104.63000000   36.55000000   71.63000000   25.73124964   99.74414715   1.09177162   -0.62222883   
7.35000000   104.63000000   36.55000000   71.63000000   25.73470759   99.74927869   1.15184224   -0.40677859   
7.35000000   104.63000000   36.55000000   71.63000000   25.72174282   99.72522348   1.59607740   -0.48679985   
7.35000000   104.63000000   36.55000000   71.63000000   25.72589433   99.72606124   1.94088602   -0.38634849   
7.35000000   104.63000000   36.55000000   71.63000000   25.75374733   99.72132405   2.51798134   -0.40875144   
7.35000000   104.63000000   36.55000000   71.63000000   25.74832788   99.73337544   3.15443318   -0.37876557   
7.35000000   104.63000000   36.55000000   71.63000000   25.73493157   99.77300276   2.59475695   -0.30095314   
7.35000000   104.63000000   36.55000000   71.63000000   25.74087707   99.75242219   2.91366927   -0.35266543   
7.35000000   104.63000000   36.55000000   71.63000000   25.73860656   99.75877217   1.97071242   -0.38878358   
7.35000000   104.63000000   36.55000000   71.63000000   25.74497503   99.74248166   1.92176771   -0.42932819   
7.35000000   104.63000000   36.55000000   71.63000000   25.71330753   99.74650105   1.45931898   -0.48270785   
7.35000000   104.63000000   36.55000000   71.63000000   25.70342466   99.73426745   1.37838792   -0.54980664   
7.35000000   104.63000000   36.55000000   71.63000000   25.71650426   99.72555266   1.78708520   -0.47896476   
7.35000000   104.63000000   36.55000000   71.63000000   25.73207486   99.73409323   1.88700659   -0.41369066   
7.35000000   104.63000000   36.55000000   71.63000000   25.74643686   99.74530924   1.28342071   -0.52670723   
7.35000000   104.63000000   36.55000000   71.63000000   25.76136251   99.73547329   1.64021900   -0.50323419   
7.35000000   104.63000000   36.55000000   71.63000000   25.76039104   99.73700437   1.18741248   -0.48757141   
7.35000000   104.63000000   36.55000000   71.63000000   25.73669894   99.72856018   1.52758052   -0.57250048   
7.35000000   104.63000000   36.55000000   71.63000000   25.71236666   99.76278540   1.23295156   -0.45717288   
7.35000000   104.63000000   36.55000000   71.63000000   25.72847298   99.73793089   1.66917811   -0.51258958   
7.35000000   104.63000000   36.55000000   71.63000000   25.72404175   99.73192783   1.42218556   -0.75656449   
7.35000000   104.63000000   36.55000000   71.63000000   25.74681998   99.73188733   1.01816751   -0.74513016   
7.35000000   104.63000000   36.55000000   71.63000000   25.72132822   99.71883757   1.23788173   -0.67239728   
7.35000000   104.63000000   36.55000000   71.63000000   25.73384031   99.72461556   1.24454005   -0.52972304   
7.35000000   104.63000000   36.55000000   71.63000000   25.73074783   99.73804024   1.03986925   -0.50209869   
7.35000000   104.63000000   36.55000000   71.63000000   25.72593177   99.74470204   1.11374799   -0.44682142   
7.35000000   104.63000000   36.55000000   71.63000000   25.73370417   99.74582908   1.05424614   -0.50238562   
7.35000000   104.63000000   36.55000000   71.63000000   25.74122108   99.74674427   1.14697539   -0.36603740   
7.35000000   104.63000000   36.55000000   71.63000000   25.74373482   99.74134439   1.21710387   -0.39496784   
7.35000000   104.63000000   36.55000000   71.63000000   25.73783128   99.73295300   1.54064767   -0.46579947   
7.35000000   104.63000000   36.55000000   71.63000000   25.74590581   99.71897895   1.50717538   -0.53881467   
7.35000000   104.63000000   36.55000000   71.63000000   25.74251219   99.74927830   2.06399388   -0.53326865   
7.35000000   104.63000000   36.55000000   71.63000000   25.74216906   99.71901328   1.90166314   -0.55091573   
7.35000000   104.63000000   36.55000000   71.63000000   25.75118890   99.73505185   1.61740791   -0.63948622   
7.35000000   104.63000000   36.55000000   71.63000000   25.73568284   99.72517659   1.60289859   -0.82496954   
7.35000000   104.63000000   36.55000000   71.63000000   25.74750630   99.72040705   1.60785569   -0.91356854   
7.35000000   104.63000000   36.55000000   71.63000000   25.75635848   99.72087265   1.50231537   -0.71119656   
7.35000000   104.63000000   36.55000000   71.63000000   25.74270188   99.73185917   2.32920189   -0.63950605   
7.35000000   104.63000000   36.55000000   71.63000000   25.73692921   99.75192756   2.23376539   -0.58694942   
7.35000000   104.63000000   36.55000000   71.63000000   25.74100524   99.71484243   2.34829003   -0.61988832   
7.35000000   104.63000000   36.55000000   71.63000000   25.76478819   99.72178839   2.05490527   -0.52932310   
7.35000000   104.63000000   36.55000000   71.63000000   25.74596260   99.70537081   2.03551777   -0.54884969   
