1988.62954920   
1875.41160185   
1866.88679768   
1794.67031022   
1706.83887914   
1603.80792780   
1557.33803401   
1535.53494530   
1505.45738847   
1487.68018955   
1443.30815784   
1406.92173152   
1405.29169384   
1363.04485805   
1343.03142840   
1293.34818227   
1281.74367281   
1277.55906420   
1261.01354896   
1248.82034022   
1243.93022320   
1237.44064633   
1231.21503937   
1230.93349609   
1234.50368067   
1231.51795839   
1230.44233720   
1223.00988573   
1227.27013222   
1221.03454095   
1219.91643216   
1213.10062837   
1212.86534832   
1214.16839544   
1214.16740087   
1210.74029279   
1209.83099183   
1201.51083104   
1203.40357044   
1197.88674565   
1195.36397938   
1200.44702625   
1198.84857432   
1193.53242228   
1194.34043113   
1193.40044446   
1190.22648403   
1185.40592840   
1184.59232191   
1178.14542120   
1171.78446165   
1170.28266902   
1168.27491994   
1170.66481407   
1167.25097189   
1166.00986500   
1165.07078523   
1171.07028297   
1172.14975186   
1177.18150854   
1177.40462575   
1172.26151016   
1171.02632028   
1168.63458143   
1165.64548278   
1165.25732323   
1167.62827356   
1174.10676199   
1170.39839644   
1169.55848103   
1162.71366864   
1159.80126800   
1171.06937792   
1173.01783749   
1168.95043036   
1165.30261126   
1167.19567586   
1166.30772957   
1162.67193953   
1160.41999383   
1160.32433946   
1163.00153166   
1163.05615933   
1163.63454971   
1161.66627327   
1168.10151522   
1168.92073835   
1171.86722206   
1164.77721423   
1162.72705088   
1162.88005427   
1164.83957919   
1163.26584473   
1162.73247368   
1163.47603922   
1168.34485370   
1161.18640508   
1165.25395683   
1165.11033702   
1162.74329962   
1162.55356328   
1165.76100944   
1162.55406384   
1162.55277757   
1162.51898284   
1163.59413112   
1167.73696007   
1168.18426948   
1165.15347666   
1163.07865707   
1162.40036567   
1167.40801929   
1169.79185223   
1172.04309602   
1161.80519795   
1164.56258767   
1164.86538810   
1164.22960172   
1164.52500708   
1166.75047673   
1168.97317529   
1171.68115480   
1175.86174363   
1173.92522975   
1173.99144050   
1170.62711121   
1170.21630336   
1164.87824622   
1165.20352880   
1167.09635336   
1180.84502196   
1172.83670300   
1175.50396101   
1170.40383811   
1173.30688510   
1169.79624946   
1168.98942007   
1167.56527337   
1169.74252531   
1169.37882181   
1169.74482064   
1169.22742428   
1170.30185966   
1164.48105216   
1172.18683969   
1170.00495390   
1163.78650930   
1165.34925561   
1163.82104159   
1163.70356204   
1164.45985885   
1166.24082168   
1166.49713831   
1168.01928362   
1161.52889284   
1161.87407440   
1161.72125597   
1161.57430472   
