5.38000000   98.29000000   25.28000000   146.09000000   25.49963819   99.74307823   2.52636655   -0.29935875   
5.38000000   98.29000000   25.28000000   146.09000000   25.50742464   99.70749554   2.14324565   -0.33714694   
5.38000000   98.29000000   25.28000000   146.09000000   25.53262284   99.73742971   2.04476664   -0.35521547   
5.38000000   98.29000000   25.28000000   146.09000000   25.54680867   99.73746526   1.93320580   -0.48300812   
5.38000000   98.29000000   25.28000000   146.09000000   25.56955440   99.74445430   2.50895971   -0.67998343   
5.38000000   98.29000000   25.28000000   146.09000000   25.57889319   99.79474517   1.76715819   -0.53341691   
5.38000000   98.29000000   25.28000000   146.09000000   25.60395804   99.81172251   2.42006933   -0.46653105   
5.38000000   98.29000000   25.28000000   146.09000000   25.61786223   99.81763136   2.31613793   -0.48503568   
5.38000000   98.29000000   25.28000000   146.09000000   25.63274416   99.81844481   2.70041496   -0.50042432   
5.38000000   98.29000000   25.28000000   146.09000000   25.60812823   99.78247162   2.10402625   -0.38677286   
5.38000000   98.29000000   25.28000000   146.09000000   25.59779885   99.76850462   1.65727818   -0.36435846   
5.38000000   98.29000000   25.28000000   146.09000000   25.61076028   99.76040131   2.03627235   -0.44746056   
5.38000000   98.29000000   25.28000000   146.09000000   25.60912344   99.74875413   1.61050399   -0.47576103   
5.38000000   98.29000000   25.28000000   146.09000000   25.61806945   99.73692945   1.67417716   -0.39703217   
5.38000000   98.29000000   25.28000000   146.09000000   25.63287408   99.70882130   2.43397011   -0.37185182   
5.38000000   98.29000000   25.28000000   146.09000000   25.63608269   99.73739895   1.16426017   -0.37214337   
5.38000000   98.29000000   25.28000000   146.09000000   25.66365392   99.73292488   1.39647905   -0.29565982   
5.38000000   98.29000000   25.28000000   146.09000000   25.66503433   99.73182998   1.41541174   -0.24702658   
5.38000000   98.29000000   25.28000000   146.09000000   25.69869011   99.76296385   1.35621497   -0.26526068   
5.38000000   98.29000000   25.28000000   146.09000000   25.72648646   99.76763157   1.08885518   -0.17797171   
5.38000000   98.29000000   25.28000000   146.09000000   25.72218046   99.76934777   1.18304993   -0.21297535   
5.38000000   98.29000000   25.28000000   146.09000000   25.71608804   99.75609689   1.41694453   -0.18879136   
5.38000000   98.29000000   25.28000000   146.09000000   25.70935450   99.73797336   1.01881555   -0.27390696   
5.38000000   98.29000000   25.28000000   146.09000000   25.71835651   99.73797803   1.52415222   -0.25053376   
5.38000000   98.29000000   25.28000000   146.09000000   25.71860071   99.73588752   1.17654206   -0.18288548   
5.38000000   98.29000000   25.28000000   146.09000000   25.70330793   99.73705404   1.44854255   -0.13610713   
5.38000000   98.29000000   25.28000000   146.09000000   25.72024669   99.72513858   1.20138695   -0.20990292   
5.38000000   98.29000000   25.28000000   146.09000000   25.72055132   99.75173806   1.29687790   -0.12616711   
5.38000000   98.29000000   25.28000000   146.09000000   25.70695521   99.74730432   1.51787762   -0.22581853   
5.38000000   98.29000000   25.28000000   146.09000000   25.70330600   99.75535099   1.87280962   -0.25817538   
5.38000000   98.29000000   25.28000000   146.09000000   25.75045751   99.73528846   2.32052578   -0.28100151   
5.38000000   98.29000000   25.28000000   146.09000000   25.71764524   99.73338574   2.09449945   -0.32144033   
5.38000000   98.29000000   25.28000000   146.09000000   25.72449565   99.75139651   2.34880419   -0.21274438   
5.38000000   98.29000000   25.28000000   146.09000000   25.73938306   99.75094430   2.15288727   -0.32351086   
5.38000000   98.29000000   25.28000000   146.09000000   25.76012646   99.73782234   3.19887843   -0.32261957   
5.38000000   98.29000000   25.28000000   146.09000000   25.77038819   99.73826909   3.21670472   -0.33180210   
5.38000000   98.29000000   25.28000000   146.09000000   25.73913399   99.72013853   2.56152139   -0.56012039   
5.38000000   98.29000000   25.28000000   146.09000000   25.73822345   99.73924901   2.45692994   -0.68935290   
5.38000000   98.29000000   25.28000000   146.09000000   25.72815190   99.74106913   2.12550242   -0.77891321   
5.38000000   98.29000000   25.28000000   146.09000000   25.71530591   99.72008239   1.53387376   -0.62693959   
5.38000000   98.29000000   25.28000000   146.09000000   25.73703581   99.72777010   1.91734018   -0.61407915   
5.38000000   98.29000000   25.28000000   146.09000000   25.72407812   99.74018152   2.12915284   -0.73453205   
5.38000000   98.29000000   25.28000000   146.09000000   25.74438410   99.74022383   2.61850669   -0.73725044   
5.38000000   98.29000000   25.28000000   146.09000000   25.74048596   99.72637301   2.51172569   -0.75210349   
5.38000000   98.29000000   25.28000000   146.09000000   25.70862022   99.71608149   1.30256154   -0.75418207   
5.38000000   98.29000000   25.28000000   146.09000000   25.72715381   99.70659207   1.59213147   -0.67633944   
5.38000000   98.29000000   25.28000000   146.09000000   25.71433951   99.71933932   1.31384898   -0.79148151   
5.38000000   98.29000000   25.28000000   146.09000000   25.74237399   99.75138027   1.74419220   -0.86789352   
5.38000000   98.29000000   25.28000000   146.09000000   25.74290259   99.75004305   2.05260338   -0.60605084   
5.38000000   98.29000000   25.28000000   146.09000000   25.75766077   99.72338001   1.93777514   -0.59560932   
5.38000000   98.29000000   25.28000000   146.09000000   25.72857145   99.75113887   1.83374572   -0.57017867   
5.38000000   98.29000000   25.28000000   146.09000000   25.69501596   99.71812356   1.10174363   -0.56218916   
5.38000000   98.29000000   25.28000000   146.09000000   25.70334659   99.72985471   2.11223619   -0.50647799   
5.38000000   98.29000000   25.28000000   146.09000000   25.71432649   99.73463545   2.05936626   -0.38360260   
5.38000000   98.29000000   25.28000000   146.09000000   25.71187532   99.74232732   2.21052564   -0.45654556   
5.38000000   98.29000000   25.28000000   146.09000000   25.73276649   99.73316693   2.37986073   -0.51097782   
5.38000000   98.29000000   25.28000000   146.09000000   25.75946041   99.71957814   2.11714075   -0.53523661   
5.38000000   98.29000000   25.28000000   146.09000000   25.75210889   99.72455469   1.93477292   -0.44238151   
5.38000000   98.29000000   25.28000000   146.09000000   25.74005495   99.73791915   1.88921543   -0.40900908   
5.38000000   98.29000000   25.28000000   146.09000000   25.75312861   99.74720853   1.34514217   -0.47458814   
5.38000000   98.29000000   25.28000000   146.09000000   25.71608332   99.74253956   1.65505836   -0.46255226   
5.38000000   98.29000000   25.28000000   146.09000000   25.72674340   99.74529057   1.85002458   -0.61132631   
5.38000000   98.29000000   25.28000000   146.09000000   25.74511435   99.76057880   1.45399631   -0.55071083   
5.38000000   98.29000000   25.28000000   146.09000000   25.74267768   99.72244740   1.40496588   -0.59512965   
5.38000000   98.29000000   25.28000000   146.09000000   25.77797788   99.73313533   1.01544189   -0.48364563   
5.38000000   98.29000000   25.28000000   146.09000000   25.74511435   99.74210037   1.63494551   -0.53462215   
5.38000000   98.29000000   25.28000000   146.09000000   25.74362990   99.73760001   1.43880814   -0.40932221   
5.38000000   98.29000000   25.28000000   146.09000000   25.73236319   99.76356895   1.01348267   -0.25773794   
5.38000000   98.29000000   25.28000000   146.09000000   25.72596065   99.74526849   1.45492854   -0.25762821   
5.38000000   98.29000000   25.28000000   146.09000000   25.70460337   99.72588602   1.58511252   -0.27524295   
5.38000000   98.29000000   25.28000000   146.09000000   25.71786911   99.72285249   1.76840331   -0.20098654   
5.38000000   98.29000000   25.28000000   146.09000000   25.72919897   99.72288330   1.94656259   -0.10847282   
5.38000000   98.29000000   25.28000000   146.09000000   25.76377585   99.76076048   1.70806520   -0.04837532   
5.38000000   98.29000000   25.28000000   146.09000000   25.75355323   99.77640012   1.54660045   -0.19177499   
5.38000000   98.29000000   25.28000000   146.09000000   25.73145208   99.76109337   2.14688582   -0.27762985   
5.38000000   98.29000000   25.28000000   146.09000000   25.72474602   99.74484040   2.01985581   -0.33035108   
5.38000000   98.29000000   25.28000000   146.09000000   25.73741164   99.75690112   1.71724356   -0.47157206   
5.38000000   98.29000000   25.28000000   146.09000000   25.72404127   99.75175852   1.38376467   -0.66821178   
5.38000000   98.29000000   25.28000000   146.09000000   25.73662414   99.73950990   1.49918435   -0.67540696   
5.38000000   98.29000000   25.28000000   146.09000000   25.71541507   99.74612432   1.36693543   -0.52378345   
5.38000000   98.29000000   25.28000000   146.09000000   25.73322598   99.73366426   1.62844033   -0.59346194   
5.38000000   98.29000000   25.28000000   146.09000000   25.72683201   99.73702790   1.84052171   -0.65325962   
5.38000000   98.29000000   25.28000000   146.09000000   25.71833473   99.73111138   1.71291850   -0.69962200   
5.38000000   98.29000000   25.28000000   146.09000000   25.71407591   99.74598185   1.23925143   -0.62066148   
5.38000000   98.29000000   25.28000000   146.09000000   25.70758287   99.73013795   1.13622058   -0.53728847   
5.38000000   98.29000000   25.28000000   146.09000000   25.70932256   99.73826826   1.50425712   -0.73330757   
5.38000000   98.29000000   25.28000000   146.09000000   25.74095226   99.75349188   1.52396627   -0.58363868   
5.38000000   98.29000000   25.28000000   146.09000000   25.74528213   99.75212902   1.15719192   -0.47103309   
5.38000000   98.29000000   25.28000000   146.09000000   25.71980574   99.74848863   1.50979604   -0.39713185   
5.38000000   98.29000000   25.28000000   146.09000000   25.72252533   99.75001687   1.47125142   -0.42431961   
5.38000000   98.29000000   25.28000000   146.09000000   25.74830934   99.74953793   1.72954214   -0.59379010   
5.38000000   98.29000000   25.28000000   146.09000000   25.74759646   99.73924130   1.67104884   -0.52996549   
5.38000000   98.29000000   25.28000000   146.09000000   25.72970501   99.71995276   1.48881533   -0.42266078   
5.38000000   98.29000000   25.28000000   146.09000000   25.74029186   99.72396366   1.38222496   -0.44541626   
5.38000000   98.29000000   25.28000000   146.09000000   25.74065334   99.70837038   1.50688323   -0.67821969   
5.38000000   98.29000000   25.28000000   146.09000000   25.72780660   99.73140590   1.32317011   -0.76939329   
5.38000000   98.29000000   25.28000000   146.09000000   25.74420227   99.72414285   1.11840133   -0.72268250   
5.38000000   98.29000000   25.28000000   146.09000000   25.71783776   99.73486767   1.52469239   -0.86903985   
5.38000000   98.29000000   25.28000000   146.09000000   25.70268133   99.74802249   1.09864751   -0.79222579   
5.38000000   98.29000000   25.28000000   146.09000000   25.71475316   99.74968211   1.36848141   -0.58986530   
5.38000000   98.29000000   25.28000000   146.09000000   25.72620245   99.75222704   1.15598161   -0.65801659   
5.38000000   98.29000000   25.28000000   146.09000000   25.71962158   99.74498649   1.33397906   -0.62996726   
5.38000000   98.29000000   25.28000000   146.09000000   25.70247022   99.75381979   1.12791283   -0.57627152   
5.38000000   98.29000000   25.28000000   146.09000000   25.72686266   99.76180336   1.19232925   -0.64107595   
5.38000000   98.29000000   25.28000000   146.09000000   25.72358979   99.76667929   1.00565654   -0.63646818   
5.38000000   98.29000000   25.28000000   146.09000000   25.72590991   99.72954594   1.34254304   -0.58591181   
5.38000000   98.29000000   25.28000000   146.09000000   25.74422049   99.72852553   1.43350914   -0.53756201   
5.38000000   98.29000000   25.28000000   146.09000000   25.75093123   99.73001011   1.15123057   -0.55888852   
5.38000000   98.29000000   25.28000000   146.09000000   25.74703081   99.70651067   1.05441156   -0.64549411   
5.38000000   98.29000000   25.28000000   146.09000000   25.72584708   99.73306873   1.29641546   -0.57908509   
5.38000000   98.29000000   25.28000000   146.09000000   25.73408216   99.74464070   1.21392979   -0.55835871   
5.38000000   98.29000000   25.28000000   146.09000000   25.74549397   99.72267336   1.53942347   -0.58848091   
5.38000000   98.29000000   25.28000000   146.09000000   25.75824500   99.70733051   1.64238097   -0.52955053   
5.38000000   98.29000000   25.28000000   146.09000000   25.74268346   99.72220114   1.78624652   -0.42768015   
5.38000000   98.29000000   25.28000000   146.09000000   25.72906625   99.73165847   1.67477677   -0.45202964   
5.38000000   98.29000000   25.28000000   146.09000000   25.73484151   99.73523634   2.08604941   -0.39576880   
5.38000000   98.29000000   25.28000000   146.09000000   25.70987496   99.76425820   1.62728388   -0.39003601   
5.38000000   98.29000000   25.28000000   146.09000000   25.71898246   99.75445935   1.05823082   -0.33585403   
5.38000000   98.29000000   25.28000000   146.09000000   25.72915814   99.74355157   1.11049615   -0.44692673   
5.38000000   98.29000000   25.28000000   146.09000000   25.75419250   99.72290861   1.58356378   -0.44508539   
5.38000000   98.29000000   25.28000000   146.09000000   25.74606825   99.74611495   1.29204391   -0.63604035   
5.38000000   98.29000000   25.28000000   146.09000000   25.74240304   99.73576844   1.32511696   -0.53232368   
5.38000000   98.29000000   25.28000000   146.09000000   25.74538649   99.73974771   1.37502550   -0.47484693   
5.38000000   98.29000000   25.28000000   146.09000000   25.75410275   99.74275272   1.13316997   -0.48087372   
5.38000000   98.29000000   25.28000000   146.09000000   25.72121931   99.75311486   1.48584402   -0.36270939   
5.38000000   98.29000000   25.28000000   146.09000000   25.73772279   99.77043406   1.24817953   -0.44409345   
5.38000000   98.29000000   25.28000000   146.09000000   25.73598256   99.75729992   1.52117539   -0.31607473   
5.38000000   98.29000000   25.28000000   146.09000000   25.74432547   99.77102867   1.56597988   -0.31476200   
5.38000000   98.29000000   25.28000000   146.09000000   25.75590137   99.73627037   1.19255370   -0.35917595   
5.38000000   98.29000000   25.28000000   146.09000000   25.73045044   99.73270769   1.12328354   -0.38902299   
5.38000000   98.29000000   25.28000000   146.09000000   25.72842565   99.74788670   1.43466061   -0.50788727   
5.38000000   98.29000000   25.28000000   146.09000000   25.72672643   99.73739690   1.22798310   -0.41266144   
5.38000000   98.29000000   25.28000000   146.09000000   25.72484451   99.74189963   1.08092384   -0.40265211   
5.38000000   98.29000000   25.28000000   146.09000000   25.73477135   99.74365514   1.52267116   -0.30459811   
5.38000000   98.29000000   25.28000000   146.09000000   25.75131597   99.74700806   1.22128276   -0.34927239   
5.38000000   98.29000000   25.28000000   146.09000000   25.74852406   99.75470611   1.05133323   -0.25457313   
5.38000000   98.29000000   25.28000000   146.09000000   25.72907494   99.76518262   1.63541112   -0.17427167   
5.38000000   98.29000000   25.28000000   146.09000000   25.71400525   99.73093537   1.35785025   -0.27414088   
5.38000000   98.29000000   25.28000000   146.09000000   25.72892562   99.74610885   1.58446396   -0.18609243   
5.38000000   98.29000000   25.28000000   146.09000000   25.73110177   99.75888917   1.16131186   -0.26826569   
5.38000000   98.29000000   25.28000000   146.09000000   25.71310876   99.73915151   1.11159895   -0.26022295   
5.38000000   98.29000000   25.28000000   146.09000000   25.70535904   99.75516214   1.23289009   -0.29196454   
5.38000000   98.29000000   25.28000000   146.09000000   25.70825486   99.74067832   1.26497401   -0.46642050   
5.38000000   98.29000000   25.28000000   146.09000000   25.72683878   99.73796370   1.99626644   -0.47012735   
5.38000000   98.29000000   25.28000000   146.09000000   25.72926727   99.74788295   1.59092580   -0.67832120   
5.38000000   98.29000000   25.28000000   146.09000000   25.74974017   99.73528066   1.04800127   -0.62882067   
5.38000000   98.29000000   25.28000000   146.09000000   25.75684424   99.74759663   1.12546666   -0.67479304   
5.38000000   98.29000000   25.28000000   146.09000000   25.74924914   99.75722573   1.02532556   -0.67091532   
5.38000000   98.29000000   25.28000000   146.09000000   25.74227806   99.73387138   1.20329429   -0.69029504   
5.38000000   98.29000000   25.28000000   146.09000000   25.72074383   99.73607886   1.31461527   -0.63459960   
5.38000000   98.29000000   25.28000000   146.09000000   25.73696873   99.71612283   1.48982229   -0.59466066   
5.38000000   98.29000000   25.28000000   146.09000000   25.72212276   99.71223071   1.04721105   -0.59136343   
5.38000000   98.29000000   25.28000000   146.09000000   25.73051082   99.72323182   1.21688254   -0.52494151   
5.38000000   98.29000000   25.28000000   146.09000000   25.74301582   99.73424785   1.52823293   -0.53741089   
5.38000000   98.29000000   25.28000000   146.09000000   25.75610807   99.73727776   1.01404081   -0.61647138   
5.38000000   98.29000000   25.28000000   146.09000000   25.72516857   99.73896483   1.34467224   -0.58717699   
5.38000000   98.29000000   25.28000000   146.09000000   25.69982227   99.74220052   1.71884671   -0.44872153   
5.38000000   98.29000000   25.28000000   146.09000000   25.69597306   99.75213911   1.45703784   -0.35761469   
5.38000000   98.29000000   25.28000000   146.09000000   25.70810701   99.74780980   1.16960012   -0.33304416   
5.38000000   98.29000000   25.28000000   146.09000000   25.72765594   99.74043666   1.50253869   -0.48778432   
5.38000000   98.29000000   25.28000000   146.09000000   25.74295832   99.73572108   1.40937704   -0.40363672   
5.38000000   98.29000000   25.28000000   146.09000000   25.73384125   99.73093423   1.34080788   -0.41119239   
5.38000000   98.29000000   25.28000000   146.09000000   25.72061811   99.72258930   1.20615128   -0.43579748   
5.38000000   98.29000000   25.28000000   146.09000000   25.75215867   99.73147079   1.01240001   -0.58026522   
5.38000000   98.29000000   25.28000000   146.09000000   25.73554292   99.71355911   1.24252560   -0.49222113   
5.38000000   98.29000000   25.28000000   146.09000000   25.72763624   99.71928462   1.55159289   -0.51702151   
5.38000000   98.29000000   25.28000000   146.09000000   25.76129001   99.74045107   1.23438564   -0.58653623   
5.38000000   98.29000000   25.28000000   146.09000000   25.72847217   99.75616451   1.71174032   -0.48009377   
5.38000000   98.29000000   25.28000000   146.09000000   25.71232501   99.71068831   1.21824329   -0.45826182   
5.38000000   98.29000000   25.28000000   146.09000000   25.73326754   99.73149816   1.31064644   -0.45405760   
5.38000000   98.29000000   25.28000000   146.09000000   25.74191752   99.73839766   1.72254120   -0.52865365   
5.38000000   98.29000000   25.28000000   146.09000000   25.73260920   99.74584036   1.08018155   -0.58227835   
5.38000000   98.29000000   25.28000000   146.09000000   25.71801397   99.73927397   1.24646254   -0.51371869   
5.38000000   98.29000000   25.28000000   146.09000000   25.71273610   99.73088376   1.05103893   -0.57695261   
5.38000000   98.29000000   25.28000000   146.09000000   25.71300678   99.73926650   1.03766800   -0.54189071   
5.38000000   98.29000000   25.28000000   146.09000000   25.73115609   99.73419840   1.07038791   -0.66442570   
5.38000000   98.29000000   25.28000000   146.09000000   25.73152723   99.74146391   1.14070649   -0.50098985   
5.38000000   98.29000000   25.28000000   146.09000000   25.73776705   99.74337167   1.20968847   -0.47729903   
5.38000000   98.29000000   25.28000000   146.09000000   25.73559830   99.73260690   1.13409964   -0.59263046   
5.38000000   98.29000000   25.28000000   146.09000000   25.72421321   99.72625004   1.23185870   -0.67522830   
5.38000000   98.29000000   25.28000000   146.09000000   25.72808218   99.72335570   1.20305767   -0.74185821   
5.38000000   98.29000000   25.28000000   146.09000000   25.74814928   99.72881808   1.09761443   -0.64981344   
5.38000000   98.29000000   25.28000000   146.09000000   25.73316610   99.72085524   1.47926976   -0.65672333   
5.38000000   98.29000000   25.28000000   146.09000000   25.72765085   99.71966461   1.33649683   -0.69004052   
5.38000000   98.29000000   25.28000000   146.09000000   25.73728231   99.72471585   1.51010076   -0.70122518   
5.38000000   98.29000000   25.28000000   146.09000000   25.73175836   99.70651092   1.19743258   -0.77096188   
5.38000000   98.29000000   25.28000000   146.09000000   25.72368061   99.72035934   1.44372266   -0.61844309   
5.38000000   98.29000000   25.28000000   146.09000000   25.72174831   99.72860618   1.34252400   -0.70414685   
5.38000000   98.29000000   25.28000000   146.09000000   25.73744399   99.76342372   1.13539409   -0.70858721   
5.38000000   98.29000000   25.28000000   146.09000000   25.72288509   99.73937868   1.29207213   -0.68090925   
5.38000000   98.29000000   25.28000000   146.09000000   25.72262961   99.72676785   1.34715978   -0.78204857   
5.38000000   98.29000000   25.28000000   146.09000000   25.73465313   99.72571221   1.53347195   -0.99875970   
5.38000000   98.29000000   25.28000000   146.09000000   25.75650261   99.74185352   1.11586025   -1.07666574   
5.38000000   98.29000000   25.28000000   146.09000000   25.74674763   99.73123492   1.14128762   -1.01243893   
5.38000000   98.29000000   25.28000000   146.09000000   25.72755827   99.73533374   1.22270661   -0.83911898   
5.38000000   98.29000000   25.28000000   146.09000000   25.74189296   99.71706693   1.23287059   -0.69555578   
5.38000000   98.29000000   25.28000000   146.09000000   25.73680124   99.73122071   1.38709627   -0.82423059   
5.38000000   98.29000000   25.28000000   146.09000000   25.74507662   99.74270633   1.03296262   -0.59506453   
5.38000000   98.29000000   25.28000000   146.09000000   25.74420344   99.74165773   1.05865261   -0.57366152   
5.38000000   98.29000000   25.28000000   146.09000000   25.75691750   99.74771096   1.14089639   -0.67055148   
5.38000000   98.29000000   25.28000000   146.09000000   25.75404467   99.73339412   1.11602721   -0.63883603   
5.38000000   98.29000000   25.28000000   146.09000000   25.74447857   99.74599805   1.05130641   -0.62848949   
5.38000000   98.29000000   25.28000000   146.09000000   25.72066778   99.74532026   1.13030285   -0.61308561   
5.38000000   98.29000000   25.28000000   146.09000000   25.73990862   99.73763830   1.56380696   -0.54938290   
5.38000000   98.29000000   25.28000000   146.09000000   25.74192674   99.76318089   1.20658396   -0.46588705   
5.38000000   98.29000000   25.28000000   146.09000000   25.73477695   99.77081148   1.05494886   -0.48483687   
5.38000000   98.29000000   25.28000000   146.09000000   25.72293373   99.74144269   1.69113794   -0.63377757   
5.38000000   98.29000000   25.28000000   146.09000000   25.72369019   99.72782206   1.44894077   -0.70020728   
5.38000000   98.29000000   25.28000000   146.09000000   25.75778320   99.74779078   1.11285336   -0.70387106   
5.38000000   98.29000000   25.28000000   146.09000000   25.74792545   99.74195316   1.63778513   -0.59055314   
5.38000000   98.29000000   25.28000000   146.09000000   25.77142722   99.74663541   1.52193605   -0.61893664   
5.38000000   98.29000000   25.28000000   146.09000000   25.76226475   99.73203493   1.20584882   -0.35342546   
5.38000000   98.29000000   25.28000000   146.09000000   25.72702634   99.72123121   1.36215442   -0.35575481   
5.38000000   98.29000000   25.28000000   146.09000000   25.73634041   99.74896483   1.14107958   -0.39839984   
5.38000000   98.29000000   25.28000000   146.09000000   25.73040376   99.71814079   1.32396204   -0.53429904   
5.38000000   98.29000000   25.28000000   146.09000000   25.74417633   99.72084142   1.09784783   -0.55389743   
5.38000000   98.29000000   25.28000000   146.09000000   25.72818014   99.72768915   1.12207509   -0.54818139   
5.38000000   98.29000000   25.28000000   146.09000000   25.74297247   99.73382759   1.57311621   -0.55705784   
5.38000000   98.29000000   25.28000000   146.09000000   25.72606168   99.75096883   1.49239556   -0.56515589   
5.38000000   98.29000000   25.28000000   146.09000000   25.73510257   99.75394656   1.54003557   -0.57298869   
5.38000000   98.29000000   25.28000000   146.09000000   25.72542449   99.74775359   1.34136958   -0.59234553   
5.38000000   98.29000000   25.28000000   146.09000000   25.72670128   99.75187930   1.32666387   -0.79287213   
5.38000000   98.29000000   25.28000000   146.09000000   25.74348996   99.74934086   1.10963276   -0.77062659   
5.38000000   98.29000000   25.28000000   146.09000000   25.74264375   99.73041953   1.06685187   -0.69275703   
5.38000000   98.29000000   25.28000000   146.09000000   25.72336268   99.71913046   1.19918733   -0.68490902   
5.38000000   98.29000000   25.28000000   146.09000000   25.71420775   99.72828682   1.55248062   -0.58196363   
5.38000000   98.29000000   25.28000000   146.09000000   25.73711009   99.71689066   1.07736332   -0.63461655   
5.38000000   98.29000000   25.28000000   146.09000000   25.72655879   99.72296819   1.28129257   -0.57133643   
5.38000000   98.29000000   25.28000000   146.09000000   25.72091912   99.75016977   1.57818004   -0.59271028   
5.38000000   98.29000000   25.28000000   146.09000000   25.74288214   99.71747387   1.22906805   -0.43749872   
5.38000000   98.29000000   25.28000000   146.09000000   25.73718660   99.72081874   1.07948699   -0.52646090   
5.38000000   98.29000000   25.28000000   146.09000000   25.70961735   99.74507017   1.68018109   -0.50795132   
5.38000000   98.29000000   25.28000000   146.09000000   25.70186007   99.75482324   1.19120431   -0.63225144   
5.38000000   98.29000000   25.28000000   146.09000000   25.72556216   99.76495623   1.58687414   -0.57430157   
5.38000000   98.29000000   25.28000000   146.09000000   25.73542684   99.76970328   1.24451655   -0.65747827   
5.38000000   98.29000000   25.28000000   146.09000000   25.74899840   99.74510595   2.03331561   -0.63049080   
5.38000000   98.29000000   25.28000000   146.09000000   25.72576902   99.76281853   1.26234142   -0.47556158   
5.38000000   98.29000000   25.28000000   146.09000000   25.73166819   99.78283842   1.53948668   -0.54986254   
5.38000000   98.29000000   25.28000000   146.09000000   25.72575989   99.77991668   2.20397416   -0.34659328   
5.38000000   98.29000000   25.28000000   146.09000000   25.70188996   99.75312104   2.22476863   -0.53575608   
5.38000000   98.29000000   25.28000000   146.09000000   25.71007897   99.74910312   2.51956971   -0.38542024   
5.38000000   98.29000000   25.28000000   146.09000000   25.74090313   99.71481828   2.62852488   -0.42259456   
5.38000000   98.29000000   25.28000000   146.09000000   25.74144515   99.76127017   2.22197351   -0.39240385   
5.38000000   98.29000000   25.28000000   146.09000000   25.73477205   99.75586622   1.98852435   -0.43322965   
5.38000000   98.29000000   25.28000000   146.09000000   25.73087729   99.75287164   1.46897380   -0.50806667   
5.38000000   98.29000000   25.28000000   146.09000000   25.73430002   99.74676801   1.38974663   -0.57932722   
5.38000000   98.29000000   25.28000000   146.09000000   25.70707999   99.73056396   1.07633519   -0.45085939   
5.38000000   98.29000000   25.28000000   146.09000000   25.72259044   99.74594829   1.65002195   -0.46438157   
5.38000000   98.29000000   25.28000000   146.09000000   25.74760490   99.74400344   1.26998837   -0.37925386   
5.38000000   98.29000000   25.28000000   146.09000000   25.71764268   99.73458664   1.16601215   -0.21999339   
5.38000000   98.29000000   25.28000000   146.09000000   25.71890465   99.74368633   1.37197480   -0.24362490   
5.38000000   98.29000000   25.28000000   146.09000000   25.71915933   99.75903528   1.32826436   -0.25670952   
5.38000000   98.29000000   25.28000000   146.09000000   25.72480594   99.75060999   1.46940425   -0.29355428   
5.38000000   98.29000000   25.28000000   146.09000000   25.70793303   99.73478462   1.15002155   -0.37555484   
5.38000000   98.29000000   25.28000000   146.09000000   25.71044416   99.74288644   1.62434438   -0.56745512   
5.38000000   98.29000000   25.28000000   146.09000000   25.74498038   99.73960968   1.65854769   -0.41365529   
5.38000000   98.29000000   25.28000000   146.09000000   25.74305726   99.72142074   1.97355439   -0.44275884   
5.38000000   98.29000000   25.28000000   146.09000000   25.72197659   99.74209330   1.60019768   -0.55514076   
5.38000000   98.29000000   25.28000000   146.09000000   25.71050151   99.74403648   1.21646155   -0.52851084   
5.38000000   98.29000000   25.28000000   146.09000000   25.73511406   99.72312645   1.67097362   -0.52501546   
5.38000000   98.29000000   25.28000000   146.09000000   25.75234798   99.73424897   1.53807837   -0.53374738   
5.38000000   98.29000000   25.28000000   146.09000000   25.76025784   99.74393602   1.37472303   -0.56548304   
5.38000000   98.29000000   25.28000000   146.09000000   25.76795808   99.72754664   1.38764819   -0.64591305   
5.38000000   98.29000000   25.28000000   146.09000000   25.75916064   99.72010564   1.29069262   -0.72096312   
5.38000000   98.29000000   25.28000000   146.09000000   25.76224697   99.72576937   1.03695987   -0.85876948   
5.38000000   98.29000000   25.28000000   146.09000000   25.75300855   99.73620644   1.13214540   -0.75885424   
5.38000000   98.29000000   25.28000000   146.09000000   25.75249735   99.73648381   1.24068242   -0.75045501   
5.38000000   98.29000000   25.28000000   146.09000000   25.74617904   99.73381608   1.09598048   -0.75340301   
5.38000000   98.29000000   25.28000000   146.09000000   25.73138083   99.73092224   1.08884620   -0.65353723   
5.38000000   98.29000000   25.28000000   146.09000000   25.72832830   99.73363474   1.05720536   -0.65528978   
5.38000000   98.29000000   25.28000000   146.09000000   25.72319165   99.74354690   1.04582912   -0.60308372   
5.38000000   98.29000000   25.28000000   146.09000000   25.71966157   99.72414404   1.16528834   -0.63573601   
5.38000000   98.29000000   25.28000000   146.09000000   25.72026321   99.71796423   1.11257924   -0.64639146   
5.38000000   98.29000000   25.28000000   146.09000000   25.73398592   99.72921937   1.34679000   -0.47093705   
5.38000000   98.29000000   25.28000000   146.09000000   25.70910572   99.74534429   1.46468751   -0.39640832   
5.38000000   98.29000000   25.28000000   146.09000000   25.73132602   99.74400824   1.31574814   -0.29618476   
5.38000000   98.29000000   25.28000000   146.09000000   25.72670687   99.75433306   1.05228582   -0.28567389   
5.38000000   98.29000000   25.28000000   146.09000000   25.72800405   99.74293913   1.30690031   -0.31882581   
5.38000000   98.29000000   25.28000000   146.09000000   25.70780201   99.75725491   1.22987884   -0.32704238   
5.38000000   98.29000000   25.28000000   146.09000000   25.73936002   99.75696428   1.42035558   -0.21372492   
5.38000000   98.29000000   25.28000000   146.09000000   25.72159488   99.73230581   1.24115433   -0.27049160   
5.38000000   98.29000000   25.28000000   146.09000000   25.74121694   99.74549628   2.05272824   -0.29657194   
5.38000000   98.29000000   25.28000000   146.09000000   25.73146469   99.75207542   2.12183819   -0.27667947   
5.38000000   98.29000000   25.28000000   146.09000000   25.71127419   99.76226590   1.67130761   -0.19799605   
5.38000000   98.29000000   25.28000000   146.09000000   25.73422751   99.75403617   1.46878366   -0.21030527   
5.38000000   98.29000000   25.28000000   146.09000000   25.71655420   99.77778614   1.18577725   -0.25304780   
5.38000000   98.29000000   25.28000000   146.09000000   25.71237017   99.77827555   1.02076695   -0.14045958   
5.38000000   98.29000000   25.28000000   146.09000000   25.74121465   99.75184298   1.14498642   -0.11242830   
5.38000000   98.29000000   25.28000000   146.09000000   25.73596879   99.73905438   1.41767338   -0.29165610   
5.38000000   98.29000000   25.28000000   146.09000000   25.72757467   99.72836159   1.24788098   -0.34997371   
5.38000000   98.29000000   25.28000000   146.09000000   25.71567909   99.74106340   1.15458513   -0.28918769   
5.38000000   98.29000000   25.28000000   146.09000000   25.73599415   99.73109461   1.21638385   -0.24585803   
5.38000000   98.29000000   25.28000000   146.09000000   25.71574711   99.74718971   1.48173542   -0.26357195   
5.38000000   98.29000000   25.28000000   146.09000000   25.71115069   99.73720279   2.04816924   -0.21373147   
5.38000000   98.29000000   25.28000000   146.09000000   25.73900475   99.71974972   1.47188926   -0.36863576   
5.38000000   98.29000000   25.28000000   146.09000000   25.74224077   99.76203934   1.73488517   -0.38697804   
5.38000000   98.29000000   25.28000000   146.09000000   25.74679414   99.75321693   1.28509692   -0.31385860   
5.38000000   98.29000000   25.28000000   146.09000000   25.73307654   99.75370087   1.14149981   -0.17567528   
5.38000000   98.29000000   25.28000000   146.09000000   25.71039255   99.73402079   1.19621121   -0.12316991   
5.38000000   98.29000000   25.28000000   146.09000000   25.70657986   99.73718649   1.60582169   -0.12623822   
5.38000000   98.29000000   25.28000000   146.09000000   25.71790909   99.74360213   1.53736940   -0.11275935   
5.38000000   98.29000000   25.28000000   146.09000000   25.73082973   99.75536817   1.90911320   -0.26252121   
5.38000000   98.29000000   25.28000000   146.09000000   25.72435502   99.73642351   1.88436021   -0.29096806   
5.38000000   98.29000000   25.28000000   146.09000000   25.73307316   99.73556959   1.99663642   -0.28622440   
5.38000000   98.29000000   25.28000000   146.09000000   25.73709938   99.75305428   1.22351963   -0.17494095   
5.38000000   98.29000000   25.28000000   146.09000000   25.74368928   99.76311663   1.06670151   -0.20234826   
5.38000000   98.29000000   25.28000000   146.09000000   25.71597183   99.76415696   1.21023906   -0.23395684   
5.38000000   98.29000000   25.28000000   146.09000000   25.72093848   99.77054760   1.10164336   -0.24390779   
5.38000000   98.29000000   25.28000000   146.09000000   25.71340520   99.75814566   1.18415793   -0.34463447   
5.38000000   98.29000000   25.28000000   146.09000000   25.69823220   99.75392887   1.22678584   -0.33391007   
5.38000000   98.29000000   25.28000000   146.09000000   25.70328014   99.74870176   1.70117201   -0.30469637   
5.38000000   98.29000000   25.28000000   146.09000000   25.73828339   99.74985652   1.05522577   -0.23181601   
5.38000000   98.29000000   25.28000000   146.09000000   25.74020596   99.72956045   1.54038432   -0.36599583   
5.38000000   98.29000000   25.28000000   146.09000000   25.75450856   99.72845533   1.55042767   -0.46654709   
5.38000000   98.29000000   25.28000000   146.09000000   25.73776178   99.72534515   1.97267470   -0.48872236   
5.38000000   98.29000000   25.28000000   146.09000000   25.74821093   99.70954782   2.18955680   -0.65673939   
5.38000000   98.29000000   25.28000000   146.09000000   25.73954505   99.73449268   1.22263606   -0.56779459   
5.38000000   98.29000000   25.28000000   146.09000000   25.73490919   99.70952938   1.09035332   -0.54822301   
5.38000000   98.29000000   25.28000000   146.09000000   25.73873294   99.72354749   1.49200998   -0.79738716   
5.38000000   98.29000000   25.28000000   146.09000000   25.73954276   99.71693251   1.69908652   -0.91444739   
5.38000000   98.29000000   25.28000000   146.09000000   25.74019703   99.71061897   1.66646550   -0.75816328   
5.38000000   98.29000000   25.28000000   146.09000000   25.74413340   99.70565395   1.06400604   -0.67546018   
5.38000000   98.29000000   25.28000000   146.09000000   25.72897720   99.70057125   1.07211329   -0.69052823   
5.38000000   98.29000000   25.28000000   146.09000000   25.75334487   99.70979396   1.23892317   -0.81089151   
5.38000000   98.29000000   25.28000000   146.09000000   25.73586960   99.70306955   1.20590611   -0.79540796   
5.38000000   98.29000000   25.28000000   146.09000000   25.73786129   99.71846853   1.01274015   -0.66883625   
5.38000000   98.29000000   25.28000000   146.09000000   25.75167372   99.72375348   1.44293838   -0.51207529   
5.38000000   98.29000000   25.28000000   146.09000000   25.72985519   99.71243584   1.64817633   -0.44520753   
5.38000000   98.29000000   25.28000000   146.09000000   25.75420016   99.73151203   2.16110648   -0.35255814   
5.38000000   98.29000000   25.28000000   146.09000000   25.73481630   99.72902144   2.18347432   -0.22516636   
5.38000000   98.29000000   25.28000000   146.09000000   25.72942199   99.74093368   2.02432041   -0.37986651   
5.38000000   98.29000000   25.28000000   146.09000000   25.73167511   99.72467011   1.88555148   -0.20892507   
5.38000000   98.29000000   25.28000000   146.09000000   25.71910028   99.73182618   1.57755841   -0.22516899   
5.38000000   98.29000000   25.28000000   146.09000000   25.74488052   99.72559191   1.16503476   -0.08575796   
5.38000000   98.29000000   25.28000000   146.09000000   25.75610500   99.73996319   1.15362930   -0.23231687   
5.38000000   98.29000000   25.28000000   146.09000000   25.71666421   99.74272749   1.20614570   -0.27300709   
5.38000000   98.29000000   25.28000000   146.09000000   25.73345322   99.74973941   1.03785253   -0.40536388   
5.38000000   98.29000000   25.28000000   146.09000000   25.73413943   99.71909701   1.10041488   -0.53083642   
5.38000000   98.29000000   25.28000000   146.09000000   25.73522981   99.73368344   1.45552343   -0.44903085   
5.38000000   98.29000000   25.28000000   146.09000000   25.72794701   99.72828682   1.18579497   -0.36775286   
5.38000000   98.29000000   25.28000000   146.09000000   25.74323886   99.73129235   1.01522430   -0.36973427   
5.38000000   98.29000000   25.28000000   146.09000000   25.75093850   99.74468027   1.55104493   -0.21531645   
5.38000000   98.29000000   25.28000000   146.09000000   25.71675513   99.72275795   2.02845057   -0.15986514   
5.38000000   98.29000000   25.28000000   146.09000000   25.71511511   99.71754454   2.17239349   -0.29558499   
5.38000000   98.29000000   25.28000000   146.09000000   25.73825253   99.71650523   2.30090484   -0.37141384   
5.38000000   98.29000000   25.28000000   146.09000000   25.74120245   99.73010361   2.69198506   -0.43411621   
5.38000000   98.29000000   25.28000000   146.09000000   25.73825128   99.73099995   2.85017095   -0.39090749   
5.38000000   98.29000000   25.28000000   146.09000000   25.73683284   99.70306622   1.94221400   -0.49119656   
5.38000000   98.29000000   25.28000000   146.09000000   25.73989658   99.72373748   2.20620403   -0.38413270   
5.38000000   98.29000000   25.28000000   146.09000000   25.70905700   99.73240985   1.06028114   -0.36393800   
5.38000000   98.29000000   25.28000000   146.09000000   25.72097001   99.74484188   1.06117128   -0.38285702   
5.38000000   98.29000000   25.28000000   146.09000000   25.73581303   99.76721043   1.10960951   -0.16816148   
5.38000000   98.29000000   25.28000000   146.09000000   25.73661392   99.77259935   1.35653130   -0.07436559   
5.38000000   98.29000000   25.28000000   146.09000000   25.72860682   99.76859203   1.31077813   -0.12898541   
5.38000000   98.29000000   25.28000000   146.09000000   25.72086319   99.76187539   1.36240200   -0.09157931   
5.38000000   98.29000000   25.28000000   146.09000000   25.71370577   99.77053131   1.13726717   -0.05618516   
5.38000000   98.29000000   25.28000000   146.09000000   25.71010630   99.75932670   1.33531726   -0.12481478   
5.38000000   98.29000000   25.28000000   146.09000000   25.71376628   99.72064031   1.08040289   -0.12284764   
5.38000000   98.29000000   25.28000000   146.09000000   25.70423120   99.75460447   1.13335524   -0.00985939   
5.38000000   98.29000000   25.28000000   146.09000000   25.70743568   99.74257503   1.32943186   -0.01465157   
5.38000000   98.29000000   25.28000000   146.09000000   25.72060782   99.72788123   1.71797356   -0.19067261   
5.38000000   98.29000000   25.28000000   146.09000000   25.73672329   99.72338387   1.82114619   -0.04797539   
5.38000000   98.29000000   25.28000000   146.09000000   25.73662337   99.73078743   2.22281397   -0.12572008   
5.38000000   98.29000000   25.28000000   146.09000000   25.74350509   99.72995594   2.04942302   -0.17041440   
5.38000000   98.29000000   25.28000000   146.09000000   25.74603999   99.73955693   1.31456115   -0.18624413   
5.38000000   98.29000000   25.28000000   146.09000000   25.73096395   99.72202002   1.50082250   -0.24517141   
5.38000000   98.29000000   25.28000000   146.09000000   25.72460805   99.72393703   1.36529672   -0.26525512   
5.38000000   98.29000000   25.28000000   146.09000000   25.72791017   99.73147016   1.49255227   -0.30098728   
5.38000000   98.29000000   25.28000000   146.09000000   25.72469311   99.71552159   1.50869775   -0.28626771   
5.38000000   98.29000000   25.28000000   146.09000000   25.70387291   99.74484472   1.42806148   -0.43505553   
5.38000000   98.29000000   25.28000000   146.09000000   25.70928949   99.76422921   1.50300806   -0.41358585   
5.38000000   98.29000000   25.28000000   146.09000000   25.70584987   99.73932610   1.89167117   -0.48417059   
5.38000000   98.29000000   25.28000000   146.09000000   25.72645527   99.72054517   1.03086303   -0.57992347   
5.38000000   98.29000000   25.28000000   146.09000000   25.74984303   99.73111196   1.18514311   -0.59839843   
5.38000000   98.29000000   25.28000000   146.09000000   25.75154868   99.73032432   1.18692771   -0.58050347   
5.38000000   98.29000000   25.28000000   146.09000000   25.73316432   99.74272216   1.16121161   -0.48560757   
