775.71161041   
761.01350106   
703.63023344   
716.77892357   
681.49999538   
658.19918478   
650.19383754   
671.70695022   
728.29918765   
702.93108466   
683.73624923   
660.01545141   
677.76900991   
683.58876135   
633.84264253   
639.51014975   
626.51124161   
612.71014587   
600.62324509   
600.48902985   
625.38061593   
591.66134979   
617.34242052   
608.65699283   
586.35316863   
600.16374829   
655.00109389   
589.96568317   
608.18648056   
594.68728043   
623.69614361   
602.44586852   
576.85526412   
574.73498276   
553.65050017   
538.65694984   
555.69819585   
539.88627155   
537.32519225   
546.22204509   
551.90369108   
555.14315793   
546.60662522   
523.89508704   
519.77147726   
525.22144450   
523.07079411   
519.60556926   
542.86010038   
520.61867567   
521.46161071   
528.14993202   
518.92950466   
529.25460453   
520.25039751   
533.30221344   
529.59980594   
519.87237015   
525.55265374   
522.28329619   
519.83846123   
520.91030327   
529.69729852   
530.47790666   
530.77203324   
520.18855523   
532.70582430   
523.00620222   
520.77291410   
524.90222227   
522.82871493   
521.83537930   
524.94843177   
540.73492766   
526.03120591   
522.25155652   
528.88402745   
525.91803261   
541.50424741   
529.26620815   
532.37813602   
537.64747784   
523.04886306   
529.17182623   
529.67074470   
532.76203639   
542.35968351   
541.57210930   
534.90058949   
544.30238453   
549.23469945   
536.82829799   
526.75986878   
535.87697896   
528.31645768   
524.72660668   
523.20973179   
522.51521404   
524.56230627   
529.67400061   
528.50234089   
530.96630888   
538.05128786   
529.13295788   
540.53467025   
527.31883332   
545.11128626   
525.55205888   
530.06629152   
533.77181073   
522.95889986   
524.47644535   
525.99879142   
534.72490988   
556.43288022   
559.50024079   
535.75941957   
531.69666080   
557.12650958   
540.32834552   
552.03563800   
535.81734328   
542.14627315   
524.12844085   
542.01629952   
540.77021362   
523.96364432   
533.49909426   
535.10313348   
523.79485052   
527.26490962   
524.27843155   
526.27883896   
540.11472169   
528.84956765   
540.37422719   
524.39337399   
528.59093247   
526.33990147   
537.52426561   
522.31073331   
532.47788768   
531.10144474   
527.85910271   
525.75194284   
528.66432448   
532.02679816   
526.89400826   
535.18138344   
528.83955434   
537.05247071   
533.87846416   
525.44514748   
525.33346729   
524.07907385   
526.65060698   
522.17370038   
522.36059850   
520.02941378   
531.36990224   
521.85049167   
523.62320115   
523.31380400   
523.51963807   
523.38968638   
519.44756361   
532.48942970   
527.93625864   
520.38926323   
527.34014199   
532.97508027   
529.95047301   
519.97135822   
522.22806181   
518.27693791   
519.20014146   
522.30027233   
523.87905770   
525.31487793   
533.04101696   
529.38491337   
530.00659236   
526.53717997   
536.27678707   
530.34755130   
530.21261469   
528.05081824   
524.28172429   
521.30719086   
530.37359652   
526.93224620   
521.10852064   
531.31130887   
524.83701245   
523.02920258   
522.36385533   
524.48935279   
529.70484399   
529.10302739   
520.18399964   
522.46416706   
520.36103373   
534.09638533   
519.98052635   
524.62950051   
524.08556480   
524.30634993   
524.44618318   
542.69282185   
524.34791632   
527.43812553   
522.29741935   
535.43648130   
528.31092758   
525.86626014   
525.71469723   
525.13536407   
521.19366301   
532.50259995   
527.55603288   
530.67074290   
540.54418860   
527.28728684   
532.88182687   
518.19753116   
518.37254476   
525.54946737   
521.18417689   
530.62443984   
526.54250654   
523.71257579   
520.78113555   
523.46215461   
526.61702063   
528.37524620   
526.72327735   
538.77746748   
521.51901883   
527.06586495   
518.81100969   
520.11952436   
526.22895773   
524.52811770   
526.25674023   
526.03858411   
520.49953446   
530.27425007   
521.44920373   
520.23698163   
538.55665168   
534.21606948   
531.14279196   
523.48319827   
533.94620368   
522.99230375   
525.13251685   
524.88812293   
524.73344297   
545.43490857   
522.94053696   
526.93033550   
523.32125471   
546.07235470   
529.62555288   
528.05601668   
522.14015873   
521.80463815   
520.73386254   
522.93315268   
520.86206914   
517.35741825   
526.82533748   
525.57757075   
527.17436461   
520.47159448   
522.95853477   
525.04860262   
528.31640184   
532.27297041   
531.56538773   
540.97904421   
524.61160284   
529.65810445   
526.30152017   
535.87074331   
535.69213516   
529.16356847   
522.87290218   
529.43710223   
533.61056101   
536.66275981   
533.89902100   
545.52682310   
522.31125531   
518.68671050   
536.31361638   
520.72041743   
525.27304954   
520.17244004   
523.18170358   
522.90220064   
520.46632103   
532.09349481   
523.92847457   
522.71064099   
520.66586515   
530.12364577   
536.51028961   
519.62336039   
545.98788213   
520.97535475   
553.50064399   
520.73745925   
524.88368890   
534.76433484   
559.81181013   
531.86497679   
534.27807954   
524.81767618   
531.29686100   
529.52602133   
521.23309950   
526.02934193   
533.76582727   
531.70356501   
546.71991275   
533.93907924   
527.83463864   
519.48051763   
526.49331419   
522.01851119   
528.14395039   
520.33383626   
525.07255293   
530.01122558   
518.92618357   
526.09224699   
531.56465567   
521.78577471   
520.88624817   
521.83280561   
527.27979232   
522.52933373   
525.36926154   
527.38540817   
519.80852389   
522.08428047   
527.56075018   
520.27666624   
515.97571096   
529.27440708   
521.49249254   
524.85466990   
530.15003527   
523.06402275   
529.68088480   
525.33195984   
523.96206544   
529.73613248   
529.25699531   
519.17490794   
530.94767500   
521.00682310   
525.57685637   
528.64741506   
528.89936248   
531.12342524   
530.80344519   
527.30742117   
532.47370307   
522.96101274   
519.60588028   
522.85946105   
531.65115618   
522.38436740   
526.60937629   
523.48443129   
530.61213645   
544.91237639   
523.82749906   
529.36185936   
553.91042807   
525.19979645   
529.50354662   
517.61575846   
525.34458997   
531.48729657   
525.22824299   
528.20848746   
533.61757297   
525.19558396   
524.46788299   
515.64955019   
530.65750789   
524.04450628   
523.70709402   
520.72134900   
520.05612327   
523.45222517   
522.75188322   
536.23880096   
531.82598036   
523.10679717   
526.14486213   
524.73379247   
519.97124142   
520.46150440   
527.24100899   
551.66712283   
526.49908884   
523.47137570   
522.09894933   
519.71734629   
527.02834169   
535.79008532   
527.08355149   
520.85281844   
530.01305409   
551.54101981   
525.36323131   
525.77413520   
532.95803722   
534.16224199   
543.65576515   
533.58908065   
519.67244524   
525.05908451   
536.75359266   
525.86381917   
539.56080685   
521.08533196   
517.61587848   
520.09225227   
515.73247537   
516.23854113   
522.95298241   
519.94716749   
527.09803307   
521.47970790   
523.69295458   
520.61347971   
526.79073890   
519.64935062   
527.62557428   
529.92955347   
521.71819888   
526.98986840   
524.01019261   
536.91162468   
528.06822777   
524.43026033   
521.38560833   
521.28937506   
522.02012485   
519.56886547   
532.74849473   
530.83963944   
525.27399860   
522.02187879   
527.74131805   
517.75510224   
525.73009880   
519.13221997   
518.62014204   
522.35413923   
533.36043245   
535.22736952   
544.82083095   
531.86229906   
520.64958640   
521.91243377   
521.64437175   
541.47469722   
532.99344268   
524.35782632   
542.52932764   
517.30269761   
524.24157768   
520.02574229   
534.36868156   
531.49440782   
524.91568467   
526.36664251   
522.54061972   
520.95622726   
524.40933936   
529.84340514   
524.75424746   
516.37740151   
520.20523288   
521.37408988   
527.81482612   
524.51628840   
530.61638599   
529.75385222   
525.67862985   
525.44626960   
523.32418023   
521.00418462   
517.67584468   
527.24661415   
526.04782705   
522.16704468   
521.94109982   
520.89629971   
524.39583922   
518.64173160   
526.05357917   
525.11873604   
526.35459003   
523.56708601   
519.37192746   
519.07671929   
519.83356848   
521.26023527   
523.13909857   
523.97472529   
518.41927316   
519.70678149   
518.46515846   
524.74961213   
520.46326991   
522.54280141   
523.69105232   
534.25461379   
520.16306079   
519.58973582   
525.35878430   
521.99556531   
525.11687834   
521.49851061   
534.08324032   
518.83297082   
522.97960236   
520.41887281   
527.41047093   
522.38209715   
521.30631536   
532.54911082   
527.84393397   
520.54376879   
521.14783445   
530.08549284   
527.88117101   
523.63550773   
524.28069507   
529.86105209   
535.15123295   
540.85975318   
524.43981643   
526.69384339   
523.14815012   
519.32416996   
536.67770587   
518.31087751   
520.13751182   
522.88102180   
528.28298769   
523.34886191   
550.23527495   
523.33309228   
523.26729933   
526.23289826   
515.63373343   
528.32810666   
525.25140589   
519.73390919   
520.77384091   
522.45533857   
523.63585817   
527.67822033   
517.45502747   
530.28414648   
522.16212837   
520.51844660   
516.58988179   
525.90940252   
522.25774826   
525.88509089   
532.15405224   
518.65426504   
527.87979025   
542.86381427   
525.20998569   
522.62985862   
519.92810527   
520.31236585   
532.55179514   
523.97273141   
530.29213486   
524.49469419   
538.12964935   
517.42825118   
518.21197046   
523.21466784   
526.17755076   
515.60057796   
517.21727715   
522.93525465   
521.57215038   
524.24277333   
517.33717982   
520.35692583   
524.63283918   
520.42028569   
520.35666569   
523.77928700   
523.23054493   
517.17745675   
532.93559593   
516.23896070   
521.48027187   
518.44096266   
530.05205520   
527.71160827   
524.61759264   
519.01871282   
529.60866743   
519.10789965   
520.28028435   
525.59127157   
518.10743060   
537.80001707   
522.46479613   
521.23794423   
522.24074220   
522.96844210   
524.58611205   
528.48147164   
523.92139542   
527.25748907   
520.66593805   
518.97740483   
516.38190219   
524.04727345   
525.85525762   
529.99924109   
523.81794361   
522.00415550   
525.36252655   
521.83430625   
516.06541880   
524.18849523   
516.55582804   
527.96886024   
521.63576053   
521.26189515   
531.38993517   
524.26625496   
526.26456589   
517.74250775   
520.47734844   
526.66990372   
525.29871587   
517.63417570   
528.07498969   
517.84290776   
522.32886817   
528.14613616   
534.10416247   
525.67251309   
524.44883037   
541.68544500   
519.33252877   
523.14750351   
520.69844158   
526.74014270   
527.01160643   
523.73219203   
525.23143233   
520.91988522   
526.04094128   
522.92526931   
528.93720588   
540.38218714   
522.55444616   
524.64698935   
523.86890691   
521.01399460   
519.42372327   
520.80785558   
520.55426213   
528.13333388   
524.80429987   
539.12956076   
543.86419716   
536.24971140   
536.13928880   
524.08788772   
541.12909516   
520.49146092   
531.57079813   
529.83739308   
523.68925139   
531.57464945   
527.12469798   
529.44795035   
521.51272288   
522.02795464   
558.36823023   
526.23309715   
531.45315757   
525.92887148   
523.29877119   
528.73262006   
523.57287965   
520.32140460   
531.38181232   
531.24613946   
538.20599602   
527.43338488   
525.20190872   
517.49482415   
528.82122622   
538.02648269   
527.04952654   
532.88689903   
528.88001216   
522.37276893   
528.22673537   
519.31111774   
526.24710524   
517.70809128   
520.29653351   
517.09816473   
523.55049724   
522.54886938   
521.43132505   
520.76942617   
517.73253422   
520.00639029   
522.51128680   
518.08621965   
521.36265159   
528.21432561   
520.64669299   
527.75071288   
529.87824484   
525.97607286   
518.73796666   
519.02145873   
530.25294792   
537.41031171   
527.06593663   
522.68412460   
532.07303752   
523.81257614   
524.75842508   
524.01722108   
516.99479615   
525.14067325   
519.49426654   
526.83433037   
519.37310173   
522.46349661   
523.92597997   
522.07134181   
528.37970182   
538.70986127   
526.42272294   
527.56423183   
538.86125288   
526.99745698   
523.21172389   
521.71911664   
525.77995487   
531.78167272   
522.46540920   
553.73468064   
526.68565508   
528.34825672   
529.12536251   
541.09579127   
544.79292213   
519.77048072   
526.80381586   
521.00196962   
520.10350641   
534.50208807   
534.15404616   
525.50789709   
520.85038381   
522.73905535   
523.23729598   
531.59188868   
524.93632148   
526.75786110   
535.03314401   
523.68620890   
521.69752818   
526.07060000   
525.49961095   
517.16631072   
527.05100553   
521.53081983   
528.40857926   
520.64869061   
518.23083921   
526.50215679   
519.05161603   
522.63654193   
517.86749388   
541.45438442   
520.50025372   
521.97303028   
519.95221160   
518.95334471   
520.77810569   
528.42722718   
525.47967876   
522.44119581   
527.15541457   
531.78322821   
527.27004885   
529.93031898   
519.85127017   
523.69429375   
523.93748969   
525.89925066   
521.50227780   
532.67281432   
524.56971476   
527.47457511   
519.58899774   
526.86872857   
524.21574113   
531.93725396   
518.59843586   
523.83523743   
525.72982063   
517.71626861   
525.01603309   
522.55359218   
524.18341938   
517.99082930   
535.29978076   
524.92502536   
526.53339230   
526.67944416   
525.28869689   
522.21778594   
523.26961567   
520.95015110   
521.64983466   
518.72004971   
523.38608379   
520.79318051   
520.35906308   
524.07486106   
520.82948045   
518.20531756   
520.89739270   
521.39946577   
528.38092706   
529.36424039   
527.61633992   
523.87068365   
540.19797472   
532.61696471   
527.02884258   
523.80160429   
548.32324782   
544.79045178   
525.92280580   
527.57211309   
527.24083384   
530.85187136   
530.15560470   
522.14944607   
526.32123711   
524.67974009   
524.27247511   
547.49355291   
524.25965433   
523.00128000   
526.05090475   
530.45794162   
535.18283704   
530.68124267   
530.68487909   
528.02589209   
545.23692192   
535.64645661   
549.71804254   
532.09514005   
531.23889301   
541.26956015   
541.90295713   
543.07309830   
529.91501003   
538.40235377   
538.75394268   
527.92607076   
531.33467221   
527.38849610   
525.71579259   
551.25030726   
532.51981293   
532.86709514   
531.40596775   
523.74090149   
524.66419918   
529.60067500   
536.04370229   
535.40563697   
535.49128535   
520.57354566   
527.65004276   
527.43382005   
529.35419226   
527.89371534   
533.19330396   
519.11438531   
521.59083662   
531.57999441   
530.45360212   
518.64687268   
525.60276299   
530.00568451   
521.42773665   
519.00970309   
537.44504892   
523.87854588   
520.62653924   
530.79246971   
527.95532821   
523.89448467   
526.52906910   
527.16767561   
529.47503910   
534.73897352   
546.53440055   
518.63302733   
528.40105390   
519.29630869   
532.07207513   
525.98820178   
526.69719218   
527.21070423   
521.58435833   
524.52991221   
518.65191286   
524.13279328   
521.57528436   
524.63711870   
524.66188262   
525.85445901   
525.00675140   
527.81704767   
522.83301387   
519.19160311   
519.87263113   
518.28300644   
521.29750852   
519.88564360   
527.95112626   
521.67749027   
529.53581420   
529.43240793   
522.84236758   
528.62229547   
520.04709569   
517.97563316   
533.85166775   
521.16132242   
528.59764754   
521.24538413   
537.48328779   
523.67728591   
522.52505156   
534.83315760   
528.49101282   
524.48011324   
531.97095927   
543.51374200   
523.05188644   
520.23788577   
539.99361777   
517.99962860   
522.91434194   
528.53136988   
527.03066723   
519.90349084   
518.56305486   
534.84327171   
557.69991317   
533.54302054   
547.67572667   
535.14712529   
523.15949643   
523.85075841   
519.40414949   
524.84522840   
531.46405038   
527.51286143   
528.31927964   
520.65618041   
518.47356473   
524.33902957   
516.16812540   
516.70961591   
519.49000858   
517.05644437   
526.27595595   
520.21315048   
526.29658368   
524.23447062   
516.60651125   
529.35346093   
520.56692343   
524.07401749   
524.45165875   
519.81597320   
523.62583329   
523.68113303   
518.68915976   
529.16841549   
522.06462832   
524.38433636   
524.78514509   
523.19466940   
524.99655116   
521.61213352   
522.12551887   
522.22550621   
523.49036307   
524.63730850   
521.34064560   
538.84199599   
532.62415826   
522.99695416   
521.68170875   
526.19842417   
520.52088440   
524.23291289   
519.64583441   
529.23514727   
520.69078156   
522.37847289   
524.54825782   
519.91231583   
528.04321473   
522.17862837   
520.64226224   
525.48485252   
516.48097348   
528.73550382   
525.01442818   
525.23049295   
520.54276916   
521.83366774   
531.06647324   
519.42390422   
517.11516244   
531.80463182   
531.76535677   
521.11798916   
535.40610467   
536.86746714   
522.03526469   
521.12143447   
534.02292236   
522.66261072   
541.56703297   
526.60239063   
518.90680423   
524.01242578   
528.04348185   
530.95812145   
523.06495676   
523.38258772   
534.98576277   
526.04421856   
521.68639517   
520.93776451   
524.89051057   
524.14064906   
537.52359747   
525.76791261   
523.31559069   
522.27293751   
526.52202957   
531.74646170   
521.67949783   
529.56863493   
556.18284410   
525.86646740   
519.54350219   
524.20121905   
519.93417129   
521.60610251   
518.59193233   
522.70493893   
518.36720476   
518.63586881   
526.40639551   
520.16087361   
522.99027289   
530.86919278   
533.47854113   
529.21868362   
533.61944410   
523.81812301   
522.44115139   
521.52709374   
518.91558979   
521.75126008   
527.83178220   
537.83021128   
522.53794263   
525.11542444   
525.38889178   
521.90431918   
527.52394697   
523.81371144   
522.28290046   
524.86647921   
523.78116383   
535.13023301   
521.38785737   
524.43669295   
523.00738822   
526.96239781   
524.75629731   
528.39615562   
529.73888677   
528.52227937   
525.20075003   
522.80017310   
525.80038158   
527.68373021   
522.22627842   
523.37482744   
522.36921078   
529.99413214   
521.49018211   
522.59970901   
525.15594651   
535.26187183   
518.90348811   
528.20606966   
530.89984319   
527.53451859   
523.97085623   
522.76455896   
526.91466072   
520.36265128   
520.46758975   
518.94981257   
523.62034516   
523.31691200   
535.17195968   
522.39233467   
525.71852337   
537.15663778   
533.48238878   
524.76756487   
519.76912215   
521.66688545   
533.68778054   
526.96312516   
522.51235313   
522.43286037   
529.11780187   
517.48158660   
521.46063036   
521.25180718   
531.19486411   
525.47107227   
529.14528242   
518.71106984   
520.77363480   
521.40724175   
534.13673059   
522.65949817   
522.79908616   
525.76998177   
524.07274939   
516.89652012   
521.05817185   
523.54647564   
520.18205787   
521.27331890   
521.17574544   
521.61063715   
525.63578676   
522.41958372   
520.65818920   
521.60903741   
518.08528141   
525.15435450   
522.05534300   
521.09297475   
521.97954974   
521.37830180   
522.98684666   
523.66966958   
527.77386127   
527.10818140   
541.14030217   
538.70860383   
526.62084649   
532.08802466   
529.38721016   
536.22392972   
531.11607698   
541.49628832   
524.58861214   
521.41019128   
525.20210486   
525.28717034   
527.85431366   
527.43022008   
521.76020882   
542.10386899   
527.57598915   
526.78421467   
545.46256243   
522.50399150   
530.83356871   
518.22555156   
522.59128860   
525.93441870   
524.41146438   
520.41259086   
528.09080024   
529.02341351   
519.04281352   
516.73684559   
520.15807160   
520.89977444   
539.95191126   
527.31648054   
529.75547195   
522.40429767   
519.66089742   
522.34227950   
519.78740499   
520.59873581   
524.78547685   
528.57329498   
524.60580686   
521.20087232   
518.29037262   
519.51316466   
518.96739992   
517.96500841   
527.54267050   
520.86824843   
523.52253902   
520.49655151   
528.53453119   
522.50651000   
523.29561908   
519.18253349   
522.07245045   
520.47928451   
526.60250201   
521.26983071   
522.04816314   
523.52067371   
522.84319291   
544.08140903   
525.31677919   
531.58115043   
525.99980865   
533.64068339   
526.35455121   
533.79014172   
525.82701126   
527.11897647   
527.70018172   
523.65737011   
518.85843672   
516.52672924   
519.86782942   
524.51416716   
521.84168203   
539.15661404   
525.35766540   
520.90362709   
528.28117463   
520.33789510   
522.69701404   
523.86722213   
528.77578230   
520.09222164   
537.26263787   
524.15010982   
530.96920292   
523.01878400   
534.46938497   
524.90452052   
536.71089536   
527.34550701   
538.57604703   
529.31052069   
528.61546125   
532.65360502   
524.63034190   
528.45098415   
541.44998539   
525.11951781   
525.72235022   
528.90767180   
522.70462937   
524.44286001   
522.33264878   
520.69891802   
535.51471805   
520.81171685   
524.75171361   
522.77218591   
526.24042358   
525.57650225   
522.64973155   
523.25976584   
531.78619704   
521.91921661   
533.18482075   
524.65050517   
535.50177270   
536.08067223   
530.01049365   
524.20204883   
530.19715105   
543.75446804   
517.82700157   
517.95216541   
526.62481090   
519.05298092   
532.61439884   
521.65106286   
528.14166786   
522.27883007   
522.58090959   
516.43879358   
527.82885453   
527.22155928   
522.83413975   
520.64915693   
526.59632500   
518.89610029   
524.24672235   
524.52917145   
520.72551925   
519.03346292   
526.50319490   
519.75902002   
526.21024344   
519.13410477   
520.29494110   
521.68954808   
520.96021708   
529.83684525   
