1226.78641573   
1175.42644539   
1085.46054651   
1061.24203372   
1031.32183927   
987.33525191   
863.34790249   
853.51931094   
850.84496863   
826.12623796   
808.46988109   
745.97386036   
714.11012210   
684.91364667   
675.16763476   
632.85321557   
622.99275434   
614.65596180   
600.45970515   
595.05252630   
587.77801076   
589.53948124   
589.79096167   
588.87530731   
585.20191458   
587.04029700   
584.81542785   
584.08522269   
586.04612207   
583.71022217   
581.94713691   
588.05048497   
587.78395980   
590.00379636   
589.86107925   
587.51404650   
585.89870696   
588.09941334   
588.04233452   
590.38423503   
586.13973583   
585.08962923   
585.82578976   
582.12736987   
579.59550154   
578.94785817   
578.18836733   
578.71485323   
580.65694958   
577.48241334   
578.47298869   
576.85966858   
574.84915289   
577.46772130   
576.47643696   
576.86155846   
576.93111035   
574.66945081   
575.62045141   
575.67825754   
577.38337596   
573.90793756   
574.20376488   
576.17497583   
575.12536996   
575.72390010   
572.33028756   
570.96719831   
575.37113112   
576.21807500   
574.32944854   
575.90494188   
575.85222282   
578.00341280   
575.13483447   
572.39583813   
569.97478429   
568.83233009   
564.44523766   
566.15206704   
567.09019037   
571.46266319   
563.00618246   
558.25221377   
555.21645556   
555.54719422   
547.58796686   
548.24871736   
543.62858832   
546.06537910   
546.75899501   
545.32155155   
542.46338590   
539.20054633   
543.20580996   
540.67768398   
537.74306310   
536.35169415   
531.94290168   
531.49583769   
535.83680316   
532.96676871   
524.66486116   
525.04969247   
526.02888557   
526.93650800   
524.70559163   
526.74422646   
527.76582438   
529.82780605   
527.18415932   
525.32045675   
525.60864505   
526.97105597   
531.00614419   
526.11921090   
527.42090774   
528.08826687   
526.71988042   
525.18288337   
524.95171220   
526.82201691   
525.54903437   
527.19348540   
522.68387194   
517.90403538   
517.55387775   
516.72481985   
516.14292495   
519.51121557   
519.18246143   
519.64493458   
519.26791411   
517.43257566   
522.01706085   
522.05587715   
521.58670844   
521.01828359   
521.38937886   
525.02671923   
525.13947750   
517.49459271   
519.94015363   
520.57165522   
526.73330305   
525.45229681   
520.84737964   
519.89620674   
520.31749838   
517.31791104   
520.74259547   
520.93825940   
521.20001277   
518.99936369   
519.37048744   
524.63661896   
527.05500795   
527.36082830   
526.73481633   
527.29479669   
522.40993586   
523.41911994   
525.67401260   
523.15235048   
522.03782630   
523.22698536   
520.89673602   
523.65395528   
524.35848137   
526.11207113   
524.24306037   
524.71938977   
522.00492387   
522.25070014   
517.83876137   
518.05529383   
520.70506962   
517.23500623   
517.11889689   
517.36179520   
518.34058122   
520.00641526   
520.39485447   
520.25806377   
520.70906550   
520.88860407   
521.20540780   
519.84476189   
521.74867286   
526.23321964   
526.65935867   
523.77011894   
520.34928586   
520.32942313   
517.78546858   
518.76214223   
521.75803896   
522.67454382   
525.63802528   
523.03290852   
521.89218478   
523.71639341   
522.85760101   
521.51585989   
522.34670804   
522.90423922   
522.05627690   
521.50542301   
519.69387542   
517.79138942   
517.16099265   
517.38760598   
520.07580019   
520.67355349   
521.21884555   
519.23597848   
518.90599442   
522.17951208   
518.59670326   
518.02505235   
519.78004415   
521.62294165   
524.18015347   
520.51749725   
519.15095698   
521.24534728   
519.70647510   
518.13433717   
519.79225386   
520.48953773   
522.47865703   
522.47198840   
519.54609890   
520.66313938   
519.77060698   
520.58951627   
522.21169105   
521.43184652   
519.71258518   
519.20282810   
520.52668819   
522.13295483   
522.37775752   
527.14955171   
523.74439228   
520.36391298   
519.46984860   
517.81603740   
517.08645077   
519.85328831   
520.64854193   
521.03484561   
522.01515227   
520.73876740   
526.72868310   
520.72353803   
520.91635541   
516.83225538   
518.94105641   
517.77721810   
516.89166264   
518.73729057   
519.15022859   
519.69159379   
519.18124892   
518.12267857   
520.14308746   
520.45475901   
521.46792019   
520.83645828   
520.52652101   
520.54564700   
519.80097771   
523.73836217   
519.64606589   
519.79478898   
519.43075283   
521.79441693   
521.61890419   
524.20802011   
526.61967536   
522.52075462   
521.03347946   
521.58418259   
520.39817075   
523.28910539   
523.21251752   
518.74274439   
520.79251589   
523.31556072   
522.86228831   
522.20480899   
524.82386782   
522.54951932   
525.88772378   
526.36135071   
525.48956608   
519.89707132   
519.64936789   
524.42729183   
523.14250155   
522.83680919   
519.81010549   
519.69207228   
519.79979557   
523.45311349   
523.88745090   
525.67382330   
517.58017038   
519.05256899   
520.20872937   
517.80150726   
517.11917349   
520.43024760   
518.82286785   
516.81308502   
518.50775595   
518.85790205   
516.89949700   
519.32230160   
516.87027532   
520.42192673   
521.04311015   
519.27576302   
523.37373988   
525.62360257   
524.51048753   
521.82608495   
521.39065612   
521.33371383   
520.17818225   
520.04927410   
518.48657709   
518.13776832   
520.18944927   
520.60774583   
521.34015778   
520.43312645   
520.51452577   
520.37567068   
520.14876397   
517.91711297   
526.29606057   
524.66264068   
524.44939968   
527.60152281   
527.12861711   
529.53140605   
529.82057084   
529.41506399   
530.25284782   
524.67457945   
523.66789330   
522.06791370   
521.99654598   
522.57636386   
526.59501266   
525.76395460   
522.17503487   
521.47444447   
525.37512116   
525.76303441   
522.83595206   
522.95788694   
518.30814187   
517.58843428   
517.03926997   
516.93680195   
516.81700965   
520.59012574   
525.16414722   
523.69797342   
520.58762011   
524.60983828   
525.40296182   
522.42789955   
523.18181843   
524.15726333   
525.00645636   
525.05323688   
526.45568723   
522.50659629   
520.16493097   
519.10494686   
516.25323184   
517.60857380   
517.34849420   
519.36616175   
518.97614402   
520.67191404   
522.19367250   
522.74258900   
524.97983587   
522.72418164   
522.11619963   
520.26023190   
521.52141968   
521.87805547   
521.14739625   
523.94692073   
523.09150817   
528.83335356   
520.49165105   
516.67256753   
517.54665942   
515.76647921   
521.24394114   
519.70855381   
519.18409947   
519.03681311   
517.98654175   
518.45712852   
519.37712084   
517.23453894   
516.72309324   
520.13433399   
520.16802284   
519.02039250   
519.02819568   
519.84133509   
