1234.13111092   
1193.98771676   
1044.41244855   
1037.64794029   
1026.61742369   
971.55501521   
958.18852638   
936.95521750   
880.38206776   
831.81203527   
821.94348724   
793.01774352   
774.67595561   
757.92275886   
730.82735112   
703.60457534   
694.94810506   
689.60379559   
691.46310164   
657.29528604   
647.00987786   
631.32445002   
627.13735027   
633.16707007   
633.21932733   
629.79332123   
634.37100428   
631.12622359   
627.92394633   
626.40203505   
618.74956412   
615.43407008   
619.64813197   
618.34479144   
617.40248825   
617.32187627   
617.74351256   
618.45621451   
618.94193720   
612.28404203   
608.99187065   
609.69484085   
608.31250175   
609.82383306   
608.98475748   
608.72925477   
607.33468788   
612.79418334   
612.24042284   
605.72216816   
605.35225311   
600.02664890   
593.22799202   
591.83358988   
593.07533680   
592.97435543   
591.15976997   
596.21509523   
589.30258452   
587.79177800   
589.19557459   
593.53000574   
589.52045414   
589.31349785   
580.14134351   
580.91025605   
580.27158180   
577.16586073   
575.61786492   
576.04756832   
579.04706680   
576.42738545   
576.73299651   
576.06201054   
580.83805017   
580.57890955   
580.70946864   
578.38080701   
576.84007716   
576.39500672   
574.11617316   
574.28430327   
576.78746429   
581.00081394   
581.28817510   
575.56791406   
575.00976466   
572.12095915   
573.11751255   
572.62772401   
567.30012113   
565.31864271   
562.34656793   
559.28723069   
559.90877070   
559.41368894   
558.90381544   
554.76764685   
553.90146818   
549.39722292   
549.04978266   
547.41201053   
545.46858596   
544.70809065   
540.77728846   
541.97668699   
537.47335368   
535.41135550   
537.88850495   
536.59229293   
537.00811916   
534.66331259   
531.88874265   
529.37923197   
531.86337570   
529.29079754   
526.97506450   
528.09823076   
535.60580341   
532.18927204   
531.89987363   
531.06644480   
531.64971405   
528.32900444   
529.40343320   
532.07882421   
527.82571980   
524.16516196   
524.09532025   
519.73179246   
518.47976971   
524.92093602   
520.50926942   
519.98842192   
516.78740724   
516.75606223   
516.04914715   
518.44720803   
521.02218036   
521.69178372   
519.79655450   
522.55486490   
522.17665090   
523.63109104   
520.87892291   
518.57751706   
520.51310964   
522.31583120   
521.48258377   
519.38380294   
519.86270811   
521.49443720   
521.20505659   
522.45451508   
520.41148480   
518.73280790   
520.20085993   
518.13359845   
520.00422937   
523.40439750   
519.73019846   
516.83166969   
517.01382112   
517.31039837   
524.92835310   
517.19224431   
520.08067657   
520.57626558   
517.29476750   
520.09321723   
522.01508687   
519.31166729   
529.22945936   
532.97289797   
527.03512738   
516.48604071   
519.54739414   
523.67940060   
524.74070164   
521.41430517   
521.61479097   
518.94729002   
518.30826980   
522.74669819   
524.28021789   
523.36306282   
522.40867472   
520.70745869   
520.16148426   
521.00807451   
517.48671353   
517.64679734   
519.66331874   
518.61537536   
519.91444301   
520.53923848   
518.46105451   
519.71880167   
516.50831811   
520.46666360   
519.40863466   
519.03514989   
517.94586156   
521.25600122   
524.58465557   
526.75984280   
525.55977223   
523.95372253   
534.24803409   
529.65903566   
529.36735510   
519.62411747   
520.85894703   
520.87526543   
521.52285141   
521.96135798   
522.54285167   
523.47648380   
520.72408692   
517.03770585   
518.55667878   
519.20143474   
524.31552317   
527.10077407   
522.77297560   
524.38395953   
523.65873597   
523.15911509   
521.24357635   
520.99542991   
519.94305761   
524.27758416   
523.32846108   
522.91159329   
521.84818230   
520.02581874   
523.71388900   
525.17052366   
522.04071573   
524.84348276   
524.24467787   
522.88307995   
521.92375177   
522.65947753   
522.47821714   
523.03290727   
523.44712877   
525.52885491   
520.75629432   
519.30130990   
520.47171414   
521.86110770   
521.14567403   
519.25969248   
519.11059930   
521.72160208   
522.03931028   
522.08120013   
520.63419895   
520.73346973   
521.31154562   
520.95708921   
519.46135435   
525.41630268   
516.52236431   
519.98135412   
519.03683690   
519.55937649   
521.23259929   
519.64335997   
519.84885487   
521.47445875   
519.61127696   
519.05532060   
518.18534903   
519.79157835   
522.17086159   
519.83564663   
519.08129988   
518.50231774   
516.18516488   
521.28144475   
523.18603155   
522.73932690   
522.26515881   
520.41499752   
522.63873437   
519.89195168   
521.66976859   
521.54159994   
525.29345535   
524.91047080   
529.27251184   
530.68253196   
525.11953984   
523.26636692   
520.45839181   
520.45855773   
519.42269142   
519.19974697   
517.12818401   
520.09808617   
523.99601351   
520.30081544   
518.81300219   
518.01915697   
520.29179406   
517.12956441   
517.03913474   
516.44137976   
519.05175308   
522.47705025   
520.38401918   
521.69765124   
518.69387790   
518.57564041   
520.82934398   
525.22684325   
524.25644963   
521.30692853   
519.59431327   
522.59124728   
520.74654134   
519.78162547   
519.16196354   
518.56558171   
517.83326366   
521.18651841   
521.09424401   
523.54222761   
521.26363119   
525.04891272   
524.14246646   
526.03698686   
527.20019592   
527.47310839   
530.08066126   
530.72777878   
530.59664493   
530.02054967   
531.65995070   
531.28835170   
530.84842461   
532.74381102   
530.72883958   
532.97613060   
524.96599808   
522.59623470   
522.07598062   
520.11016532   
522.04126153   
520.63657149   
523.09428234   
518.20714705   
518.95737388   
521.96031675   
518.41759192   
520.71373551   
520.39124343   
520.40337301   
522.19120532   
526.36347282   
525.31436288   
525.86974332   
519.60843454   
518.42171322   
517.42866776   
522.42153881   
526.96782320   
526.40791053   
526.87045084   
522.31991482   
522.50014565   
520.71577807   
518.16708007   
519.89588408   
518.95302061   
523.09866375   
519.86330144   
519.55493662   
521.56357167   
516.64371244   
519.24584324   
519.62848046   
526.96408858   
523.01160163   
522.12661677   
524.53577977   
519.86444317   
521.58634289   
519.14980550   
522.63419113   
522.97009324   
522.43421639   
523.74435025   
520.38953894   
519.87330498   
520.00932485   
518.91942099   
519.04289025   
521.00568691   
526.42865143   
521.23102836   
522.93823215   
523.05152270   
521.46299588   
517.61548351   
517.67051191   
517.83010673   
517.35522688   
516.80557740   
519.81506031   
523.38527455   
521.45741535   
518.72608562   
521.83868621   
520.37202247   
521.39563677   
519.71315604   
515.94564559   
