6.42000000   46.19000000   88.97000000   -163.33000000   25.61916636   99.90757525   25.29849911   0.10490740   
6.42000000   46.19000000   88.97000000   -163.33000000   25.67353254   99.92776251   25.34271452   0.24766381   
6.42000000   46.19000000   88.97000000   -163.33000000   25.67328656   99.88373675   24.70932822   0.24377580   
6.42000000   46.19000000   88.97000000   -163.33000000   25.67443203   99.87714335   24.32371799   0.18420056   
6.42000000   46.19000000   88.97000000   -163.33000000   25.67135393   99.87689597   24.54146393   0.25832100   
6.42000000   46.19000000   88.97000000   -163.33000000   25.68748119   99.85343811   25.37047463   0.30081804   
6.42000000   46.19000000   88.97000000   -163.33000000   25.71716404   99.86375495   25.32198597   0.38226153   
6.42000000   46.19000000   88.97000000   -163.33000000   25.72755743   99.85045082   25.33855031   0.24092315   
6.42000000   46.19000000   88.97000000   -163.33000000   25.74493072   99.82247825   25.75462364   0.18870160   
6.42000000   46.19000000   88.97000000   -163.33000000   25.78096836   99.80840335   25.57482074   0.13317608   
6.42000000   46.19000000   88.97000000   -163.33000000   25.78033673   99.81362015   25.10648739   0.21601471   
6.42000000   46.19000000   88.97000000   -163.33000000   25.78339529   99.77916182   25.31528590   0.01444917   
6.42000000   46.19000000   88.97000000   -163.33000000   25.79475181   99.77491277   25.78309173   0.15526018   
6.42000000   46.19000000   88.97000000   -163.33000000   25.83325811   99.77139463   25.43269501   0.16145179   
6.42000000   46.19000000   88.97000000   -163.33000000   25.82400931   99.75370344   24.80497934   0.10061544   
6.42000000   46.19000000   88.97000000   -163.33000000   25.85167427   99.74008443   24.03096648   0.11532515   
6.42000000   46.19000000   88.97000000   -163.33000000   25.82831454   99.73337130   24.24927318   0.07982068   
6.42000000   46.19000000   88.97000000   -163.33000000   25.83689059   99.72495527   24.11163901   0.02986803   
6.42000000   46.19000000   88.97000000   -163.33000000   25.84306119   99.73530348   24.13018728   0.17995989   
6.42000000   46.19000000   88.97000000   -163.33000000   25.83651568   99.71179541   23.59770120   0.32048939   
6.42000000   46.19000000   88.97000000   -163.33000000   25.82580428   99.70746626   23.40071192   0.45552571   
6.42000000   46.19000000   88.97000000   -163.33000000   25.79507442   99.70202440   22.76009330   0.64173558   
6.42000000   46.19000000   88.97000000   -163.33000000   25.79716860   99.70351886   22.55620846   0.64127987   
6.42000000   46.19000000   88.97000000   -163.33000000   25.80357250   99.70961095   22.87214221   0.71001955   
6.42000000   46.19000000   88.97000000   -163.33000000   25.77983166   99.70524464   23.61607531   0.79361779   
6.42000000   46.19000000   88.97000000   -163.33000000   25.79087199   99.70433942   23.14228429   0.75711170   
6.42000000   46.19000000   88.97000000   -163.33000000   25.82826928   99.70365019   23.10298371   0.66980720   
6.42000000   46.19000000   88.97000000   -163.33000000   25.81639626   99.70266793   22.78697077   0.68431226   
6.42000000   46.19000000   88.97000000   -163.33000000   25.79430198   99.70524080   23.04147561   0.81340407   
6.42000000   46.19000000   88.97000000   -163.33000000   25.79488180   99.70679875   22.37652903   0.77167734   
6.42000000   46.19000000   88.97000000   -163.33000000   25.80389420   99.70835044   21.26067248   0.89852730   
6.42000000   46.19000000   88.97000000   -163.33000000   25.79671755   99.70209263   21.67048111   0.91045779   
6.42000000   46.19000000   88.97000000   -163.33000000   25.82130505   99.71219345   21.01381410   0.98470930   
6.42000000   46.19000000   88.97000000   -163.33000000   25.82780705   99.70482332   20.78407136   1.06640433   
6.42000000   46.19000000   88.97000000   -163.33000000   25.81569976   99.72045302   20.58055976   1.08166008   
6.42000000   46.19000000   88.97000000   -163.33000000   25.79709723   99.72415959   20.84373589   1.22621549   
6.42000000   46.19000000   88.97000000   -163.33000000   25.79478018   99.73562423   19.99399450   1.39632348   
6.42000000   46.19000000   88.97000000   -163.33000000   25.81049969   99.72752496   19.91035561   1.38927964   
6.42000000   46.19000000   88.97000000   -163.33000000   25.81560364   99.72132580   20.48423590   1.25448002   
6.42000000   46.19000000   88.97000000   -163.33000000   25.80509258   99.70478541   20.44612545   1.24967678   
6.42000000   46.19000000   88.97000000   -163.33000000   25.80445912   99.70457752   20.18769990   1.26683332   
6.42000000   46.19000000   88.97000000   -163.33000000   25.80020887   99.70947882   20.21553364   1.22623509   
6.42000000   46.19000000   88.97000000   -163.33000000   25.76302896   99.72180637   19.65788247   1.22765469   
6.42000000   46.19000000   88.97000000   -163.33000000   25.76671874   99.71230862   20.46132031   1.21138096   
6.42000000   46.19000000   88.97000000   -163.33000000   25.76888378   99.71536321   20.11960152   1.29671134   
6.42000000   46.19000000   88.97000000   -163.33000000   25.76908612   99.70791412   20.13317217   1.48365067   
6.42000000   46.19000000   88.97000000   -163.33000000   25.78982916   99.71297701   19.52729549   1.37221341   
6.42000000   46.19000000   88.97000000   -163.33000000   25.80146275   99.71568514   19.89535820   1.47493078   
6.42000000   46.19000000   88.97000000   -163.33000000   25.80864885   99.70632786   19.52600639   1.41515906   
6.42000000   46.19000000   88.97000000   -163.33000000   25.76668556   99.71001993   19.36487894   1.43054915   
6.42000000   46.19000000   88.97000000   -163.33000000   25.78892217   99.71699955   18.54050353   1.31576361   
6.42000000   46.19000000   88.97000000   -163.33000000   25.78584638   99.70726061   17.94523213   1.26107310   
6.42000000   46.19000000   88.97000000   -163.33000000   25.76700780   99.70942360   17.12739816   1.05067485   
6.42000000   46.19000000   88.97000000   -163.33000000   25.76066992   99.71798434   16.55251692   0.97028414   
6.42000000   46.19000000   88.97000000   -163.33000000   25.75242182   99.71269636   16.41847196   0.99151521   
6.42000000   46.19000000   88.97000000   -163.33000000   25.79049369   99.72549932   15.72242922   1.08443192   
6.42000000   46.19000000   88.97000000   -163.33000000   25.76998264   99.72995844   15.61130855   1.18187870   
6.42000000   46.19000000   88.97000000   -163.33000000   25.76711031   99.74405191   16.06895278   1.16373207   
6.42000000   46.19000000   88.97000000   -163.33000000   25.77321886   99.72200341   15.71308198   1.07352987   
6.42000000   46.19000000   88.97000000   -163.33000000   25.78696173   99.72467753   14.60779432   1.01061586   
6.42000000   46.19000000   88.97000000   -163.33000000   25.79668602   99.72248283   14.55498715   0.84063860   
6.42000000   46.19000000   88.97000000   -163.33000000   25.81126838   99.70235343   15.40498800   0.63982184   
6.42000000   46.19000000   88.97000000   -163.33000000   25.80281742   99.70664733   15.00892933   0.61970777   
6.42000000   46.19000000   88.97000000   -163.33000000   25.80401972   99.70688353   14.53362199   0.68896750   
6.42000000   46.19000000   88.97000000   -163.33000000   25.78981347   99.70295288   13.47218700   0.63988193   
6.42000000   46.19000000   88.97000000   -163.33000000   25.79225311   99.71743722   13.32491255   0.59143033   
6.42000000   46.19000000   88.97000000   -163.33000000   25.79547049   99.70267486   13.14110087   0.50606425   
6.42000000   46.19000000   88.97000000   -163.33000000   25.79222966   99.71137803   12.61660405   0.50304925   
6.42000000   46.19000000   88.97000000   -163.33000000   25.77397250   99.71224286   13.06967200   0.48078298   
6.42000000   46.19000000   88.97000000   -163.33000000   25.76510163   99.70377260   12.84963091   0.67926635   
6.42000000   46.19000000   88.97000000   -163.33000000   25.75107304   99.71124923   13.37441447   0.53704042   
6.42000000   46.19000000   88.97000000   -163.33000000   25.77654271   99.71746177   12.46859750   0.49353066   
6.42000000   46.19000000   88.97000000   -163.33000000   25.77279247   99.70513420   13.14378382   0.59427709   
6.42000000   46.19000000   88.97000000   -163.33000000   25.74915701   99.70700256   13.09067333   0.62077288   
6.42000000   46.19000000   88.97000000   -163.33000000   25.72995314   99.70600894   13.54324969   0.56539672   
6.42000000   46.19000000   88.97000000   -163.33000000   25.72067248   99.71231329   13.11002760   0.72882250   
6.42000000   46.19000000   88.97000000   -163.33000000   25.71572092   99.71850677   12.46131439   0.73644900   
6.42000000   46.19000000   88.97000000   -163.33000000   25.72507326   99.70693972   12.43285139   0.65936380   
6.42000000   46.19000000   88.97000000   -163.33000000   25.72261857   99.71452180   12.69141188   0.68997453   
6.42000000   46.19000000   88.97000000   -163.33000000   25.77419975   99.72509732   12.69722348   0.71409478   
6.42000000   46.19000000   88.97000000   -163.33000000   25.76161163   99.71193868   12.54186009   0.72504745   
6.42000000   46.19000000   88.97000000   -163.33000000   25.75077605   99.71141863   12.61593371   0.69970830   
6.42000000   46.19000000   88.97000000   -163.33000000   25.76556097   99.71875489   12.83140357   0.58913434   
6.42000000   46.19000000   88.97000000   -163.33000000   25.74679904   99.73895824   12.85925765   0.64058500   
6.42000000   46.19000000   88.97000000   -163.33000000   25.73621591   99.73025303   13.03567867   0.58967467   
6.42000000   46.19000000   88.97000000   -163.33000000   25.74969257   99.73374253   12.73572911   0.69231885   
6.42000000   46.19000000   88.97000000   -163.33000000   25.74327888   99.70850131   12.53069157   0.74306376   
6.42000000   46.19000000   88.97000000   -163.33000000   25.73429432   99.70186702   11.52090276   0.63117918   
6.42000000   46.19000000   88.97000000   -163.33000000   25.72724247   99.71750180   11.27519030   0.63029365   
6.42000000   46.19000000   88.97000000   -163.33000000   25.75113429   99.73664941   11.36046843   0.65122255   
6.42000000   46.19000000   88.97000000   -163.33000000   25.73809449   99.74588731   10.17495988   0.91921234   
6.42000000   46.19000000   88.97000000   -163.33000000   25.75575293   99.74312764   9.37849811   0.86302377   
6.42000000   46.19000000   88.97000000   -163.33000000   25.75607320   99.72591582   9.02675971   0.77569058   
6.42000000   46.19000000   88.97000000   -163.33000000   25.73648856   99.73163344   8.81653725   0.69563169   
6.42000000   46.19000000   88.97000000   -163.33000000   25.72819415   99.73797073   9.23813654   0.56574594   
6.42000000   46.19000000   88.97000000   -163.33000000   25.75403586   99.71980839   9.06639044   0.57405788   
6.42000000   46.19000000   88.97000000   -163.33000000   25.77056367   99.72961363   8.48799837   0.43836722   
6.42000000   46.19000000   88.97000000   -163.33000000   25.75390035   99.72866722   8.23708341   0.38395120   
6.42000000   46.19000000   88.97000000   -163.33000000   25.75468855   99.73970165   7.37760280   0.46890674   
6.42000000   46.19000000   88.97000000   -163.33000000   25.75335078   99.73002210   6.67557045   0.43181533   
6.42000000   46.19000000   88.97000000   -163.33000000   25.74362061   99.71278918   6.72811809   0.28091897   
6.42000000   46.19000000   88.97000000   -163.33000000   25.73446508   99.72292171   6.42397506   0.20209987   
6.42000000   46.19000000   88.97000000   -163.33000000   25.72833120   99.73868907   5.90652130   -0.01409431   
6.42000000   46.19000000   88.97000000   -163.33000000   25.74141236   99.73100742   5.95917313   -0.01407044   
6.42000000   46.19000000   88.97000000   -163.33000000   25.71866306   99.74085671   5.24606801   0.01374701   
6.42000000   46.19000000   88.97000000   -163.33000000   25.75977386   99.74689257   4.35552479   0.18096020   
6.42000000   46.19000000   88.97000000   -163.33000000   25.72694346   99.73941986   4.60270299   0.13068516   
6.42000000   46.19000000   88.97000000   -163.33000000   25.71745230   99.73840576   4.16489732   0.18282948   
6.42000000   46.19000000   88.97000000   -163.33000000   25.70855217   99.73388836   3.79290735   0.22784098   
6.42000000   46.19000000   88.97000000   -163.33000000   25.72102832   99.75842991   3.99788142   0.18293211   
6.42000000   46.19000000   88.97000000   -163.33000000   25.73998997   99.75528991   3.87152817   0.16452043   
6.42000000   46.19000000   88.97000000   -163.33000000   25.74280151   99.73613183   3.57175174   0.14813482   
6.42000000   46.19000000   88.97000000   -163.33000000   25.73573977   99.75098683   3.01005632   0.21531497   
6.42000000   46.19000000   88.97000000   -163.33000000   25.71595861   99.74849907   3.10264581   0.09240868   
6.42000000   46.19000000   88.97000000   -163.33000000   25.71661648   99.72859353   3.03511827   0.13670719   
6.42000000   46.19000000   88.97000000   -163.33000000   25.72171439   99.72462365   2.79390593   -0.13417624   
6.42000000   46.19000000   88.97000000   -163.33000000   25.74364866   99.73924564   3.17940911   -0.25513786   
6.42000000   46.19000000   88.97000000   -163.33000000   25.72862654   99.73162721   3.21718634   -0.24379695   
6.42000000   46.19000000   88.97000000   -163.33000000   25.73967464   99.76273790   3.28949594   -0.26879551   
6.42000000   46.19000000   88.97000000   -163.33000000   25.73465610   99.77835778   2.58902054   -0.25431903   
6.42000000   46.19000000   88.97000000   -163.33000000   25.70464735   99.77032158   2.63570408   -0.21342022   
6.42000000   46.19000000   88.97000000   -163.33000000   25.69696591   99.74269024   2.53124261   -0.18143259   
6.42000000   46.19000000   88.97000000   -163.33000000   25.69200111   99.74693654   2.49208041   -0.09377761   
6.42000000   46.19000000   88.97000000   -163.33000000   25.69972553   99.74076316   2.37666152   -0.25686425   
6.42000000   46.19000000   88.97000000   -163.33000000   25.69712601   99.75247379   2.35889985   -0.18044844   
6.42000000   46.19000000   88.97000000   -163.33000000   25.70364353   99.75654792   2.80204218   -0.13375140   
6.42000000   46.19000000   88.97000000   -163.33000000   25.72048328   99.76318935   2.25315552   0.00450974   
6.42000000   46.19000000   88.97000000   -163.33000000   25.74645391   99.74822334   1.56852122   -0.04767582   
6.42000000   46.19000000   88.97000000   -163.33000000   25.74090447   99.74355603   1.30039017   -0.04910963   
6.42000000   46.19000000   88.97000000   -163.33000000   25.72361840   99.73337448   1.23278643   -0.24340136   
6.42000000   46.19000000   88.97000000   -163.33000000   25.71869622   99.74718078   1.22262083   -0.16031367   
6.42000000   46.19000000   88.97000000   -163.33000000   25.71980794   99.77351038   1.39928884   -0.26449070   
6.42000000   46.19000000   88.97000000   -163.33000000   25.71941574   99.75471309   1.54597730   -0.29685979   
6.42000000   46.19000000   88.97000000   -163.33000000   25.72441752   99.74097365   1.48588266   -0.28990914   
6.42000000   46.19000000   88.97000000   -163.33000000   25.73916725   99.73674918   1.05272949   -0.37253517   
6.42000000   46.19000000   88.97000000   -163.33000000   25.73096082   99.74632359   1.21337669   -0.34358946   
6.42000000   46.19000000   88.97000000   -163.33000000   25.72865661   99.74345506   1.03560516   -0.36356977   
6.42000000   46.19000000   88.97000000   -163.33000000   25.71913674   99.74566725   1.56206844   -0.39242669   
6.42000000   46.19000000   88.97000000   -163.33000000   25.70749553   99.74495067   1.70405567   -0.41575441   
6.42000000   46.19000000   88.97000000   -163.33000000   25.73622043   99.76211545   1.55924788   -0.44974396   
6.42000000   46.19000000   88.97000000   -163.33000000   25.74390238   99.74500341   1.27661036   -0.39246270   
6.42000000   46.19000000   88.97000000   -163.33000000   25.74149057   99.72904472   1.78796517   -0.38409072   
6.42000000   46.19000000   88.97000000   -163.33000000   25.74195982   99.72853107   1.89323820   -0.33260116   
6.42000000   46.19000000   88.97000000   -163.33000000   25.75078731   99.74415122   1.99185152   -0.45930224   
6.42000000   46.19000000   88.97000000   -163.33000000   25.74916087   99.74443298   1.30912030   -0.37420149   
6.42000000   46.19000000   88.97000000   -163.33000000   25.74524342   99.73573826   1.11331787   -0.37056126   
6.42000000   46.19000000   88.97000000   -163.33000000   25.74151765   99.74499255   1.32709958   -0.42209573   
6.42000000   46.19000000   88.97000000   -163.33000000   25.72721764   99.77605607   1.06578547   -0.37567619   
6.42000000   46.19000000   88.97000000   -163.33000000   25.70661746   99.75541408   1.25925237   -0.26376787   
6.42000000   46.19000000   88.97000000   -163.33000000   25.73149861   99.74437576   1.24115229   -0.13571050   
6.42000000   46.19000000   88.97000000   -163.33000000   25.72526200   99.77132154   1.05823692   -0.07604082   
6.42000000   46.19000000   88.97000000   -163.33000000   25.71570756   99.74031018   1.26825277   -0.20432097   
6.42000000   46.19000000   88.97000000   -163.33000000   25.71969965   99.73570802   1.57999044   -0.19188855   
6.42000000   46.19000000   88.97000000   -163.33000000   25.73206586   99.72981236   1.35335489   -0.15635726   
6.42000000   46.19000000   88.97000000   -163.33000000   25.73480629   99.74878976   1.40962899   -0.21670659   
6.42000000   46.19000000   88.97000000   -163.33000000   25.71733473   99.75284689   1.03326105   -0.14770042   
6.42000000   46.19000000   88.97000000   -163.33000000   25.73616516   99.75448451   1.32579740   -0.26307064   
6.42000000   46.19000000   88.97000000   -163.33000000   25.73213439   99.75460392   1.19222231   -0.21038288   
6.42000000   46.19000000   88.97000000   -163.33000000   25.71354989   99.74286686   1.70158988   -0.20385079   
6.42000000   46.19000000   88.97000000   -163.33000000   25.73988942   99.75949218   1.75632584   -0.25605286   
6.42000000   46.19000000   88.97000000   -163.33000000   25.73178395   99.74848691   1.25693301   -0.28970313   
6.42000000   46.19000000   88.97000000   -163.33000000   25.72546369   99.75583736   1.17207009   -0.27417635   
6.42000000   46.19000000   88.97000000   -163.33000000   25.73471456   99.75226129   1.03727437   -0.25661155   
6.42000000   46.19000000   88.97000000   -163.33000000   25.71778279   99.75613401   1.16354717   -0.42623504   
6.42000000   46.19000000   88.97000000   -163.33000000   25.75783762   99.77046416   1.15734362   -0.55139454   
6.42000000   46.19000000   88.97000000   -163.33000000   25.73303924   99.74154208   1.04278038   -0.61999465   
6.42000000   46.19000000   88.97000000   -163.33000000   25.71981751   99.73998513   1.26322893   -0.55629601   
6.42000000   46.19000000   88.97000000   -163.33000000   25.73561390   99.72462557   1.34619261   -0.54310595   
6.42000000   46.19000000   88.97000000   -163.33000000   25.74416048   99.72675149   1.24412401   -0.62040548   
6.42000000   46.19000000   88.97000000   -163.33000000   25.74459969   99.73228285   1.42847386   -0.74471626   
6.42000000   46.19000000   88.97000000   -163.33000000   25.71910935   99.76217182   1.14887553   -0.69752881   
6.42000000   46.19000000   88.97000000   -163.33000000   25.72729257   99.75734029   1.02505205   -0.68899207   
6.42000000   46.19000000   88.97000000   -163.33000000   25.73236562   99.77088779   1.44363497   -0.73365836   
6.42000000   46.19000000   88.97000000   -163.33000000   25.73731592   99.78436491   1.37838432   -0.58965172   
6.42000000   46.19000000   88.97000000   -163.33000000   25.75781700   99.76578092   1.37748498   -0.45833970   
6.42000000   46.19000000   88.97000000   -163.33000000   25.72338319   99.75507771   1.19062278   -0.45767799   
6.42000000   46.19000000   88.97000000   -163.33000000   25.72547204   99.73623005   1.41139908   -0.60726132   
6.42000000   46.19000000   88.97000000   -163.33000000   25.74316501   99.71152952   1.46678136   -0.52672050   
6.42000000   46.19000000   88.97000000   -163.33000000   25.73475287   99.70142454   1.51313614   -0.60597719   
6.42000000   46.19000000   88.97000000   -163.33000000   25.73206559   99.73011251   1.68198174   -0.72649176   
6.42000000   46.19000000   88.97000000   -163.33000000   25.74706830   99.72098228   1.27949316   -0.68948161   
6.42000000   46.19000000   88.97000000   -163.33000000   25.75461248   99.72848224   1.12162898   -0.71154558   
6.42000000   46.19000000   88.97000000   -163.33000000   25.73478725   99.72852292   1.02556077   -0.80702940   
6.42000000   46.19000000   88.97000000   -163.33000000   25.75265498   99.74240722   1.61584652   -0.70606726   
6.42000000   46.19000000   88.97000000   -163.33000000   25.71360988   99.74533161   1.34024374   -0.73067250   
6.42000000   46.19000000   88.97000000   -163.33000000   25.71765727   99.73451699   1.39379357   -0.88321727   
6.42000000   46.19000000   88.97000000   -163.33000000   25.70181453   99.72292463   1.18360303   -0.77775838   
6.42000000   46.19000000   88.97000000   -163.33000000   25.71302418   99.72186975   1.00329015   -0.88429571   
6.42000000   46.19000000   88.97000000   -163.33000000   25.71469686   99.73372536   1.15692954   -0.86019730   
6.42000000   46.19000000   88.97000000   -163.33000000   25.72887854   99.75791548   1.15079910   -0.75303782   
6.42000000   46.19000000   88.97000000   -163.33000000   25.71306136   99.73101147   1.21251952   -0.66108465   
6.42000000   46.19000000   88.97000000   -163.33000000   25.73801959   99.72783834   1.11406103   -0.73735752   
6.42000000   46.19000000   88.97000000   -163.33000000   25.71282610   99.71749225   1.19515417   -0.73350481   
6.42000000   46.19000000   88.97000000   -163.33000000   25.71153511   99.72477236   1.05290015   -0.76834732   
6.42000000   46.19000000   88.97000000   -163.33000000   25.71811371   99.73508621   1.00600167   -0.91787720   
6.42000000   46.19000000   88.97000000   -163.33000000   25.73473825   99.73199259   1.04553276   -1.08512066   
6.42000000   46.19000000   88.97000000   -163.33000000   25.73794987   99.72792923   1.11376432   -0.90651642   
6.42000000   46.19000000   88.97000000   -163.33000000   25.72273530   99.73878679   1.18931671   -0.84859538   
6.42000000   46.19000000   88.97000000   -163.33000000   25.72154027   99.73949705   1.12501410   -0.67805095   
6.42000000   46.19000000   88.97000000   -163.33000000   25.72158822   99.75820303   1.23866130   -0.68068004   
6.42000000   46.19000000   88.97000000   -163.33000000   25.74972062   99.71875937   1.06627813   -0.66311554   
6.42000000   46.19000000   88.97000000   -163.33000000   25.74511065   99.71310846   1.08128554   -0.82812315   
6.42000000   46.19000000   88.97000000   -163.33000000   25.72867412   99.72079185   1.03572525   -0.84964569   
6.42000000   46.19000000   88.97000000   -163.33000000   25.72239105   99.71940885   1.02226996   -1.05454076   
6.42000000   46.19000000   88.97000000   -163.33000000   25.73455526   99.71381244   1.50679856   -1.07527516   
6.42000000   46.19000000   88.97000000   -163.33000000   25.71615529   99.70535900   1.32101270   -1.10146617   
6.42000000   46.19000000   88.97000000   -163.33000000   25.72051003   99.71449649   1.74113228   -1.06810403   
6.42000000   46.19000000   88.97000000   -163.33000000   25.73659704   99.72215294   1.68047336   -1.02990514   
6.42000000   46.19000000   88.97000000   -163.33000000   25.71971550   99.72016295   2.73476063   -1.03240195   
6.42000000   46.19000000   88.97000000   -163.33000000   25.73655560   99.75614517   1.46861269   -0.99507373   
6.42000000   46.19000000   88.97000000   -163.33000000   25.73728714   99.75432330   1.72413924   -0.97559695   
6.42000000   46.19000000   88.97000000   -163.33000000   25.75023822   99.73664828   1.13410903   -0.93826773   
6.42000000   46.19000000   88.97000000   -163.33000000   25.73243238   99.75302852   1.02742883   -0.83289346   
6.42000000   46.19000000   88.97000000   -163.33000000   25.72972246   99.73916058   1.57325183   -0.77108356   
6.42000000   46.19000000   88.97000000   -163.33000000   25.74643413   99.72726651   1.25463517   -0.81649918   
6.42000000   46.19000000   88.97000000   -163.33000000   25.75451548   99.72516737   1.41708596   -0.83152766   
6.42000000   46.19000000   88.97000000   -163.33000000   25.75957415   99.71677613   1.73209695   -0.89199175   
6.42000000   46.19000000   88.97000000   -163.33000000   25.72694115   99.71111997   1.69117303   -1.00028473   
6.42000000   46.19000000   88.97000000   -163.33000000   25.73928575   99.73063161   1.73412207   -0.89361424   
6.42000000   46.19000000   88.97000000   -163.33000000   25.72888300   99.72392041   1.11775509   -0.76495449   
6.42000000   46.19000000   88.97000000   -163.33000000   25.74222900   99.71536506   1.23220359   -0.78556089   
6.42000000   46.19000000   88.97000000   -163.33000000   25.72648927   99.73896007   1.05809473   -0.88362727   
6.42000000   46.19000000   88.97000000   -163.33000000   25.74062516   99.70267373   1.35805309   -0.84880903   
6.42000000   46.19000000   88.97000000   -163.33000000   25.71211788   99.70620586   1.54579527   -0.88885633   
6.42000000   46.19000000   88.97000000   -163.33000000   25.71318382   99.74280178   1.37797569   -0.75070048   
6.42000000   46.19000000   88.97000000   -163.33000000   25.71039414   99.73766557   1.42785512   -0.80188658   
6.42000000   46.19000000   88.97000000   -163.33000000   25.73215068   99.75611683   1.39544298   -0.75304670   
6.42000000   46.19000000   88.97000000   -163.33000000   25.72243184   99.75604790   1.40670238   -0.65234903   
6.42000000   46.19000000   88.97000000   -163.33000000   25.71094580   99.76138823   1.07906476   -0.60795560   
6.42000000   46.19000000   88.97000000   -163.33000000   25.73179148   99.74988677   1.61529102   -0.59170473   
6.42000000   46.19000000   88.97000000   -163.33000000   25.72506402   99.73956389   1.37159542   -0.64832006   
6.42000000   46.19000000   88.97000000   -163.33000000   25.71001543   99.73771731   1.75853769   -0.49716505   
6.42000000   46.19000000   88.97000000   -163.33000000   25.72516842   99.75319944   1.93256918   -0.42952427   
6.42000000   46.19000000   88.97000000   -163.33000000   25.74284245   99.74986768   2.04341263   -0.44893743   
6.42000000   46.19000000   88.97000000   -163.33000000   25.73910361   99.73779389   2.02573569   -0.43037077   
6.42000000   46.19000000   88.97000000   -163.33000000   25.72951452   99.73234711   1.42955085   -0.42517681   
6.42000000   46.19000000   88.97000000   -163.33000000   25.72529089   99.72079639   1.54538959   -0.20330347   
6.42000000   46.19000000   88.97000000   -163.33000000   25.68571972   99.75631807   1.19411906   -0.10111297   
6.42000000   46.19000000   88.97000000   -163.33000000   25.70187637   99.76750109   1.11760179   -0.00165198   
6.42000000   46.19000000   88.97000000   -163.33000000   25.70391840   99.76239588   1.13198837   0.19126409   
6.42000000   46.19000000   88.97000000   -163.33000000   25.70860757   99.74071381   1.18601776   0.13024101   
6.42000000   46.19000000   88.97000000   -163.33000000   25.71866607   99.76691461   1.01327224   0.18390825   
6.42000000   46.19000000   88.97000000   -163.33000000   25.73003351   99.76785001   1.03176589   0.03759566   
6.42000000   46.19000000   88.97000000   -163.33000000   25.73048580   99.76211635   1.43800640   -0.00006434   
6.42000000   46.19000000   88.97000000   -163.33000000   25.74489168   99.74847602   1.17670962   -0.03658107   
6.42000000   46.19000000   88.97000000   -163.33000000   25.73064260   99.75636569   1.37524206   0.05933426   
6.42000000   46.19000000   88.97000000   -163.33000000   25.71241073   99.73531883   1.32146003   -0.04628268   
6.42000000   46.19000000   88.97000000   -163.33000000   25.70071859   99.76847637   1.32717734   0.11564270   
6.42000000   46.19000000   88.97000000   -163.33000000   25.71309133   99.77130507   1.21873077   -0.01582395   
6.42000000   46.19000000   88.97000000   -163.33000000   25.70438107   99.74320664   1.04880390   -0.17177359   
6.42000000   46.19000000   88.97000000   -163.33000000   25.71160038   99.75224855   1.54639398   -0.21396324   
6.42000000   46.19000000   88.97000000   -163.33000000   25.70739239   99.75533838   1.43772490   -0.24208116   
6.42000000   46.19000000   88.97000000   -163.33000000   25.71810153   99.76246972   1.70488679   -0.29763625   
6.42000000   46.19000000   88.97000000   -163.33000000   25.71421652   99.76857423   1.01085041   -0.23422030   
6.42000000   46.19000000   88.97000000   -163.33000000   25.71796939   99.75372150   1.18082295   -0.09164771   
6.42000000   46.19000000   88.97000000   -163.33000000   25.73784097   99.76077933   1.07214344   -0.01654786   
6.42000000   46.19000000   88.97000000   -163.33000000   25.74250642   99.73901029   1.46422678   -0.15607075   
6.42000000   46.19000000   88.97000000   -163.33000000   25.74627637   99.73848354   1.07768901   -0.15637208   
6.42000000   46.19000000   88.97000000   -163.33000000   25.73387038   99.74941680   1.73633404   -0.20501226   
6.42000000   46.19000000   88.97000000   -163.33000000   25.73686007   99.74999343   1.53281278   -0.18923225   
6.42000000   46.19000000   88.97000000   -163.33000000   25.74354173   99.75223565   1.37049762   -0.31252135   
6.42000000   46.19000000   88.97000000   -163.33000000   25.74947943   99.74526315   1.70783076   -0.39822121   
6.42000000   46.19000000   88.97000000   -163.33000000   25.72442666   99.74534196   1.42814647   -0.51813537   
6.42000000   46.19000000   88.97000000   -163.33000000   25.73765426   99.77534419   1.14544193   -0.61708168   
6.42000000   46.19000000   88.97000000   -163.33000000   25.73298026   99.74267244   1.08696445   -0.57780463   
6.42000000   46.19000000   88.97000000   -163.33000000   25.73179370   99.74223500   1.47996436   -0.61532123   
6.42000000   46.19000000   88.97000000   -163.33000000   25.73277981   99.71869042   1.19351152   -0.52155153   
6.42000000   46.19000000   88.97000000   -163.33000000   25.72398474   99.74716256   1.31078299   -0.34761152   
6.42000000   46.19000000   88.97000000   -163.33000000   25.75000934   99.72798797   1.11114004   -0.37596045   
6.42000000   46.19000000   88.97000000   -163.33000000   25.74982490   99.72629648   1.03218203   -0.53687297   
6.42000000   46.19000000   88.97000000   -163.33000000   25.75996812   99.73979136   1.20675362   -0.49747170   
6.42000000   46.19000000   88.97000000   -163.33000000   25.75263537   99.73222024   1.28571332   -0.47495997   
6.42000000   46.19000000   88.97000000   -163.33000000   25.73373398   99.73360024   1.60609107   -0.45802958   
6.42000000   46.19000000   88.97000000   -163.33000000   25.74074172   99.73314863   1.28729743   -0.65759722   
6.42000000   46.19000000   88.97000000   -163.33000000   25.73448782   99.73423925   1.20828343   -0.79325376   
6.42000000   46.19000000   88.97000000   -163.33000000   25.74106512   99.73276291   1.74558025   -0.72490075   
6.42000000   46.19000000   88.97000000   -163.33000000   25.72379769   99.71068094   1.48712387   -0.80594164   
6.42000000   46.19000000   88.97000000   -163.33000000   25.73266792   99.73807766   1.54826619   -0.70424798   
6.42000000   46.19000000   88.97000000   -163.33000000   25.70900146   99.73432080   1.10695593   -0.72256868   
6.42000000   46.19000000   88.97000000   -163.33000000   25.73543457   99.72414880   1.10490621   -0.60369310   
6.42000000   46.19000000   88.97000000   -163.33000000   25.72604052   99.73857096   1.10845102   -0.58084491   
6.42000000   46.19000000   88.97000000   -163.33000000   25.75277403   99.73540632   1.39665712   -0.62581710   
6.42000000   46.19000000   88.97000000   -163.33000000   25.75340398   99.71402548   1.28861904   -0.64324838   
6.42000000   46.19000000   88.97000000   -163.33000000   25.75376776   99.70550283   1.11766420   -0.73559761   
6.42000000   46.19000000   88.97000000   -163.33000000   25.74366214   99.70680019   1.73146236   -0.75869447   
6.42000000   46.19000000   88.97000000   -163.33000000   25.74225457   99.72263461   1.49482352   -0.84374677   
6.42000000   46.19000000   88.97000000   -163.33000000   25.72544692   99.73400402   1.49632203   -0.90978533   
6.42000000   46.19000000   88.97000000   -163.33000000   25.73404090   99.71542269   1.19762860   -1.01872835   
6.42000000   46.19000000   88.97000000   -163.33000000   25.71149776   99.74306593   1.12727724   -0.86425132   
6.42000000   46.19000000   88.97000000   -163.33000000   25.71378412   99.74309426   1.24296843   -0.93797909   
6.42000000   46.19000000   88.97000000   -163.33000000   25.72252596   99.74662177   1.34518757   -0.88515853   
6.42000000   46.19000000   88.97000000   -163.33000000   25.71445439   99.72805828   1.69394097   -0.96972651   
6.42000000   46.19000000   88.97000000   -163.33000000   25.69335978   99.71846111   1.55821807   -0.76083254   
6.42000000   46.19000000   88.97000000   -163.33000000   25.69699094   99.70593587   1.74549780   -0.79571737   
6.42000000   46.19000000   88.97000000   -163.33000000   25.71764739   99.71698030   2.14719992   -0.73278240   
6.42000000   46.19000000   88.97000000   -163.33000000   25.74546918   99.71090754   1.46855026   -0.57889975   
6.42000000   46.19000000   88.97000000   -163.33000000   25.74126095   99.71312306   1.09422038   -0.59051691   
6.42000000   46.19000000   88.97000000   -163.33000000   25.72488678   99.73688544   1.54550012   -0.68340801   
6.42000000   46.19000000   88.97000000   -163.33000000   25.73187335   99.73028251   1.56047413   -0.63690887   
6.42000000   46.19000000   88.97000000   -163.33000000   25.74177403   99.74044349   1.34133943   -0.61584824   
6.42000000   46.19000000   88.97000000   -163.33000000   25.72731989   99.74160376   1.20447955   -0.50759696   
6.42000000   46.19000000   88.97000000   -163.33000000   25.71882627   99.74689210   1.28310661   -0.47173734   
6.42000000   46.19000000   88.97000000   -163.33000000   25.71953692   99.71524214   1.70375673   -0.40148465   
6.42000000   46.19000000   88.97000000   -163.33000000   25.70894292   99.76662581   1.21744205   -0.43981127   
6.42000000   46.19000000   88.97000000   -163.33000000   25.70844169   99.73799514   1.09253883   -0.44458960   
6.42000000   46.19000000   88.97000000   -163.33000000   25.71614266   99.74486631   1.22551136   -0.33148690   
6.42000000   46.19000000   88.97000000   -163.33000000   25.73024504   99.72735904   1.25311038   -0.41499621   
6.42000000   46.19000000   88.97000000   -163.33000000   25.73296320   99.74855256   1.24927795   -0.36678063   
6.42000000   46.19000000   88.97000000   -163.33000000   25.72025131   99.73940836   1.23864376   -0.41121312   
6.42000000   46.19000000   88.97000000   -163.33000000   25.73542233   99.74215089   1.13512308   -0.54523914   
6.42000000   46.19000000   88.97000000   -163.33000000   25.74989179   99.74892398   1.12536339   -0.60295515   
6.42000000   46.19000000   88.97000000   -163.33000000   25.74800266   99.74920895   1.56973193   -0.70762994   
6.42000000   46.19000000   88.97000000   -163.33000000   25.76302485   99.73614966   1.08234576   -0.60893445   
6.42000000   46.19000000   88.97000000   -163.33000000   25.76731797   99.72514919   1.08896956   -0.69206847   
6.42000000   46.19000000   88.97000000   -163.33000000   25.72841093   99.75138545   1.06770760   -0.75815881   
6.42000000   46.19000000   88.97000000   -163.33000000   25.74482539   99.71386197   1.14502482   -0.75464843   
6.42000000   46.19000000   88.97000000   -163.33000000   25.72604261   99.70882957   1.12330946   -0.72522564   
6.42000000   46.19000000   88.97000000   -163.33000000   25.70787004   99.73637447   1.54842631   -0.78704896   
6.42000000   46.19000000   88.97000000   -163.33000000   25.70361116   99.72554993   1.53873645   -0.67498843   
6.42000000   46.19000000   88.97000000   -163.33000000   25.73257205   99.75026420   1.42494904   -0.64908059   
6.42000000   46.19000000   88.97000000   -163.33000000   25.72938598   99.72748482   1.59266538   -0.65005825   
6.42000000   46.19000000   88.97000000   -163.33000000   25.71842071   99.71168227   1.28351764   -0.68238334   
6.42000000   46.19000000   88.97000000   -163.33000000   25.75377595   99.73305469   1.40233403   -0.70469973   
6.42000000   46.19000000   88.97000000   -163.33000000   25.73809170   99.74247014   1.40946201   -0.70525869   
6.42000000   46.19000000   88.97000000   -163.33000000   25.72604868   99.74152575   1.54757597   -0.49677147   
6.42000000   46.19000000   88.97000000   -163.33000000   25.70849651   99.75391786   1.19509172   -0.36384298   
6.42000000   46.19000000   88.97000000   -163.33000000   25.72235405   99.76560197   1.18771878   -0.39009381   
6.42000000   46.19000000   88.97000000   -163.33000000   25.72522173   99.75415541   1.31347099   -0.42121079   
6.42000000   46.19000000   88.97000000   -163.33000000   25.70684229   99.74591029   1.47522894   -0.34677823   
6.42000000   46.19000000   88.97000000   -163.33000000   25.76516496   99.74697025   1.19202638   -0.31163325   
6.42000000   46.19000000   88.97000000   -163.33000000   25.74111306   99.76963340   1.24371346   -0.24544877   
6.42000000   46.19000000   88.97000000   -163.33000000   25.74678476   99.77193428   1.48461841   -0.22403077   
6.42000000   46.19000000   88.97000000   -163.33000000   25.69599476   99.74745998   1.69934795   -0.24721984   
6.42000000   46.19000000   88.97000000   -163.33000000   25.70779415   99.71705314   2.03390932   -0.38587763   
6.42000000   46.19000000   88.97000000   -163.33000000   25.74420572   99.71396712   2.15081800   -0.31967122   
6.42000000   46.19000000   88.97000000   -163.33000000   25.75026442   99.72284634   2.36994834   -0.31430998   
6.42000000   46.19000000   88.97000000   -163.33000000   25.75358882   99.71682016   2.86486038   -0.33345205   
6.42000000   46.19000000   88.97000000   -163.33000000   25.76223900   99.71917134   2.99145863   -0.47266946   
6.42000000   46.19000000   88.97000000   -163.33000000   25.74244294   99.72078800   3.61632295   -0.44489807   
6.42000000   46.19000000   88.97000000   -163.33000000   25.73923189   99.71428753   2.80394145   -0.50296857   
6.42000000   46.19000000   88.97000000   -163.33000000   25.74034140   99.73823964   3.29968566   -0.43195826   
6.42000000   46.19000000   88.97000000   -163.33000000   25.70671649   99.74011676   3.01674287   -0.37659336   
6.42000000   46.19000000   88.97000000   -163.33000000   25.71225592   99.75318397   2.84934386   -0.35219797   
6.42000000   46.19000000   88.97000000   -163.33000000   25.70320866   99.76861595   2.17540667   -0.49930386   
6.42000000   46.19000000   88.97000000   -163.33000000   25.70619537   99.75473007   2.52947720   -0.44250133   
6.42000000   46.19000000   88.97000000   -163.33000000   25.72844924   99.76776946   2.57888694   -0.52095754   
6.42000000   46.19000000   88.97000000   -163.33000000   25.74260750   99.75501428   2.01687764   -0.56109356   
6.42000000   46.19000000   88.97000000   -163.33000000   25.73490593   99.74064375   2.24458785   -0.57024520   
6.42000000   46.19000000   88.97000000   -163.33000000   25.73715278   99.73694339   1.83698301   -0.68446302   
6.42000000   46.19000000   88.97000000   -163.33000000   25.72616782   99.72608805   1.47218975   -0.70327446   
6.42000000   46.19000000   88.97000000   -163.33000000   25.71534505   99.72453689   1.36749665   -0.64074637   
6.42000000   46.19000000   88.97000000   -163.33000000   25.69722466   99.73524760   1.12416379   -0.59684318   
6.42000000   46.19000000   88.97000000   -163.33000000   25.69771959   99.74344309   1.12774840   -0.65601452   
6.42000000   46.19000000   88.97000000   -163.33000000   25.71465876   99.73969935   1.22864211   -0.61261132   
6.42000000   46.19000000   88.97000000   -163.33000000   25.73666305   99.74902757   1.23599373   -0.73828718   
6.42000000   46.19000000   88.97000000   -163.33000000   25.75087833   99.75843498   1.11908705   -0.62517019   
6.42000000   46.19000000   88.97000000   -163.33000000   25.72793646   99.74517475   1.17043796   -0.81584580   
6.42000000   46.19000000   88.97000000   -163.33000000   25.74077070   99.73117891   1.48887620   -0.83087492   
6.42000000   46.19000000   88.97000000   -163.33000000   25.73320471   99.72434148   1.17980654   -1.05686748   
6.42000000   46.19000000   88.97000000   -163.33000000   25.73323419   99.72626147   1.63220283   -0.81772850   
6.42000000   46.19000000   88.97000000   -163.33000000   25.73634754   99.72609411   1.41972127   -1.00959357   
6.42000000   46.19000000   88.97000000   -163.33000000   25.76780764   99.70535868   1.29244523   -0.92374383   
6.42000000   46.19000000   88.97000000   -163.33000000   25.76947753   99.70764484   1.01448909   -0.78911242   
6.42000000   46.19000000   88.97000000   -163.33000000   25.76798833   99.74326896   1.48738763   -0.63209436   
6.42000000   46.19000000   88.97000000   -163.33000000   25.74136874   99.75497244   1.09164976   -0.73800686   
6.42000000   46.19000000   88.97000000   -163.33000000   25.74669506   99.74481189   1.14256716   -0.76527723   
6.42000000   46.19000000   88.97000000   -163.33000000   25.74895036   99.73383088   1.08917049   -0.74934619   
6.42000000   46.19000000   88.97000000   -163.33000000   25.75336849   99.74668927   1.39463051   -0.68189283   
6.42000000   46.19000000   88.97000000   -163.33000000   25.72808019   99.70397600   1.89263294   -0.67090014   
6.42000000   46.19000000   88.97000000   -163.33000000   25.72240183   99.71408819   2.46816062   -0.63392637   
6.42000000   46.19000000   88.97000000   -163.33000000   25.75272832   99.72401713   2.32199652   -0.73485016   
6.42000000   46.19000000   88.97000000   -163.33000000   25.74032530   99.72760145   2.16820217   -0.63588014   
6.42000000   46.19000000   88.97000000   -163.33000000   25.73103823   99.73601510   2.09686533   -0.65970654   
6.42000000   46.19000000   88.97000000   -163.33000000   25.73607946   99.73091570   2.10227100   -0.52134126   
6.42000000   46.19000000   88.97000000   -163.33000000   25.73717197   99.74226995   1.72246400   -0.54847795   
6.42000000   46.19000000   88.97000000   -163.33000000   25.74236110   99.73049461   1.51187228   -0.51417387   
6.42000000   46.19000000   88.97000000   -163.33000000   25.74976124   99.74876264   1.11761553   -0.48204335   
6.42000000   46.19000000   88.97000000   -163.33000000   25.76041776   99.73302176   1.54398028   -0.44263045   
6.42000000   46.19000000   88.97000000   -163.33000000   25.73112088   99.72606570   1.55645637   -0.47987660   
6.42000000   46.19000000   88.97000000   -163.33000000   25.73786309   99.72642653   1.65922062   -0.36470556   
6.42000000   46.19000000   88.97000000   -163.33000000   25.73419802   99.76872971   1.13751970   -0.46463920   
6.42000000   46.19000000   88.97000000   -163.33000000   25.73414783   99.74048595   1.16592874   -0.44707661   
6.42000000   46.19000000   88.97000000   -163.33000000   25.73415234   99.74199948   1.10051774   -0.22927372   
6.42000000   46.19000000   88.97000000   -163.33000000   25.73533779   99.73545024   1.56868967   -0.32047336   
6.42000000   46.19000000   88.97000000   -163.33000000   25.76002662   99.72170178   1.89058710   -0.39334339   
6.42000000   46.19000000   88.97000000   -163.33000000   25.75151872   99.74419708   1.83234340   -0.43105153   
6.42000000   46.19000000   88.97000000   -163.33000000   25.74821835   99.73477364   2.13894338   -0.48410131   
6.42000000   46.19000000   88.97000000   -163.33000000   25.75590702   99.73722807   2.13713601   -0.38480092   
6.42000000   46.19000000   88.97000000   -163.33000000   25.72725897   99.75561358   1.46937360   -0.33940341   
6.42000000   46.19000000   88.97000000   -163.33000000   25.72789257   99.76303164   1.65490545   -0.21442919   
6.42000000   46.19000000   88.97000000   -163.33000000   25.71628246   99.75367549   1.52849675   -0.28149517   
6.42000000   46.19000000   88.97000000   -163.33000000   25.70599235   99.76150681   1.69961816   -0.41053352   
6.42000000   46.19000000   88.97000000   -163.33000000   25.71792707   99.74445815   2.21969557   -0.42583098   
6.42000000   46.19000000   88.97000000   -163.33000000   25.72497528   99.73846920   1.80274722   -0.48504056   
6.42000000   46.19000000   88.97000000   -163.33000000   25.70824451   99.73412296   2.20929701   -0.50534528   
6.42000000   46.19000000   88.97000000   -163.33000000   25.72508661   99.72517401   1.50704453   -0.38747825   
6.42000000   46.19000000   88.97000000   -163.33000000   25.72096519   99.73100109   1.28814709   -0.35451306   
6.42000000   46.19000000   88.97000000   -163.33000000   25.73512472   99.72258298   1.00375428   -0.36950581   
6.42000000   46.19000000   88.97000000   -163.33000000   25.74255437   99.73859322   1.30310261   -0.52210178   
6.42000000   46.19000000   88.97000000   -163.33000000   25.73197487   99.72970539   1.58484066   -0.56919234   
6.42000000   46.19000000   88.97000000   -163.33000000   25.76123116   99.72330023   1.10553578   -0.66772172   
6.42000000   46.19000000   88.97000000   -163.33000000   25.77190703   99.74001780   1.58392284   -0.63363786   
6.42000000   46.19000000   88.97000000   -163.33000000   25.73230987   99.74442746   1.72068652   -0.67135469   
6.42000000   46.19000000   88.97000000   -163.33000000   25.73135583   99.74899931   1.46909309   -0.77249452   
6.42000000   46.19000000   88.97000000   -163.33000000   25.74086614   99.74205559   2.13521620   -0.55494076   
6.42000000   46.19000000   88.97000000   -163.33000000   25.74548128   99.71964175   1.50124063   -0.76592298   
6.42000000   46.19000000   88.97000000   -163.33000000   25.74438395   99.72098484   1.01781162   -0.75984571   
6.42000000   46.19000000   88.97000000   -163.33000000   25.73234457   99.72311108   1.14378973   -0.86238435   
6.42000000   46.19000000   88.97000000   -163.33000000   25.71949672   99.73034785   1.07286204   -0.82803926   
6.42000000   46.19000000   88.97000000   -163.33000000   25.72223918   99.72435517   1.15635359   -0.64882416   
6.42000000   46.19000000   88.97000000   -163.33000000   25.73505942   99.75096636   1.01929333   -0.60280126   
6.42000000   46.19000000   88.97000000   -163.33000000   25.73894063   99.72641425   1.61482500   -0.75057935   
6.42000000   46.19000000   88.97000000   -163.33000000   25.73970547   99.71074686   2.23493648   -0.74455584   
6.42000000   46.19000000   88.97000000   -163.33000000   25.75325347   99.72139325   1.62395360   -0.78412110   
6.42000000   46.19000000   88.97000000   -163.33000000   25.73542148   99.71758426   1.09215096   -0.77396052   
6.42000000   46.19000000   88.97000000   -163.33000000   25.73765814   99.73373765   1.69202677   -0.85742693   
6.42000000   46.19000000   88.97000000   -163.33000000   25.73044130   99.72658256   1.69967473   -0.75194458   
6.42000000   46.19000000   88.97000000   -163.33000000   25.73903480   99.72565558   1.39855523   -0.84292594   
6.42000000   46.19000000   88.97000000   -163.33000000   25.75091019   99.72189523   1.23783906   -0.70038275   
6.42000000   46.19000000   88.97000000   -163.33000000   25.73479278   99.72753544   1.05106239   -0.64070646   
