0.01000000   5.41925121   3.17601610   2.50000000   1200.00000000   600.00000000   
5.01000000   5.67947907   3.36477536   2.55000000   1200.00000000   600.00000000   
10.01000000   5.93255556   3.52147424   2.60000000   1200.00000000   600.00000000   
15.01000000   6.00984300   3.55152174   2.65000000   1200.00000000   600.00000000   
20.01000000   6.02592110   3.54084541   2.70000000   1250.00000000   600.00000000   
25.01000000   6.14793478   3.58840419   2.75000000   1300.00000000   650.00000000   
30.01000000   6.48572061   3.75369968   2.80000000   1350.00000000   700.00000000   
35.01000000   6.86566667   3.94361514   2.90000000   1400.00000000   750.00000000   
40.01000000   7.20229388   4.12710548   3.00000000   1500.00000000   800.00000000   
50.01000000   7.55049678   4.30825765   3.10000000   1600.00000000   850.00000000   
60.01000000   7.72566425   4.38069968   3.20000000   1700.00000000   850.00000000   
70.00000000   7.80000000   4.50000000   3.27000000   1800.00000000   900.00000000   
