1226.78641573   
1248.35603925   
1298.91694630   
1280.20819720   
1302.52947906   
1175.42644539   
1085.46054651   
1127.88381254   
1097.54316226   
1134.25271863   
1090.94734942   
1061.24203372   
1031.32183927   
987.33525191   
863.34790249   
853.51931094   
850.84496863   
826.12623796   
843.40213957   
845.97087676   
912.18982703   
832.80969714   
846.06225877   
808.46988109   
745.97386036   
753.57289465   
714.11012210   
684.91364667   
675.16763476   
632.85321557   
622.99275434   
633.53319057   
614.65596180   
628.64200353   
600.45970515   
595.05252630   
602.36675504   
587.77801076   
593.11663442   
599.90894795   
589.53948124   
593.77792441   
599.31059916   
592.18560794   
596.07928238   
589.79096167   
593.24425368   
593.00930605   
588.87530731   
592.37009325   
593.84499317   
590.99604880   
594.72566790   
585.20191458   
585.79891598   
588.86407350   
592.34079655   
587.04029700   
588.74119508   
584.81542785   
592.72927561   
588.90824553   
594.06421973   
584.08522269   
587.68828391   
590.81382819   
592.72427980   
590.95469337   
586.97900777   
590.33766519   
608.10258789   
586.04612207   
595.90402769   
597.01115705   
583.71022217   
581.94713691   
588.99599239   
582.27720548   
588.05048497   
587.78395980   
589.12437392   
591.79599386   
590.00379636   
589.86107925   
587.51404650   
599.78670149   
585.89870696   
588.09941334   
588.04233452   
590.38423503   
586.13973583   
601.08408510   
588.81976391   
585.08962923   
585.82578976   
582.12736987   
585.50244013   
579.59550154   
581.91836625   
588.52684521   
581.73369993   
587.26459836   
582.97831777   
580.84337641   
585.34227098   
578.94785817   
579.96607514   
581.72669197   
583.64882374   
578.18836733   
586.54669060   
585.53079189   
578.71485323   
580.65694958   
582.90490250   
577.48241334   
582.62583824   
578.47298869   
576.85966858   
574.84915289   
576.78101012   
582.80293447   
577.32172846   
583.05736682   
577.46772130   
576.47643696   
579.03864726   
576.86155846   
590.44884513   
589.71548277   
576.93111035   
588.65096371   
574.66945081   
579.90344339   
583.65616763   
591.26665167   
575.62045141   
586.75664961   
588.45610050   
585.22689248   
575.67825754   
577.38337596   
589.58403126   
573.90793756   
574.20376488   
582.99846585   
584.58807111   
579.80977744   
580.17194288   
576.17497583   
575.12536996   
575.72390010   
588.86232712   
587.26174791   
586.12841620   
572.33028756   
575.59646056   
570.96719831   
574.64149155   
572.75363886   
586.08550092   
585.38866883   
575.37113112   
576.21807500   
574.32944854   
575.90494188   
575.85222282   
578.00341280   
580.03210770   
575.13483447   
572.39583813   
574.28147897   
569.97478429   
574.71797807   
576.30583487   
568.83233009   
573.54389350   
564.44523766   
566.15206704   
567.09019037   
571.46266319   
563.00618246   
558.25221377   
555.21645556   
555.54719422   
560.76740512   
560.66490984   
565.06933031   
547.58796686   
548.24871736   
552.14184475   
572.18235021   
564.80573778   
543.62858832   
546.06537910   
546.75899501   
545.32155155   
548.06440040   
542.46338590   
539.20054633   
541.81452613   
541.05784225   
548.15425816   
548.53964153   
539.50921197   
543.20580996   
540.67768398   
537.74306310   
536.35169415   
545.11296682   
531.94290168   
531.49583769   
539.44088028   
539.84175228   
535.83680316   
532.96676871   
524.66486116   
525.04969247   
526.02888557   
530.40479428   
530.45563950   
533.78412761   
532.46356290   
531.05747994   
526.93650800   
524.70559163   
532.26696688   
529.44608935   
532.98906979   
529.23840171   
526.74422646   
527.76582438   
529.82780605   
527.18415932   
538.62157869   
529.48711411   
538.31130389   
525.32045675   
530.40757894   
528.98591943   
530.62327971   
539.38335544   
526.92390472   
536.61944907   
533.49193624   
526.68360564   
529.98816773   
533.33206705   
538.83071624   
531.41604227   
529.69734364   
525.60864505   
532.81350306   
526.97105597   
531.00614419   
535.52945880   
538.15013144   
535.65993179   
526.11921090   
527.42090774   
528.14247852   
531.14593459   
533.77907202   
532.20581820   
528.08826687   
537.96415117   
534.56948287   
531.10217821   
526.71988042   
525.18288337   
532.54736732   
527.60124632   
529.37037595   
533.41317036   
531.62654963   
525.51240459   
531.07495912   
528.30294335   
542.32657313   
530.02449610   
529.73961487   
529.69098360   
524.95171220   
528.88191567   
529.44782209   
528.90302700   
525.83573234   
535.90591762   
526.82201691   
525.54903437   
529.01452754   
538.03125386   
528.33966385   
529.22423537   
527.19348540   
537.12895439   
539.00031620   
522.68387194   
517.90403538   
528.59033916   
550.56343220   
524.16621738   
533.67811533   
525.36571989   
520.74020917   
522.81932888   
528.60076254   
524.36645720   
522.86914060   
522.82079824   
533.97721511   
521.97769555   
522.35657612   
523.86994076   
556.05415630   
529.10536397   
521.35391779   
517.55387775   
522.78825195   
520.85660860   
530.53360879   
521.93952804   
528.68459403   
534.63061515   
534.66888887   
519.69578667   
519.50158931   
530.24952906   
516.72481985   
525.26305814   
525.54850189   
526.80498069   
517.79434038   
526.66348330   
516.14292495   
536.75550824   
521.33313841   
531.02696876   
519.92289963   
519.26775484   
519.89909787   
519.51121557   
526.76342678   
540.35969212   
521.88810333   
519.18246143   
526.17897531   
551.05806047   
523.87450439   
530.01410134   
526.00354929   
535.21778027   
524.66377302   
519.64493458   
519.26791411   
522.50171642   
523.49026097   
526.18509173   
517.43257566   
519.21118200   
522.01706085   
526.72679068   
527.77543672   
522.05587715   
521.58670844   
547.15782793   
537.29555484   
543.29022178   
525.77090520   
521.01828359   
521.38937886   
525.02671923   
525.13947750   
534.05741333   
517.49459271   
522.16636821   
527.63565177   
524.29541392   
526.02019659   
525.44176641   
529.89095734   
529.25114427   
519.94015363   
522.38453537   
536.55406347   
520.57165522   
526.73330305   
531.79824070   
525.45229681   
527.57248550   
520.84737964   
529.14830593   
519.89620674   
523.13530347   
520.31749838   
527.72776319   
521.65888240   
517.31791104   
522.31244396   
527.28385539   
522.38325046   
530.73705945   
526.16825475   
519.31595459   
524.98171073   
520.74259547   
526.75470401   
525.06278889   
525.35619485   
534.76443501   
526.25689725   
529.25453850   
520.93825940   
527.98256683   
521.20001277   
525.86124194   
518.99936369   
523.40985304   
519.37048744   
529.53878629   
525.86950306   
524.63661896   
530.47528412   
533.10292267   
527.05500795   
529.00997469   
527.36082830   
526.73481633   
527.29479669   
535.91085677   
531.77096724   
522.40993586   
529.87698316   
531.65983497   
528.76811877   
532.69599497   
528.22855138   
533.14976129   
527.99735577   
523.41911994   
535.51592447   
548.25897169   
525.67401260   
534.60707414   
527.39539461   
530.28631113   
561.60177597   
537.09339270   
527.95160211   
523.15235048   
525.65273875   
526.21337455   
522.03782630   
523.22698536   
520.89673602   
523.65395528   
527.27259501   
529.42757436   
524.35848137   
529.17639957   
533.02721164   
526.11207113   
544.94499006   
534.51201623   
550.82723635   
530.25226061   
524.24306037   
531.25252610   
529.79885010   
529.97853776   
527.79541840   
526.51114727   
524.71938977   
538.47906924   
522.00492387   
526.82189897   
522.25070014   
526.61718653   
539.82570456   
517.83876137   
518.96209323   
529.31790699   
526.50102343   
522.56833695   
522.43490163   
524.26678590   
521.27709431   
539.59263700   
527.30458175   
524.08322142   
521.53483743   
520.97450361   
523.81716297   
534.30222559   
527.97793456   
519.94958078   
518.05529383   
520.70506962   
532.57005721   
525.81385321   
551.03465723   
522.49782383   
517.23500623   
528.46011714   
531.74789148   
522.06321847   
521.91184138   
521.71278828   
522.87921754   
517.11889689   
530.64367456   
529.12175162   
521.02580436   
517.36179520   
527.71597132   
524.32698261   
525.88416105   
521.31181287   
517.98598542   
518.34058122   
526.49319725   
526.60058529   
521.79139614   
522.17196455   
521.84195078   
521.19439534   
526.07578792   
541.70207775   
520.00641526   
520.39485447   
523.94068525   
520.25806377   
532.88162470   
520.70906550   
520.88860407   
521.20540780   
527.01334168   
522.09459470   
519.84476189   
526.37683997   
536.95095674   
524.24874489   
526.31614141   
526.81573778   
521.74867286   
524.26372070   
539.63521562   
526.23321964   
526.65935867   
523.77011894   
520.34928586   
525.83253629   
525.86147739   
520.32942313   
517.78546858   
523.09663235   
524.49742404   
518.76214223   
531.11762082   
524.98385184   
519.25890270   
521.19429657   
524.69646350   
521.19552465   
522.53849681   
521.75803896   
525.87335867   
526.36466250   
522.94628346   
525.70305305   
527.58344028   
522.67454382   
525.81862996   
526.34839687   
531.40992496   
525.63802528   
550.48559226   
523.03290852   
543.22606552   
521.89218478   
523.71639341   
522.85760101   
521.51585989   
527.57723964   
522.34670804   
528.70720366   
523.50408535   
560.78424162   
522.90423922   
530.55443368   
526.76057713   
522.05627690   
521.50542301   
531.05992112   
527.87299551   
539.89386898   
539.05534729   
519.69387542   
526.24909840   
517.79138942   
524.79165692   
540.14541212   
522.37292337   
522.69730578   
525.49318526   
550.40139360   
517.16099265   
524.97667633   
529.52956711   
519.64872494   
524.75153737   
523.36071788   
527.43944556   
517.38760598   
524.18423702   
523.82484617   
520.30627171   
527.56819943   
521.90949050   
523.08956054   
531.63682227   
529.17754078   
524.11937724   
520.07580019   
520.67355349   
537.98715827   
521.21884555   
532.04072036   
526.14348758   
523.25111994   
541.18134676   
523.05190180   
527.80251331   
524.85379017   
531.35441484   
529.92871157   
533.82662549   
544.68319683   
521.75333580   
538.59599863   
525.10363320   
522.81258405   
527.69128294   
531.17500175   
534.26272592   
519.23597848   
529.42548610   
518.90599442   
522.17951208   
518.59670326   
524.93392514   
526.32487437   
521.28357304   
529.58947006   
527.19697710   
533.72135527   
526.57582103   
533.04691447   
530.71034467   
531.27786717   
538.65709049   
523.23137684   
535.32846137   
524.73364004   
523.40565626   
521.58459739   
518.02505235   
519.78004415   
526.15631036   
524.25594594   
520.93435525   
525.84850608   
524.94180087   
524.58121986   
532.17990013   
526.93888176   
528.52188678   
521.62294165   
523.16231004   
524.18015347   
538.80343356   
532.33179278   
520.51749725   
519.15095698   
521.24534728   
530.03059902   
519.70647510   
527.67119648   
518.13433717   
529.19731076   
519.79225386   
520.48953773   
522.47865703   
533.12353898   
532.63691092   
527.59076582   
522.47198840   
523.60591331   
527.33392496   
519.54609890   
523.24375940   
528.09979308   
520.66313938   
522.98577973   
519.77060698   
520.21750523   
524.03679792   
526.54843825   
520.58951627   
530.76565511   
530.93426977   
531.93256715   
524.30791979   
542.67753653   
525.25175043   
530.04510729   
523.95189418   
522.21169105   
521.43184652   
519.71258518   
528.59558273   
519.20282810   
526.71978965   
540.09988728   
530.85831411   
524.53532839   
524.61965594   
530.93735547   
528.60775764   
528.46914546   
522.75948998   
519.67547575   
525.56563100   
532.66662798   
523.80261733   
523.20068118   
520.52668819   
522.13295483   
522.37775752   
525.75769543   
527.14955171   
553.43397741   
523.74439228   
520.36391298   
519.46984860   
517.81603740   
518.67196870   
532.83409747   
522.73249206   
517.08645077   
523.34189757   
520.80793280   
536.23961486   
519.85328831   
520.37604566   
520.64854193   
528.22611009   
523.40278784   
521.03484561   
524.32341027   
544.29689714   
524.39093068   
525.19431936   
522.70724663   
527.57562594   
526.86795439   
525.48199981   
523.42138077   
522.01515227   
536.53178679   
520.73876740   
524.97121702   
525.74912592   
526.85339817   
521.50473901   
532.67078869   
524.03067485   
528.37863986   
527.05804310   
525.55703093   
526.72868310   
520.72353803   
522.41914763   
524.37610834   
525.61955613   
526.04800258   
535.23879963   
529.89250459   
520.91635541   
525.15492462   
524.15250164   
532.86674392   
537.97893523   
524.41135606   
524.32183510   
531.81270385   
525.58699983   
535.65761201   
530.87014202   
547.37314290   
555.11827420   
529.35613759   
527.48818183   
550.45310231   
516.83225538   
524.34781755   
532.80757080   
529.46724972   
518.32214584   
524.04469648   
520.67341937   
527.58574385   
518.94105641   
521.07414299   
517.77721810   
516.89166264   
535.89494352   
524.54912241   
529.40380443   
520.31757885   
518.73729057   
526.32343055   
519.15022859   
527.44381907   
520.54587608   
519.69159379   
526.40322289   
525.97654629   
519.18124892   
519.94602569   
518.12267857   
520.14308746   
520.45475901   
521.46792019   
520.83645828   
520.52652101   
527.17030098   
527.89645615   
520.54564700   
547.21586915   
528.59873435   
523.09320132   
526.58213946   
529.49673493   
532.01824124   
519.80097771   
522.52642568   
523.73836217   
525.02365785   
530.93457033   
519.64606589   
523.82097814   
523.15206782   
527.89160135   
530.21811340   
519.79478898   
520.69442364   
526.82420067   
522.92888918   
527.64900837   
519.43075283   
521.79441693   
523.69333095   
528.02119239   
524.46688470   
521.61890419   
530.00664076   
524.20802011   
539.28220602   
526.61967536   
530.80208740   
537.77374196   
522.52075462   
533.86513202   
521.03347946   
522.56201749   
521.58418259   
525.44475062   
524.58404446   
520.39817075   
523.28910539   
549.85091800   
523.21251752   
528.66295957   
529.65148317   
536.19620125   
524.85910886   
518.74274439   
522.61893848   
522.61249374   
520.79251589   
526.56207339   
523.31556072   
522.86228831   
522.20480899   
534.88557024   
524.82386782   
544.66028211   
531.79315267   
544.59686709   
535.90534506   
522.54951932   
525.88772378   
526.36135071   
537.15364273   
525.48956608   
519.89707132   
521.69719577   
522.70980207   
521.90822966   
525.19919552   
521.35359864   
519.64936789   
535.20845825   
532.25028220   
524.42729183   
523.14250155   
539.98581234   
522.83680919   
523.49395962   
528.00960426   
519.81010549   
532.36715094   
534.23106993   
525.35866212   
529.94962340   
531.84807676   
519.69207228   
525.19449172   
523.77730409   
527.04855592   
523.44390584   
519.79979557   
526.74210109   
521.48485098   
524.95744033   
523.45311349   
530.37164636   
523.88745090   
525.67382330   
517.58017038   
528.30721386   
519.07107537   
526.36643305   
523.92755525   
519.05256899   
525.78881893   
520.20872937   
534.23104991   
517.80150726   
534.99091864   
517.11917349   
523.81517632   
523.29787312   
521.99995817   
519.24383288   
520.89409610   
523.34458647   
537.87056199   
522.44498487   
520.43024760   
526.43333024   
522.63325592   
528.11864517   
538.51777492   
530.47518033   
518.82286785   
526.19376085   
524.41002054   
516.81308502   
521.98650813   
523.65541855   
523.09474748   
522.23831557   
518.50775595   
518.85790205   
520.50522877   
532.94879988   
527.99971455   
529.60747368   
516.89949700   
523.82134038   
528.10307553   
523.56315804   
521.37056680   
522.21105839   
521.33156668   
519.32230160   
521.86897619   
516.87027532   
528.51164455   
521.23679751   
520.12386627   
520.40844503   
520.42192673   
524.20233825   
521.04311015   
528.19485815   
525.45610606   
519.27576302   
524.47604328   
522.34708278   
525.19324953   
531.26583960   
533.71856930   
523.37373988   
525.58061736   
540.01989400   
524.51189512   
528.76653903   
525.62360257   
524.51048753   
521.82608495   
521.39065612   
527.42168933   
521.33371383   
531.33778492   
522.97343704   
520.17818225   
520.04927410   
521.00016319   
531.75233572   
521.21637244   
518.48657709   
520.84343860   
533.96702925   
522.73254129   
526.25823635   
518.13776832   
520.12744064   
521.49927710   
520.18944927   
534.99140052   
520.60774583   
529.05518490   
522.75842184   
529.60010341   
525.19301724   
526.36791624   
523.71385655   
521.34015778   
524.77350517   
524.68371822   
522.18770710   
520.43312645   
520.51452577   
523.34203302   
530.88894356   
520.37567068   
523.44750444   
525.80846099   
524.37914594   
530.99870551   
525.36504802   
528.64493488   
531.55128381   
526.95603354   
520.14876397   
539.50493135   
517.91711297   
526.29606057   
530.41091377   
524.66264068   
544.10469500   
529.46559355   
524.44939968   
541.88704974   
530.11952525   
526.23717187   
531.98455841   
530.24955509   
527.60152281   
534.24826088   
529.87715972   
527.12861711   
531.80038285   
542.89402203   
529.53140605   
529.82057084   
529.41506399   
530.25284782   
537.15326781   
537.89584663   
524.67457945   
527.39104851   
535.98649492   
523.66789330   
535.78409983   
522.06791370   
523.20814099   
524.24865578   
530.74241270   
530.93575235   
526.48699512   
522.34727556   
537.55852462   
534.37656057   
538.98588245   
525.66721467   
525.63831995   
524.45238749   
524.25843526   
527.55461047   
521.99654598   
523.56020510   
528.54823682   
535.05286193   
526.61730457   
526.66908290   
522.57636386   
539.34280437   
531.43102643   
529.26768921   
526.59501266   
525.76395460   
522.17503487   
523.81512474   
528.10653268   
532.60941599   
521.47444447   
525.37512116   
533.42398506   
525.76303441   
567.05109267   
532.72825688   
539.37785161   
531.39910937   
529.93760694   
540.95179081   
522.83595206   
530.00321144   
529.23872100   
522.95788694   
518.30814187   
533.79702513   
527.15144075   
526.52171325   
522.53916240   
523.94746446   
525.37196164   
528.58874198   
525.42636655   
527.85641571   
522.40090495   
517.58843428   
519.46977627   
528.63094824   
533.00977678   
525.23532528   
530.88277487   
522.90051447   
535.03391929   
524.84513839   
534.32528591   
522.80020884   
526.60061494   
521.26471403   
544.45888178   
525.64784657   
525.32110664   
533.06640215   
528.60228169   
527.02282271   
520.11338460   
517.03926997   
531.53082840   
522.96053337   
521.06820506   
519.75543705   
521.40010814   
523.33668994   
522.97638447   
516.93680195   
519.61388854   
517.49463295   
521.63258720   
516.81700965   
524.01041206   
521.23116937   
532.96910208   
520.59012574   
546.78772897   
525.16414722   
529.01772103   
523.69797342   
534.63727875   
530.93036229   
520.58762011   
528.70810395   
524.60983828   
529.03216831   
532.08535686   
530.35156746   
534.56105286   
525.40296182   
529.42773100   
533.39246609   
526.00931077   
529.57681965   
522.42789955   
525.76671940   
531.00076055   
560.67161145   
523.18181843   
526.82270019   
531.28643395   
531.52899612   
524.15726333   
548.81471930   
535.70042353   
528.60947369   
538.36199555   
525.98829888   
531.29402749   
536.14731284   
536.51305722   
530.73697863   
531.94425831   
532.60299667   
524.96991111   
526.79647950   
525.00645636   
525.05323688   
526.39567511   
531.81073896   
530.31104368   
539.38633270   
532.07828864   
526.45568723   
522.50659629   
520.16493097   
538.85131648   
519.10494686   
523.33749838   
525.14115503   
530.95866954   
524.62083183   
522.33388956   
516.25323184   
520.63948507   
523.80935414   
517.60857380   
517.34849420   
525.45166488   
520.07756768   
520.66798888   
525.82558775   
523.85197169   
521.67946176   
519.93446404   
519.82188547   
521.72615525   
527.64004176   
519.36616175   
522.85324890   
526.91087941   
534.03058330   
528.08514834   
528.79426786   
526.58500525   
518.97614402   
526.41685522   
520.67191404   
522.19367250   
522.74258900   
527.76979571   
524.97983587   
530.51692726   
538.86460222   
556.25048573   
534.25525538   
525.81885413   
526.68844359   
530.80134469   
528.59336640   
522.72418164   
525.32930128   
522.11619963   
522.97618644   
528.39622683   
527.60370009   
520.26023190   
524.64991827   
521.52141968   
523.46651047   
538.86872693   
524.98018055   
530.55127643   
523.65461476   
521.87805547   
528.69238570   
528.15435725   
522.67259366   
526.71626149   
524.24366413   
531.58217160   
522.47375000   
521.14739625   
531.76362967   
523.94692073   
523.09150817   
543.03925277   
533.80607627   
531.36542299   
528.83335356   
520.49165105   
528.25407997   
525.56618145   
516.67256753   
525.10658638   
528.78097259   
519.55993956   
523.71038975   
525.13951181   
517.54665942   
520.29258795   
515.76647921   
522.86964774   
521.24394114   
528.04151190   
538.26935299   
519.70855381   
519.18409947   
533.33062825   
525.02215105   
536.05474668   
528.18719051   
519.03681311   
521.30201775   
527.26026532   
527.08017112   
527.75148025   
517.98654175   
519.96921179   
524.18022892   
521.26472437   
529.89239769   
518.45712852   
519.37712084   
517.23453894   
517.87223203   
518.66168395   
518.27768138   
516.72309324   
523.02502839   
522.18976255   
523.28480648   
528.33142796   
526.41838186   
529.92309275   
518.05635766   
524.37766046   
528.98271678   
533.78761011   
527.72672879   
520.13433399   
524.64940697   
526.32566630   
526.87285829   
525.48510583   
520.16802284   
522.10808543   
527.58716545   
522.95292367   
520.36868595   
521.34591274   
524.72952022   
530.58173213   
529.43313687   
519.02039250   
520.93830794   
521.98630722   
533.51052404   
531.27181264   
519.02819568   
519.84133509   
528.89753418   
