5.50000000   279.55000000   53.00000000   -173.71000000   25.49059840   99.92978440   18.17058164   0.90622431   
5.50000000   279.55000000   53.00000000   -173.71000000   25.49013897   99.90367997   18.13457651   0.83527074   
5.50000000   279.55000000   53.00000000   -173.71000000   25.50837698   99.89613006   17.12986181   0.88124281   
5.50000000   279.55000000   53.00000000   -173.71000000   25.53726165   99.90182367   17.80018956   0.87598519   
5.50000000   279.55000000   53.00000000   -173.71000000   25.54063831   99.87960060   18.77208209   0.88839656   
5.50000000   279.55000000   53.00000000   -173.71000000   25.54605889   99.87102216   18.83924170   1.05682428   
5.50000000   279.55000000   53.00000000   -173.71000000   25.57185306   99.83812325   18.45156529   1.21708133   
5.50000000   279.55000000   53.00000000   -173.71000000   25.57120247   99.83243363   18.24422420   1.13362735   
5.50000000   279.55000000   53.00000000   -173.71000000   25.58230530   99.83422105   17.87007694   0.94578178   
5.50000000   279.55000000   53.00000000   -173.71000000   25.58855957   99.82936356   18.17282519   1.05761127   
5.50000000   279.55000000   53.00000000   -173.71000000   25.58976225   99.80817936   18.68387873   1.01908244   
5.50000000   279.55000000   53.00000000   -173.71000000   25.60620008   99.77487000   18.97101979   1.23597232   
5.50000000   279.55000000   53.00000000   -173.71000000   25.65854810   99.80027085   18.95544085   1.13634800   
5.50000000   279.55000000   53.00000000   -173.71000000   25.70277435   99.82322551   17.61329092   1.20655906   
5.50000000   279.55000000   53.00000000   -173.71000000   25.74505776   99.82816315   17.50899340   1.25544385   
5.50000000   279.55000000   53.00000000   -173.71000000   25.75222593   99.79362123   17.22709846   1.28345486   
5.50000000   279.55000000   53.00000000   -173.71000000   25.75034923   99.78953733   16.73765784   1.39631098   
5.50000000   279.55000000   53.00000000   -173.71000000   25.76057724   99.78121932   16.16293509   1.49707757   
5.50000000   279.55000000   53.00000000   -173.71000000   25.76899036   99.76045832   15.58165270   1.35423490   
5.50000000   279.55000000   53.00000000   -173.71000000   25.75345465   99.75111948   15.36323449   1.27618487   
5.50000000   279.55000000   53.00000000   -173.71000000   25.74248749   99.72770317   14.80807724   1.18338646   
5.50000000   279.55000000   53.00000000   -173.71000000   25.75856360   99.70826140   14.59140562   1.36913088   
5.50000000   279.55000000   53.00000000   -173.71000000   25.75927648   99.70490273   14.72669220   1.29535385   
5.50000000   279.55000000   53.00000000   -173.71000000   25.76316643   99.72928475   15.20500496   1.25375646   
5.50000000   279.55000000   53.00000000   -173.71000000   25.75372247   99.74191840   13.72931676   1.26691337   
5.50000000   279.55000000   53.00000000   -173.71000000   25.74242006   99.74027025   14.15798330   1.31837532   
5.50000000   279.55000000   53.00000000   -173.71000000   25.73330203   99.72530620   13.55703508   1.26096330   
5.50000000   279.55000000   53.00000000   -173.71000000   25.74745528   99.73637051   13.49909911   1.22382120   
5.50000000   279.55000000   53.00000000   -173.71000000   25.75975110   99.73489481   13.35053371   1.31729093   
5.50000000   279.55000000   53.00000000   -173.71000000   25.75326490   99.72226701   12.29802069   1.34169193   
5.50000000   279.55000000   53.00000000   -173.71000000   25.73474221   99.72541016   12.62382487   1.33513883   
5.50000000   279.55000000   53.00000000   -173.71000000   25.72119041   99.72836387   13.54525900   1.34222699   
5.50000000   279.55000000   53.00000000   -173.71000000   25.74870055   99.72361917   13.92515653   1.40620333   
5.50000000   279.55000000   53.00000000   -173.71000000   25.74957873   99.70844498   13.79954976   1.36668374   
5.50000000   279.55000000   53.00000000   -173.71000000   25.73371104   99.71864827   14.82286476   1.30618213   
5.50000000   279.55000000   53.00000000   -173.71000000   25.73341214   99.71255975   14.58232792   1.16032997   
5.50000000   279.55000000   53.00000000   -173.71000000   25.74656619   99.70751885   14.57898588   1.12592223   
5.50000000   279.55000000   53.00000000   -173.71000000   25.75747713   99.72047704   14.81673909   1.23301406   
5.50000000   279.55000000   53.00000000   -173.71000000   25.77685516   99.72587870   14.37077922   1.16481982   
5.50000000   279.55000000   53.00000000   -173.71000000   25.78743797   99.70838711   14.40736872   1.16124641   
5.50000000   279.55000000   53.00000000   -173.71000000   25.77743074   99.73302225   14.20487346   0.95263519   
5.50000000   279.55000000   53.00000000   -173.71000000   25.77110811   99.73439923   13.82710966   1.02734821   
5.50000000   279.55000000   53.00000000   -173.71000000   25.74237394   99.74273476   13.83592405   1.10092175   
5.50000000   279.55000000   53.00000000   -173.71000000   25.74343938   99.73529112   13.63087253   1.05232625   
5.50000000   279.55000000   53.00000000   -173.71000000   25.73198829   99.72030459   13.19032911   1.02536239   
5.50000000   279.55000000   53.00000000   -173.71000000   25.72948696   99.72537317   13.23555638   0.89058127   
5.50000000   279.55000000   53.00000000   -173.71000000   25.76639154   99.72179856   13.15795862   0.95829129   
5.50000000   279.55000000   53.00000000   -173.71000000   25.75547639   99.70889021   13.09844295   0.95930407   
5.50000000   279.55000000   53.00000000   -173.71000000   25.77367144   99.70630592   12.79168643   0.97382709   
5.50000000   279.55000000   53.00000000   -173.71000000   25.76440927   99.72334503   12.68539517   0.99461000   
5.50000000   279.55000000   53.00000000   -173.71000000   25.76941224   99.74735616   11.98327437   0.92092171   
5.50000000   279.55000000   53.00000000   -173.71000000   25.77190879   99.71768648   12.37073451   0.87123418   
5.50000000   279.55000000   53.00000000   -173.71000000   25.77424082   99.71774091   12.47938130   0.71905363   
5.50000000   279.55000000   53.00000000   -173.71000000   25.78406825   99.71253879   12.56066388   0.79444467   
5.50000000   279.55000000   53.00000000   -173.71000000   25.77799144   99.72069694   12.27996603   0.65941877   
5.50000000   279.55000000   53.00000000   -173.71000000   25.77080534   99.73949575   11.80599620   0.67495159   
5.50000000   279.55000000   53.00000000   -173.71000000   25.78924132   99.70675545   11.95186406   0.63021661   
5.50000000   279.55000000   53.00000000   -173.71000000   25.78495024   99.72374988   11.71777099   0.62622104   
5.50000000   279.55000000   53.00000000   -173.71000000   25.76832425   99.72360094   11.85216091   0.37050325   
5.50000000   279.55000000   53.00000000   -173.71000000   25.74077158   99.72182819   11.99279881   0.32603863   
5.50000000   279.55000000   53.00000000   -173.71000000   25.76239286   99.72501403   12.38019959   0.37565863   
5.50000000   279.55000000   53.00000000   -173.71000000   25.75188568   99.70100880   12.44405944   0.45355855   
5.50000000   279.55000000   53.00000000   -173.71000000   25.76265160   99.70993665   12.74369175   0.55595146   
5.50000000   279.55000000   53.00000000   -173.71000000   25.76457709   99.70473554   12.87798195   0.56789736   
5.50000000   279.55000000   53.00000000   -173.71000000   25.76349446   99.70210354   12.81615426   0.61340989   
5.50000000   279.55000000   53.00000000   -173.71000000   25.77192188   99.71951413   12.61065424   0.66985214   
5.50000000   279.55000000   53.00000000   -173.71000000   25.75403316   99.70598889   12.42860048   0.52347456   
5.50000000   279.55000000   53.00000000   -173.71000000   25.77038272   99.72315574   11.65499964   0.42857117   
5.50000000   279.55000000   53.00000000   -173.71000000   25.78051237   99.73294554   11.31242625   0.45331098   
5.50000000   279.55000000   53.00000000   -173.71000000   25.77700797   99.74442165   10.67953967   0.25493306   
5.50000000   279.55000000   53.00000000   -173.71000000   25.78514632   99.72055235   10.76718838   0.18224425   
5.50000000   279.55000000   53.00000000   -173.71000000   25.78532080   99.72385289   10.77331852   0.02444917   
5.50000000   279.55000000   53.00000000   -173.71000000   25.75444442   99.72141290   10.96981165   -0.07219562   
5.50000000   279.55000000   53.00000000   -173.71000000   25.77200234   99.72409355   10.85648396   -0.13590707   
5.50000000   279.55000000   53.00000000   -173.71000000   25.76709567   99.72786274   10.29438624   -0.12576123   
5.50000000   279.55000000   53.00000000   -173.71000000   25.78092180   99.72542490   10.16715438   -0.14101249   
5.50000000   279.55000000   53.00000000   -173.71000000   25.78162945   99.72929026   9.46575175   -0.03787593   
5.50000000   279.55000000   53.00000000   -173.71000000   25.78300672   99.72464449   9.71304149   -0.00866877   
5.50000000   279.55000000   53.00000000   -173.71000000   25.78246164   99.70680176   9.53436734   0.07740336   
5.50000000   279.55000000   53.00000000   -173.71000000   25.78703585   99.70431520   9.49465346   0.04231531   
5.50000000   279.55000000   53.00000000   -173.71000000   25.79778799   99.71893951   9.11469254   0.15042893   
5.50000000   279.55000000   53.00000000   -173.71000000   25.79730923   99.73575472   8.87333525   0.07350339   
5.50000000   279.55000000   53.00000000   -173.71000000   25.78780705   99.75210178   6.96253856   0.00292146   
5.50000000   279.55000000   53.00000000   -173.71000000   25.78767761   99.74511251   6.72976119   0.00322204   
5.50000000   279.55000000   53.00000000   -173.71000000   25.76152594   99.76821529   6.59653665   0.23828956   
5.50000000   279.55000000   53.00000000   -173.71000000   25.77449087   99.74575999   6.86056037   0.21732093   
5.50000000   279.55000000   53.00000000   -173.71000000   25.73614118   99.73819108   6.33973351   0.29913496   
5.50000000   279.55000000   53.00000000   -173.71000000   25.77129679   99.72970146   5.37710824   0.22663697   
5.50000000   279.55000000   53.00000000   -173.71000000   25.76220931   99.74203311   4.81447010   0.13694508   
5.50000000   279.55000000   53.00000000   -173.71000000   25.75578274   99.71290877   4.37472484   0.22969695   
5.50000000   279.55000000   53.00000000   -173.71000000   25.72376038   99.70828851   3.99934296   0.31779755   
5.50000000   279.55000000   53.00000000   -173.71000000   25.74395171   99.72681217   4.48206771   0.46580348   
5.50000000   279.55000000   53.00000000   -173.71000000   25.74181474   99.75083552   5.04559440   0.31173728   
5.50000000   279.55000000   53.00000000   -173.71000000   25.73887802   99.74922674   4.74302598   0.23785279   
5.50000000   279.55000000   53.00000000   -173.71000000   25.73586811   99.75942330   5.17220393   0.10320854   
5.50000000   279.55000000   53.00000000   -173.71000000   25.72794918   99.73402237   5.04233824   0.17857893   
5.50000000   279.55000000   53.00000000   -173.71000000   25.75384569   99.75566147   4.23658835   -0.05449264   
5.50000000   279.55000000   53.00000000   -173.71000000   25.75271136   99.74829206   4.24667953   -0.14784606   
5.50000000   279.55000000   53.00000000   -173.71000000   25.73986609   99.74660241   3.40245155   0.08755655   
5.50000000   279.55000000   53.00000000   -173.71000000   25.72884046   99.75307850   3.38825260   0.01335903   
5.50000000   279.55000000   53.00000000   -173.71000000   25.72906413   99.76901073   3.37094469   -0.12892944   
5.50000000   279.55000000   53.00000000   -173.71000000   25.74425507   99.75569165   3.64085482   -0.26785385   
5.50000000   279.55000000   53.00000000   -173.71000000   25.73000107   99.73007008   2.70982220   -0.26761897   
5.50000000   279.55000000   53.00000000   -173.71000000   25.73369017   99.74003076   2.42500206   -0.30617975   
5.50000000   279.55000000   53.00000000   -173.71000000   25.72341743   99.73866662   2.49322252   -0.18609198   
5.50000000   279.55000000   53.00000000   -173.71000000   25.70994739   99.72355306   1.81634064   -0.10194948   
5.50000000   279.55000000   53.00000000   -173.71000000   25.71531127   99.73397187   1.73033175   -0.06146213   
5.50000000   279.55000000   53.00000000   -173.71000000   25.71271943   99.74876625   2.25227887   -0.05175872   
5.50000000   279.55000000   53.00000000   -173.71000000   25.71934688   99.74555539   2.75609154   -0.10972012   
5.50000000   279.55000000   53.00000000   -173.71000000   25.71949413   99.75814183   2.80389868   -0.07823047   
5.50000000   279.55000000   53.00000000   -173.71000000   25.71420124   99.73225585   2.68223243   -0.01931397   
5.50000000   279.55000000   53.00000000   -173.71000000   25.72642263   99.74466604   2.23202402   0.06191107   
5.50000000   279.55000000   53.00000000   -173.71000000   25.72039389   99.75581531   1.63830520   0.20249321   
5.50000000   279.55000000   53.00000000   -173.71000000   25.73024010   99.75511053   1.76817547   0.19049469   
5.50000000   279.55000000   53.00000000   -173.71000000   25.72051309   99.75346535   1.98549476   0.35905940   
5.50000000   279.55000000   53.00000000   -173.71000000   25.70866578   99.76481151   1.43644706   0.15652105   
5.50000000   279.55000000   53.00000000   -173.71000000   25.72114275   99.75815748   1.85992216   0.21203556   
5.50000000   279.55000000   53.00000000   -173.71000000   25.72241252   99.77154931   2.24324017   0.23393376   
5.50000000   279.55000000   53.00000000   -173.71000000   25.71054744   99.76285281   1.85720454   0.17582295   
5.50000000   279.55000000   53.00000000   -173.71000000   25.71285465   99.74280720   1.72248045   0.15579170   
5.50000000   279.55000000   53.00000000   -173.71000000   25.73756005   99.76128221   1.63893516   0.07427181   
5.50000000   279.55000000   53.00000000   -173.71000000   25.73052777   99.74236884   2.19951417   0.08292896   
5.50000000   279.55000000   53.00000000   -173.71000000   25.74968953   99.76495160   1.73072632   -0.15097204   
5.50000000   279.55000000   53.00000000   -173.71000000   25.76548219   99.74597540   1.37857318   -0.19764570   
5.50000000   279.55000000   53.00000000   -173.71000000   25.75389513   99.73190532   1.10074998   -0.23831263   
5.50000000   279.55000000   53.00000000   -173.71000000   25.72267915   99.76538367   1.08625607   -0.31380233   
5.50000000   279.55000000   53.00000000   -173.71000000   25.73455111   99.75617120   1.04462970   -0.49063464   
5.50000000   279.55000000   53.00000000   -173.71000000   25.72810190   99.75056314   1.12676204   -0.55205841   
5.50000000   279.55000000   53.00000000   -173.71000000   25.72964059   99.74477249   1.19436545   -0.44270712   
5.50000000   279.55000000   53.00000000   -173.71000000   25.72569311   99.74585891   1.42251078   -0.44637044   
5.50000000   279.55000000   53.00000000   -173.71000000   25.74315031   99.76330619   1.11341094   -0.46042936   
5.50000000   279.55000000   53.00000000   -173.71000000   25.72902029   99.74992041   1.26064194   -0.52733277   
5.50000000   279.55000000   53.00000000   -173.71000000   25.72970732   99.72564265   1.26672120   -0.45820856   
5.50000000   279.55000000   53.00000000   -173.71000000   25.72430544   99.72149404   1.06496500   -0.48005104   
5.50000000   279.55000000   53.00000000   -173.71000000   25.69162055   99.73860786   1.16592968   -0.50845794   
5.50000000   279.55000000   53.00000000   -173.71000000   25.70008507   99.74516347   1.00766376   -0.68979830   
5.50000000   279.55000000   53.00000000   -173.71000000   25.70279668   99.71657342   1.24941747   -0.63050878   
5.50000000   279.55000000   53.00000000   -173.71000000   25.72462434   99.71594881   1.49871919   -0.48317136   
5.50000000   279.55000000   53.00000000   -173.71000000   25.72433541   99.72351518   1.66222721   -0.42625199   
5.50000000   279.55000000   53.00000000   -173.71000000   25.72417608   99.71068842   1.94007519   -0.38920901   
5.50000000   279.55000000   53.00000000   -173.71000000   25.70072016   99.72023637   1.72432488   -0.29087657   
5.50000000   279.55000000   53.00000000   -173.71000000   25.71750550   99.73699747   1.01348345   -0.31786068   
5.50000000   279.55000000   53.00000000   -173.71000000   25.73085967   99.74202094   1.40891470   -0.26889114   
5.50000000   279.55000000   53.00000000   -173.71000000   25.73398231   99.73956218   1.41633945   -0.31621242   
5.50000000   279.55000000   53.00000000   -173.71000000   25.75946923   99.76289547   1.25541231   -0.36831577   
5.50000000   279.55000000   53.00000000   -173.71000000   25.75526253   99.76549245   1.40481230   -0.39854296   
5.50000000   279.55000000   53.00000000   -173.71000000   25.74672524   99.74470892   1.34988324   -0.35338727   
5.50000000   279.55000000   53.00000000   -173.71000000   25.72857019   99.73973039   1.47695388   -0.25367037   
5.50000000   279.55000000   53.00000000   -173.71000000   25.74989061   99.74340748   1.19905002   -0.37789648   
5.50000000   279.55000000   53.00000000   -173.71000000   25.72252738   99.73734287   1.17551336   -0.30058638   
5.50000000   279.55000000   53.00000000   -173.71000000   25.73394464   99.74909971   1.72707915   -0.19258075   
5.50000000   279.55000000   53.00000000   -173.71000000   25.73567590   99.75610902   1.55784977   -0.12620912   
5.50000000   279.55000000   53.00000000   -173.71000000   25.73695964   99.74637185   1.49182810   -0.13620919   
5.50000000   279.55000000   53.00000000   -173.71000000   25.72853045   99.75447873   1.06884092   -0.06651827   
5.50000000   279.55000000   53.00000000   -173.71000000   25.70703147   99.75146934   1.02790563   -0.02081472   
5.50000000   279.55000000   53.00000000   -173.71000000   25.72832365   99.73550859   1.49860024   0.00729487   
5.50000000   279.55000000   53.00000000   -173.71000000   25.74943410   99.74742165   1.04928109   0.07501728   
5.50000000   279.55000000   53.00000000   -173.71000000   25.74581526   99.74596332   1.36807900   0.11924457   
5.50000000   279.55000000   53.00000000   -173.71000000   25.72105564   99.73775150   1.96649655   0.05651607   
5.50000000   279.55000000   53.00000000   -173.71000000   25.71067469   99.73991957   2.46909872   -0.10938743   
5.50000000   279.55000000   53.00000000   -173.71000000   25.72492209   99.77093271   1.60484761   -0.09837423   
5.50000000   279.55000000   53.00000000   -173.71000000   25.70429373   99.76159929   1.71758939   -0.12478583   
5.50000000   279.55000000   53.00000000   -173.71000000   25.69149472   99.76375831   1.54619093   -0.04880010   
5.50000000   279.55000000   53.00000000   -173.71000000   25.70962759   99.75476321   1.32329300   -0.03215662   
5.50000000   279.55000000   53.00000000   -173.71000000   25.72934343   99.77682467   1.14402711   -0.10575754   
5.50000000   279.55000000   53.00000000   -173.71000000   25.69117923   99.73906461   1.16675182   -0.20431761   
5.50000000   279.55000000   53.00000000   -173.71000000   25.71009255   99.75759992   1.32557322   -0.23364368   
5.50000000   279.55000000   53.00000000   -173.71000000   25.70004882   99.73715732   1.48075082   -0.20172024   
5.50000000   279.55000000   53.00000000   -173.71000000   25.70582412   99.73363073   1.37635042   -0.03489230   
5.50000000   279.55000000   53.00000000   -173.71000000   25.69504442   99.78220284   1.07093599   0.16666948   
5.50000000   279.55000000   53.00000000   -173.71000000   25.71296847   99.77016484   1.44066461   0.08048722   
5.50000000   279.55000000   53.00000000   -173.71000000   25.71168734   99.77136997   1.34168709   0.04027439   
5.50000000   279.55000000   53.00000000   -173.71000000   25.71394200   99.75610031   1.30167588   -0.12346611   
5.50000000   279.55000000   53.00000000   -173.71000000   25.69723988   99.77359562   1.16811712   -0.18319578   
5.50000000   279.55000000   53.00000000   -173.71000000   25.71894848   99.76605947   1.04494344   -0.20268994   
5.50000000   279.55000000   53.00000000   -173.71000000   25.73630896   99.75576096   1.20917462   -0.25952882   
5.50000000   279.55000000   53.00000000   -173.71000000   25.73410904   99.76131969   1.50406144   -0.31933731   
5.50000000   279.55000000   53.00000000   -173.71000000   25.72865459   99.75015958   1.21297781   -0.34818024   
5.50000000   279.55000000   53.00000000   -173.71000000   25.72098284   99.75605826   1.20315460   -0.42756098   
5.50000000   279.55000000   53.00000000   -173.71000000   25.72777575   99.72911070   1.03475265   -0.70365085   
5.50000000   279.55000000   53.00000000   -173.71000000   25.73000862   99.71696504   1.18959623   -0.77778135   
5.50000000   279.55000000   53.00000000   -173.71000000   25.74424870   99.73154935   1.26683729   -0.68284135   
5.50000000   279.55000000   53.00000000   -173.71000000   25.75377570   99.74258443   1.21850071   -0.74735292   
5.50000000   279.55000000   53.00000000   -173.71000000   25.74699190   99.74035303   1.27339349   -0.71089220   
5.50000000   279.55000000   53.00000000   -173.71000000   25.75175637   99.71426950   1.14150266   -0.60703225   
5.50000000   279.55000000   53.00000000   -173.71000000   25.74288832   99.70989578   1.22781683   -0.68629284   
5.50000000   279.55000000   53.00000000   -173.71000000   25.73673461   99.71613277   1.66555216   -0.74780493   
5.50000000   279.55000000   53.00000000   -173.71000000   25.72927644   99.72359341   1.54244041   -0.72394794   
5.50000000   279.55000000   53.00000000   -173.71000000   25.71528056   99.73090958   1.34230837   -0.62825316   
5.50000000   279.55000000   53.00000000   -173.71000000   25.71672746   99.74101668   1.97584439   -0.70795158   
5.50000000   279.55000000   53.00000000   -173.71000000   25.71385107   99.74637954   1.73688922   -0.88194652   
5.50000000   279.55000000   53.00000000   -173.71000000   25.73175326   99.72068177   1.84961847   -0.78303519   
5.50000000   279.55000000   53.00000000   -173.71000000   25.72876460   99.73382430   1.54645334   -0.74341004   
5.50000000   279.55000000   53.00000000   -173.71000000   25.72643587   99.72611960   1.31360103   -0.70697289   
5.50000000   279.55000000   53.00000000   -173.71000000   25.72298747   99.72866396   1.22039253   -0.65800578   
5.50000000   279.55000000   53.00000000   -173.71000000   25.75331258   99.71924064   1.19990626   -0.74932500   
5.50000000   279.55000000   53.00000000   -173.71000000   25.75073036   99.72787824   1.49746268   -0.79689824   
5.50000000   279.55000000   53.00000000   -173.71000000   25.74916755   99.73851927   1.46499109   -0.76226971   
5.50000000   279.55000000   53.00000000   -173.71000000   25.77154979   99.72327705   1.69200376   -0.89374863   
5.50000000   279.55000000   53.00000000   -173.71000000   25.74715115   99.74552538   1.38853860   -0.84247254   
5.50000000   279.55000000   53.00000000   -173.71000000   25.76657801   99.72381068   1.01149510   -0.73518426   
5.50000000   279.55000000   53.00000000   -173.71000000   25.76713191   99.71803132   1.05041139   -0.98987439   
5.50000000   279.55000000   53.00000000   -173.71000000   25.75509983   99.74132724   1.47383363   -0.83367681   
5.50000000   279.55000000   53.00000000   -173.71000000   25.73816514   99.75122308   1.05988780   -0.88819255   
5.50000000   279.55000000   53.00000000   -173.71000000   25.75729812   99.72516776   1.26579803   -0.77483074   
5.50000000   279.55000000   53.00000000   -173.71000000   25.75230076   99.71798123   1.32199150   -0.79141371   
5.50000000   279.55000000   53.00000000   -173.71000000   25.74759837   99.74866083   1.49781996   -0.61609687   
5.50000000   279.55000000   53.00000000   -173.71000000   25.76791642   99.73148802   1.19237648   -0.64201287   
5.50000000   279.55000000   53.00000000   -173.71000000   25.75388257   99.74054961   1.15289633   -0.68940070   
5.50000000   279.55000000   53.00000000   -173.71000000   25.74016006   99.73500021   1.14265841   -0.77528745   
5.50000000   279.55000000   53.00000000   -173.71000000   25.72792935   99.73048291   1.22076655   -0.78232984   
5.50000000   279.55000000   53.00000000   -173.71000000   25.73132544   99.73370070   1.17936850   -0.84363814   
5.50000000   279.55000000   53.00000000   -173.71000000   25.73906556   99.71411511   1.12949836   -0.85481594   
5.50000000   279.55000000   53.00000000   -173.71000000   25.71959135   99.71966569   1.05007767   -1.01731621   
5.50000000   279.55000000   53.00000000   -173.71000000   25.72144546   99.73411015   1.08189551   -1.00440183   
5.50000000   279.55000000   53.00000000   -173.71000000   25.73440228   99.73839492   1.03030505   -0.93846071   
5.50000000   279.55000000   53.00000000   -173.71000000   25.72208154   99.73042060   1.06640374   -0.91862501   
5.50000000   279.55000000   53.00000000   -173.71000000   25.73822434   99.74937027   1.22601203   -0.92408902   
5.50000000   279.55000000   53.00000000   -173.71000000   25.72984047   99.73807006   1.05641845   -0.83696995   
5.50000000   279.55000000   53.00000000   -173.71000000   25.73204083   99.72689036   1.03151704   -0.75427808   
5.50000000   279.55000000   53.00000000   -173.71000000   25.73818682   99.74667497   1.72593959   -0.62506709   
5.50000000   279.55000000   53.00000000   -173.71000000   25.75527722   99.75736215   1.10652508   -0.48704856   
5.50000000   279.55000000   53.00000000   -173.71000000   25.74772045   99.74938433   1.84313630   -0.55974137   
5.50000000   279.55000000   53.00000000   -173.71000000   25.72924491   99.75103356   1.61484417   -0.55582704   
5.50000000   279.55000000   53.00000000   -173.71000000   25.72648325   99.74237202   1.33444226   -0.39969591   
5.50000000   279.55000000   53.00000000   -173.71000000   25.73035658   99.73916281   2.17092678   -0.45312166   
5.50000000   279.55000000   53.00000000   -173.71000000   25.73635542   99.74016419   1.52908335   -0.39436148   
5.50000000   279.55000000   53.00000000   -173.71000000   25.74247594   99.74826468   1.06998849   -0.33455421   
5.50000000   279.55000000   53.00000000   -173.71000000   25.74139853   99.75801579   1.17335281   -0.25331127   
5.50000000   279.55000000   53.00000000   -173.71000000   25.74079170   99.74761549   1.68960000   -0.28766857   
5.50000000   279.55000000   53.00000000   -173.71000000   25.71017907   99.74221916   1.75149068   -0.36731425   
5.50000000   279.55000000   53.00000000   -173.71000000   25.72077880   99.72887116   1.76581214   -0.41193945   
5.50000000   279.55000000   53.00000000   -173.71000000   25.74213243   99.73210422   1.70893352   -0.41578760   
5.50000000   279.55000000   53.00000000   -173.71000000   25.72439855   99.74833526   1.25220542   -0.52813072   
5.50000000   279.55000000   53.00000000   -173.71000000   25.73864118   99.73489583   1.29133973   -0.42472518   
5.50000000   279.55000000   53.00000000   -173.71000000   25.74806351   99.76579498   1.22849468   -0.34357576   
5.50000000   279.55000000   53.00000000   -173.71000000   25.73945878   99.76350257   1.53320115   -0.46785184   
5.50000000   279.55000000   53.00000000   -173.71000000   25.74769065   99.76728281   1.11746376   -0.48200768   
5.50000000   279.55000000   53.00000000   -173.71000000   25.73659480   99.75190657   1.40223182   -0.51510798   
5.50000000   279.55000000   53.00000000   -173.71000000   25.73502636   99.74663475   1.72152033   -0.42046264   
5.50000000   279.55000000   53.00000000   -173.71000000   25.73846149   99.73403867   1.59383914   -0.35602556   
5.50000000   279.55000000   53.00000000   -173.71000000   25.72574344   99.72423362   1.74533135   -0.30363557   
5.50000000   279.55000000   53.00000000   -173.71000000   25.69555239   99.76459570   1.06726014   -0.26664193   
5.50000000   279.55000000   53.00000000   -173.71000000   25.69380867   99.78286503   1.19536629   -0.31271340   
5.50000000   279.55000000   53.00000000   -173.71000000   25.71417590   99.76196100   1.49893398   -0.49314624   
5.50000000   279.55000000   53.00000000   -173.71000000   25.71033449   99.73571714   1.42948586   -0.31621262   
5.50000000   279.55000000   53.00000000   -173.71000000   25.73135890   99.74098436   1.08204377   -0.14638800   
5.50000000   279.55000000   53.00000000   -173.71000000   25.71873078   99.75285401   1.19452003   -0.38048009   
5.50000000   279.55000000   53.00000000   -173.71000000   25.72366126   99.75501423   1.13005859   -0.45939827   
5.50000000   279.55000000   53.00000000   -173.71000000   25.71211951   99.74199082   1.51920437   -0.19498464   
5.50000000   279.55000000   53.00000000   -173.71000000   25.71186986   99.75235114   1.33358295   -0.11614326   
5.50000000   279.55000000   53.00000000   -173.71000000   25.71655621   99.74220719   1.72681799   -0.13937950   
5.50000000   279.55000000   53.00000000   -173.71000000   25.73821129   99.76654421   1.44336288   -0.19995107   
5.50000000   279.55000000   53.00000000   -173.71000000   25.71939127   99.73508622   1.06636335   -0.08921553   
5.50000000   279.55000000   53.00000000   -173.71000000   25.71101439   99.72916420   1.47886325   -0.00815784   
5.50000000   279.55000000   53.00000000   -173.71000000   25.70767571   99.74397236   1.03115492   -0.07144577   
5.50000000   279.55000000   53.00000000   -173.71000000   25.69667916   99.76290476   1.24051036   -0.18747559   
5.50000000   279.55000000   53.00000000   -173.71000000   25.71352829   99.74857856   1.21612125   -0.40559197   
5.50000000   279.55000000   53.00000000   -173.71000000   25.73925153   99.72984883   1.03785046   -0.35647882   
5.50000000   279.55000000   53.00000000   -173.71000000   25.71483053   99.74522320   1.17203634   -0.28554495   
5.50000000   279.55000000   53.00000000   -173.71000000   25.72831823   99.76027701   1.19943249   -0.31765167   
5.50000000   279.55000000   53.00000000   -173.71000000   25.71456456   99.76301819   1.05100006   -0.40481206   
5.50000000   279.55000000   53.00000000   -173.71000000   25.71944650   99.72165439   1.18793499   -0.50675880   
5.50000000   279.55000000   53.00000000   -173.71000000   25.70208275   99.74612612   1.08287368   -0.46281511   
5.50000000   279.55000000   53.00000000   -173.71000000   25.72081286   99.74075696   1.37516049   -0.38530585   
5.50000000   279.55000000   53.00000000   -173.71000000   25.73112656   99.75979879   1.07471322   -0.31087216   
5.50000000   279.55000000   53.00000000   -173.71000000   25.74483626   99.73529132   1.20602603   -0.28887780   
5.50000000   279.55000000   53.00000000   -173.71000000   25.74118152   99.74539273   1.60769339   -0.30314500   
5.50000000   279.55000000   53.00000000   -173.71000000   25.71753915   99.76179982   1.45115424   -0.22330794   
5.50000000   279.55000000   53.00000000   -173.71000000   25.74347008   99.74620131   1.23687795   -0.14768063   
5.50000000   279.55000000   53.00000000   -173.71000000   25.73860347   99.74368197   1.42415811   -0.19396208   
5.50000000   279.55000000   53.00000000   -173.71000000   25.71705154   99.74654030   1.16188421   -0.06033429   
5.50000000   279.55000000   53.00000000   -173.71000000   25.73344370   99.75004220   1.36370089   -0.21247001   
5.50000000   279.55000000   53.00000000   -173.71000000   25.74755436   99.72113412   1.19910134   -0.28891256   
5.50000000   279.55000000   53.00000000   -173.71000000   25.72831265   99.73408773   1.57244116   -0.45113383   
5.50000000   279.55000000   53.00000000   -173.71000000   25.72461790   99.75080533   1.62507460   -0.49797938   
5.50000000   279.55000000   53.00000000   -173.71000000   25.72905704   99.72953299   1.69151888   -0.50928686   
5.50000000   279.55000000   53.00000000   -173.71000000   25.72463983   99.73022086   2.09105249   -0.58793743   
5.50000000   279.55000000   53.00000000   -173.71000000   25.73753406   99.73673827   1.86775467   -0.49711288   
5.50000000   279.55000000   53.00000000   -173.71000000   25.72437466   99.75538882   1.85063508   -0.49951648   
5.50000000   279.55000000   53.00000000   -173.71000000   25.71779452   99.76883847   1.53195433   -0.61486476   
5.50000000   279.55000000   53.00000000   -173.71000000   25.71180353   99.75083720   1.72581724   -0.59436334   
5.50000000   279.55000000   53.00000000   -173.71000000   25.74001981   99.72332740   1.63155245   -0.65237115   
5.50000000   279.55000000   53.00000000   -173.71000000   25.74655799   99.72084129   1.61561235   -0.74403125   
5.50000000   279.55000000   53.00000000   -173.71000000   25.74637480   99.72426787   1.72696763   -0.56666211   
5.50000000   279.55000000   53.00000000   -173.71000000   25.75859493   99.73733605   1.34551850   -0.61470700   
5.50000000   279.55000000   53.00000000   -173.71000000   25.76125849   99.72562058   1.49105707   -0.51399867   
5.50000000   279.55000000   53.00000000   -173.71000000   25.72452958   99.71925477   1.15481237   -0.51680870   
5.50000000   279.55000000   53.00000000   -173.71000000   25.72557036   99.72208860   1.71646239   -0.62804750   
5.50000000   279.55000000   53.00000000   -173.71000000   25.70908802   99.72156547   1.67029570   -0.50842015   
5.50000000   279.55000000   53.00000000   -173.71000000   25.71150163   99.71337039   1.37010380   -0.65772149   
5.50000000   279.55000000   53.00000000   -173.71000000   25.71575723   99.73521639   1.70877162   -0.67495748   
5.50000000   279.55000000   53.00000000   -173.71000000   25.71141083   99.75657934   1.40590179   -0.65959160   
5.50000000   279.55000000   53.00000000   -173.71000000   25.75354930   99.70921083   1.36795550   -0.73577306   
5.50000000   279.55000000   53.00000000   -173.71000000   25.75146798   99.71156041   1.90274882   -0.71361283   
5.50000000   279.55000000   53.00000000   -173.71000000   25.74176496   99.70245208   2.07555667   -0.65160058   
5.50000000   279.55000000   53.00000000   -173.71000000   25.74284254   99.70830337   1.90675836   -0.67987794   
5.50000000   279.55000000   53.00000000   -173.71000000   25.74223709   99.74598281   1.27231980   -0.54677590   
5.50000000   279.55000000   53.00000000   -173.71000000   25.73762546   99.74737213   1.72416818   -0.54443043   
5.50000000   279.55000000   53.00000000   -173.71000000   25.76419357   99.73876197   1.62254469   -0.57533486   
5.50000000   279.55000000   53.00000000   -173.71000000   25.74964209   99.74139343   1.99989484   -0.55978285   
5.50000000   279.55000000   53.00000000   -173.71000000   25.71833055   99.73972969   1.86289255   -0.51045523   
5.50000000   279.55000000   53.00000000   -173.71000000   25.71669003   99.74019963   1.51457357   -0.42820987   
5.50000000   279.55000000   53.00000000   -173.71000000   25.72277056   99.75451761   1.59867596   -0.37260706   
5.50000000   279.55000000   53.00000000   -173.71000000   25.72317194   99.75179783   1.49054161   -0.45806807   
5.50000000   279.55000000   53.00000000   -173.71000000   25.72841902   99.74778389   1.78773066   -0.50573095   
5.50000000   279.55000000   53.00000000   -173.71000000   25.76233790   99.74256562   1.40784212   -0.48824537   
5.50000000   279.55000000   53.00000000   -173.71000000   25.76792970   99.74128262   1.31438634   -0.47339290   
5.50000000   279.55000000   53.00000000   -173.71000000   25.74271909   99.73112256   1.18779245   -0.57922999   
5.50000000   279.55000000   53.00000000   -173.71000000   25.75126542   99.74056273   1.20774248   -0.38298522   
5.50000000   279.55000000   53.00000000   -173.71000000   25.73602599   99.75746542   1.46540397   -0.46629256   
5.50000000   279.55000000   53.00000000   -173.71000000   25.72719249   99.73264818   1.15814007   -0.33689669   
5.50000000   279.55000000   53.00000000   -173.71000000   25.74254704   99.74588867   1.16454288   -0.43957430   
5.50000000   279.55000000   53.00000000   -173.71000000   25.74929062   99.74708401   1.37064383   -0.43576722   
5.50000000   279.55000000   53.00000000   -173.71000000   25.73218911   99.73801565   1.38172664   -0.42199509   
5.50000000   279.55000000   53.00000000   -173.71000000   25.72853640   99.73372168   1.08342898   -0.46589285   
5.50000000   279.55000000   53.00000000   -173.71000000   25.70554263   99.75025579   1.00866177   -0.51611917   
5.50000000   279.55000000   53.00000000   -173.71000000   25.72555652   99.74788026   1.36990218   -0.46250059   
5.50000000   279.55000000   53.00000000   -173.71000000   25.71396428   99.74912138   1.05512988   -0.39406430   
5.50000000   279.55000000   53.00000000   -173.71000000   25.71000777   99.76166998   1.09732199   -0.44752645   
5.50000000   279.55000000   53.00000000   -173.71000000   25.71847969   99.73912669   1.12541688   -0.52065424   
5.50000000   279.55000000   53.00000000   -173.71000000   25.71223594   99.71740770   1.16226712   -0.56917590   
5.50000000   279.55000000   53.00000000   -173.71000000   25.73116794   99.71649372   1.68986312   -0.54519082   
5.50000000   279.55000000   53.00000000   -173.71000000   25.73513637   99.75145129   1.61207762   -0.38107733   
5.50000000   279.55000000   53.00000000   -173.71000000   25.74916463   99.74022302   1.79064179   -0.37603184   
5.50000000   279.55000000   53.00000000   -173.71000000   25.75737793   99.74566651   1.83951975   -0.39747546   
5.50000000   279.55000000   53.00000000   -173.71000000   25.74561219   99.74687162   1.89347430   -0.34088699   
5.50000000   279.55000000   53.00000000   -173.71000000   25.71510243   99.73520943   1.36949220   -0.23904179   
5.50000000   279.55000000   53.00000000   -173.71000000   25.71336282   99.75581010   1.45216320   -0.29563969   
5.50000000   279.55000000   53.00000000   -173.71000000   25.71080888   99.75586246   1.48365483   -0.30921827   
5.50000000   279.55000000   53.00000000   -173.71000000   25.73183428   99.75393739   1.26762663   -0.31392054   
5.50000000   279.55000000   53.00000000   -173.71000000   25.71505626   99.74788529   1.29641486   -0.45389671   
5.50000000   279.55000000   53.00000000   -173.71000000   25.72589828   99.72115350   1.11923762   -0.46642170   
5.50000000   279.55000000   53.00000000   -173.71000000   25.71323352   99.73445497   1.09458170   -0.51690625   
5.50000000   279.55000000   53.00000000   -173.71000000   25.72029889   99.73367907   1.53050588   -0.61442022   
5.50000000   279.55000000   53.00000000   -173.71000000   25.73981570   99.73927371   1.57145241   -0.68404625   
5.50000000   279.55000000   53.00000000   -173.71000000   25.72309646   99.72274866   1.37020087   -0.77539428   
5.50000000   279.55000000   53.00000000   -173.71000000   25.72715181   99.70667888   1.22115797   -0.76221281   
5.50000000   279.55000000   53.00000000   -173.71000000   25.75966242   99.72649702   1.21297685   -0.64732381   
5.50000000   279.55000000   53.00000000   -173.71000000   25.75196988   99.75722375   1.23149464   -0.56341782   
5.50000000   279.55000000   53.00000000   -173.71000000   25.72076463   99.74978806   1.39546941   -0.48243417   
5.50000000   279.55000000   53.00000000   -173.71000000   25.72320069   99.76104374   1.18231159   -0.46792304   
5.50000000   279.55000000   53.00000000   -173.71000000   25.70154900   99.75304511   1.61437070   -0.65998409   
5.50000000   279.55000000   53.00000000   -173.71000000   25.73063937   99.74884503   1.72546548   -0.82798335   
5.50000000   279.55000000   53.00000000   -173.71000000   25.73726413   99.73865061   2.20605852   -0.73994213   
5.50000000   279.55000000   53.00000000   -173.71000000   25.74217931   99.74038955   2.31231476   -0.68953237   
5.50000000   279.55000000   53.00000000   -173.71000000   25.74344572   99.73176280   2.71186455   -0.75485636   
5.50000000   279.55000000   53.00000000   -173.71000000   25.74506598   99.75703304   2.08014633   -0.75325234   
5.50000000   279.55000000   53.00000000   -173.71000000   25.73306184   99.76177330   2.20082464   -0.70540182   
5.50000000   279.55000000   53.00000000   -173.71000000   25.72212044   99.74093618   2.29029516   -0.71244260   
5.50000000   279.55000000   53.00000000   -173.71000000   25.73960680   99.75730178   2.09507702   -0.82196290   
5.50000000   279.55000000   53.00000000   -173.71000000   25.73977902   99.76749586   1.02367543   -0.77886551   
5.50000000   279.55000000   53.00000000   -173.71000000   25.70302074   99.75091059   1.10820212   -0.78386498   
5.50000000   279.55000000   53.00000000   -173.71000000   25.75084486   99.75266705   1.16289424   -0.77635376   
5.50000000   279.55000000   53.00000000   -173.71000000   25.73843217   99.74264453   1.29983398   -0.81662688   
5.50000000   279.55000000   53.00000000   -173.71000000   25.71126285   99.72215488   1.45463849   -0.73146440   
5.50000000   279.55000000   53.00000000   -173.71000000   25.70656159   99.73664530   1.76003653   -0.57376586   
5.50000000   279.55000000   53.00000000   -173.71000000   25.72102373   99.72078844   1.85543879   -0.79269354   
5.50000000   279.55000000   53.00000000   -173.71000000   25.72794078   99.71793025   1.72558337   -0.87084987   
5.50000000   279.55000000   53.00000000   -173.71000000   25.74514655   99.71729906   1.26143436   -0.86387122   
5.50000000   279.55000000   53.00000000   -173.71000000   25.70805914   99.73804666   1.56138542   -0.81576658   
5.50000000   279.55000000   53.00000000   -173.71000000   25.71684869   99.72031268   1.88769773   -0.72901016   
5.50000000   279.55000000   53.00000000   -173.71000000   25.73139193   99.74249702   1.26709057   -0.82787098   
5.50000000   279.55000000   53.00000000   -173.71000000   25.70929205   99.72543862   1.50289595   -0.69759200   
5.50000000   279.55000000   53.00000000   -173.71000000   25.73550684   99.72951421   1.14444215   -0.78638120   
5.50000000   279.55000000   53.00000000   -173.71000000   25.74354576   99.73722962   1.04189653   -0.76583685   
5.50000000   279.55000000   53.00000000   -173.71000000   25.72976891   99.72448714   1.02649140   -0.57307892   
5.50000000   279.55000000   53.00000000   -173.71000000   25.73240025   99.74094744   1.11328556   -0.42260150   
5.50000000   279.55000000   53.00000000   -173.71000000   25.71756291   99.74382967   1.02307474   -0.44163934   
5.50000000   279.55000000   53.00000000   -173.71000000   25.72247366   99.74432786   1.34409651   -0.59766668   
5.50000000   279.55000000   53.00000000   -173.71000000   25.72788020   99.76643586   1.73049657   -0.63740942   
5.50000000   279.55000000   53.00000000   -173.71000000   25.70304662   99.74634669   1.28089726   -0.49657718   
5.50000000   279.55000000   53.00000000   -173.71000000   25.71202768   99.72724746   1.28630177   -0.64564054   
5.50000000   279.55000000   53.00000000   -173.71000000   25.70218709   99.75423639   1.66909342   -0.63215730   
5.50000000   279.55000000   53.00000000   -173.71000000   25.70520647   99.75687410   1.51135468   -0.58411348   
5.50000000   279.55000000   53.00000000   -173.71000000   25.72149286   99.77331874   1.08673894   -0.52673253   
5.50000000   279.55000000   53.00000000   -173.71000000   25.70366174   99.77140004   1.12272251   -0.52092998   
5.50000000   279.55000000   53.00000000   -173.71000000   25.69561869   99.74952092   1.50819528   -0.44824886   
5.50000000   279.55000000   53.00000000   -173.71000000   25.71015470   99.73879428   2.14931549   -0.43536922   
5.50000000   279.55000000   53.00000000   -173.71000000   25.71547239   99.73817152   2.26722293   -0.38186680   
5.50000000   279.55000000   53.00000000   -173.71000000   25.70004179   99.73907930   2.11034895   -0.36660951   
5.50000000   279.55000000   53.00000000   -173.71000000   25.72444989   99.73406566   1.99037536   -0.39159119   
5.50000000   279.55000000   53.00000000   -173.71000000   25.71756489   99.73554210   1.48464851   -0.36558877   
5.50000000   279.55000000   53.00000000   -173.71000000   25.70497779   99.75144891   1.16527169   -0.46138281   
5.50000000   279.55000000   53.00000000   -173.71000000   25.72394720   99.73977175   1.08181452   -0.50322485   
5.50000000   279.55000000   53.00000000   -173.71000000   25.71533802   99.74203108   1.18113025   -0.38878563   
5.50000000   279.55000000   53.00000000   -173.71000000   25.71808262   99.74718886   1.21255317   -0.33472879   
5.50000000   279.55000000   53.00000000   -173.71000000   25.73623916   99.74955513   1.01903512   -0.17146249   
5.50000000   279.55000000   53.00000000   -173.71000000   25.73497307   99.76087510   1.15112357   -0.10093668   
5.50000000   279.55000000   53.00000000   -173.71000000   25.74255615   99.74598008   1.70455243   -0.22996440   
5.50000000   279.55000000   53.00000000   -173.71000000   25.75243763   99.72949845   1.70666662   -0.37539218   
5.50000000   279.55000000   53.00000000   -173.71000000   25.74387464   99.72779381   1.83977057   -0.40047197   
5.50000000   279.55000000   53.00000000   -173.71000000   25.76001550   99.73355927   2.18109610   -0.61400468   
5.50000000   279.55000000   53.00000000   -173.71000000   25.73541454   99.74728643   1.95633844   -0.57250567   
5.50000000   279.55000000   53.00000000   -173.71000000   25.75293278   99.74265013   1.35067182   -0.54153264   
5.50000000   279.55000000   53.00000000   -173.71000000   25.75620502   99.74517332   1.07817184   -0.77103717   
5.50000000   279.55000000   53.00000000   -173.71000000   25.75825222   99.73796002   1.15333069   -0.90314123   
5.50000000   279.55000000   53.00000000   -173.71000000   25.75398028   99.71964386   1.29200742   -0.90468005   
5.50000000   279.55000000   53.00000000   -173.71000000   25.75193466   99.71300252   1.06942901   -0.70748954   
5.50000000   279.55000000   53.00000000   -173.71000000   25.76010408   99.70402890   1.07141538   -0.78261314   
5.50000000   279.55000000   53.00000000   -173.71000000   25.77164066   99.72981099   1.08960937   -0.80579666   
5.50000000   279.55000000   53.00000000   -173.71000000   25.75817952   99.74396433   1.83579370   -0.85660957   
5.50000000   279.55000000   53.00000000   -173.71000000   25.74345330   99.75618514   1.03548899   -0.74952560   
5.50000000   279.55000000   53.00000000   -173.71000000   25.71968698   99.72399843   1.19799813   -0.68526059   
5.50000000   279.55000000   53.00000000   -173.71000000   25.74511673   99.73579542   1.22149446   -0.50547875   
5.50000000   279.55000000   53.00000000   -173.71000000   25.72870470   99.73563051   1.23009601   -0.56756469   
5.50000000   279.55000000   53.00000000   -173.71000000   25.72795542   99.75672049   1.42282624   -0.49233486   
5.50000000   279.55000000   53.00000000   -173.71000000   25.74159438   99.74268102   1.36290006   -0.51075130   
5.50000000   279.55000000   53.00000000   -173.71000000   25.73252033   99.73969917   1.41118727   -0.61355140   
5.50000000   279.55000000   53.00000000   -173.71000000   25.74060745   99.73399518   1.47331431   -0.50672623   
5.50000000   279.55000000   53.00000000   -173.71000000   25.72255572   99.74979522   1.01102548   -0.56642198   
5.50000000   279.55000000   53.00000000   -173.71000000   25.74575299   99.75357408   1.06973832   -0.56082534   
5.50000000   279.55000000   53.00000000   -173.71000000   25.73665559   99.73949573   1.35693358   -0.50382152   
5.50000000   279.55000000   53.00000000   -173.71000000   25.73726714   99.73915463   1.12072254   -0.42414415   
5.50000000   279.55000000   53.00000000   -173.71000000   25.72082657   99.74251482   1.17177557   -0.35313972   
5.50000000   279.55000000   53.00000000   -173.71000000   25.73009704   99.73478198   1.64768122   -0.32639024   
5.50000000   279.55000000   53.00000000   -173.71000000   25.71950474   99.75176531   1.56480525   -0.27786853   
5.50000000   279.55000000   53.00000000   -173.71000000   25.71640374   99.76178700   1.07730102   -0.50186639   
5.50000000   279.55000000   53.00000000   -173.71000000   25.71426020   99.75527286   1.12055292   -0.53761324   
5.50000000   279.55000000   53.00000000   -173.71000000   25.71770163   99.74525553   1.73922066   -0.54480080   
