1813.91069637   
1594.27551930   
1500.51308863   
1371.33581414   
1368.76463018   
1333.49915814   
1319.16795218   
1291.75147706   
1259.96272362   
1224.90611422   
1216.19809400   
1209.08253503   
1195.25018964   
1196.40794699   
1192.06166601   
1185.28478492   
1180.62323759   
1180.15708861   
1178.41459223   
1169.14799049   
1169.07439526   
1174.90659057   
1172.41956577   
1170.47113916   
1175.39013902   
1169.62237515   
1168.28028466   
1169.08526866   
1168.45535911   
1175.37178322   
1176.21945207   
1168.54004904   
1171.71132379   
1169.76261806   
1171.54657509   
1166.35587468   
1165.63581630   
1168.49517605   
1164.11568497   
1163.53828169   
1162.72518630   
1166.24160079   
1162.88615635   
1164.71209431   
1164.93500706   
1162.71352914   
1161.79158601   
1169.97083113   
1168.92985836   
1165.35665168   
1165.65097102   
1169.14319370   
1161.36419343   
1170.50387842   
1170.26895911   
1164.44572817   
1170.46819785   
1174.00295723   
1172.33137924   
1172.43482245   
1169.31735102   
1166.02544435   
1167.59421422   
1165.98451296   
1164.42528706   
1165.91933186   
1167.48575494   
1171.29958885   
1169.49741612   
1165.92727873   
1165.68259269   
1166.02850961   
1162.72449754   
1162.07756095   
1164.33348693   
1169.13993338   
1169.51728390   
1169.78971824   
1161.19203906   
1161.31540594   
1163.43064987   
1164.72490774   
1161.00047739   
1161.67438655   
1161.34024815   
1162.63822616   
1167.57230371   
1169.76670500   
1166.17018022   
1163.50074494   
1162.90522117   
1166.13491805   
1166.42330057   
1166.72348496   
1162.25301200   
1163.90064650   
1164.04140421   
1166.70384181   
1166.28602334   
1170.78447272   
1170.39639001   
1171.98146592   
1175.71401437   
1163.13313267   
1161.37641222   
1161.47533433   
1162.15218241   
1161.83771046   
1162.38764835   
1162.26683068   
1162.64368551   
1160.85297239   
1162.88213497   
1161.04422970   
1163.56964652   
1166.43298262   
1168.31321751   
1164.05103257   
1169.54622831   
1162.35596966   
1162.82294129   
1165.74190945   
1169.59725464   
1166.03751290   
1167.73881982   
1167.16264377   
1163.79487862   
1166.85695229   
1164.88043795   
1168.00584608   
1164.81770262   
1164.19225803   
1162.67464182   
1161.06837465   
1161.20808782   
1164.48596050   
1166.73574936   
1170.11910326   
1168.93554018   
1168.63391687   
1169.39207749   
1163.28724106   
1170.35826804   
1174.15803598   
1178.22300768   
1180.15496851   
1171.64998052   
1172.39239604   
1178.07665095   
1178.90647644   
1168.41298506   
1170.08161339   
1168.86109160   
1168.69996855   
