1106.67908687   
1072.56686309   
1073.62660149   
1032.04313211   
964.72745923   
851.01009437   
836.27162236   
813.75586518   
762.09103493   
712.38914295   
693.39736349   
669.55535531   
671.47781743   
648.24322303   
636.06637302   
613.79125432   
583.07656693   
574.81632451   
569.48794792   
562.51606679   
555.76629974   
551.07034642   
551.82431824   
554.86765262   
550.97899857   
549.67089914   
542.86727152   
545.79217293   
544.29626685   
544.65133486   
545.55281339   
543.27072652   
543.57023978   
542.52838519   
548.63596098   
546.12173160   
549.59676494   
548.14548872   
548.47776208   
545.87616801   
540.96036139   
532.41421845   
529.88311491   
525.98517403   
524.95185813   
522.13811652   
520.94993340   
519.80869369   
519.57922419   
521.50943089   
516.51268955   
515.55358369   
516.93972276   
520.63996481   
522.32094768   
523.66076766   
524.62716004   
524.46841632   
523.92285814   
522.51535802   
520.81976819   
522.34290184   
525.17230535   
527.11748745   
522.45295335   
518.92639973   
521.68089062   
520.16764002   
521.33391867   
519.06957323   
521.16558210   
522.15760280   
522.66351220   
523.82467363   
522.86470277   
523.02218540   
526.76183257   
522.35557499   
522.70131180   
519.77131396   
521.02542628   
522.64738482   
522.92334604   
522.55987337   
516.72369083   
517.26768175   
518.38484730   
517.21389883   
517.03018329   
519.13576598   
518.94540449   
518.58953353   
521.48641216   
524.98571116   
520.84715684   
524.67182220   
524.83790958   
521.02851549   
523.48616645   
523.21831513   
523.10373751   
523.29956598   
522.35365466   
517.48292335   
518.42553728   
523.74432672   
521.32429710   
522.42942485   
520.10311777   
517.23601559   
518.30378309   
517.41926563   
517.63324250   
517.82748839   
517.70271344   
517.53952647   
523.60036624   
522.57275691   
524.43772466   
518.93556276   
521.80787785   
517.15052748   
519.28035035   
517.91651170   
519.49180404   
522.66132479   
525.54396223   
525.66017716   
520.79383878   
523.30572908   
522.71630641   
524.82199155   
525.77552739   
525.40513400   
520.00732663   
521.55287395   
519.59784546   
520.09163927   
522.98971928   
524.95579132   
521.75531536   
521.03994344   
519.68392774   
520.23097251   
520.71180945   
519.39933709   
519.18053867   
517.47023691   
521.58009248   
518.60591819   
519.50654350   
517.81592053   
520.25831359   
519.90470582   
521.03166700   
517.82884842   
523.34158142   
523.32563011   
520.49677939   
521.45640460   
522.71936387   
519.16395015   
525.39024750   
522.22526964   
521.95419394   
521.19998921   
520.34487766   
516.47556086   
519.33998528   
517.90287854   
516.94282988   
519.13388689   
524.17977942   
527.92670662   
521.96081638   
517.76411918   
517.89125074   
517.92810770   
518.59550364   
519.86506115   
519.45010837   
515.77578807   
520.40589110   
520.96723187   
518.20060506   
520.44267187   
521.55678247   
516.17211366   
516.69891269   
518.81870301   
519.69956797   
519.66694647   
521.70336290   
520.07193274   
518.22075128   
517.29184985   
519.48307390   
522.21857649   
524.02245900   
523.39911362   
519.38285950   
517.24842118   
521.27694588   
521.95820235   
521.08796392   
519.09287279   
521.09019869   
522.57621457   
522.36886295   
520.96997051   
516.90396856   
517.97138027   
520.23245469   
520.83025987   
523.56707961   
522.05541162   
519.00059712   
516.19879859   
516.90913533   
517.98472568   
522.45948531   
518.82590624   
521.55547756   
524.33247169   
526.43272656   
520.35585263   
523.70694981   
522.82208096   
517.35720874   
517.02591987   
516.76081566   
522.15236668   
520.72975715   
519.83874175   
518.89532678   
521.59309760   
519.25507342   
517.14195601   
519.06710025   
516.33422088   
518.12457240   
520.69044402   
519.38043789   
521.43206302   
524.39552281   
526.73888735   
525.69947446   
522.32485544   
522.13030876   
521.85191287   
519.88587981   
522.03745727   
520.55618344   
521.61217301   
527.90428415   
520.64693556   
518.39968050   
521.49925846   
521.98165108   
522.62977829   
519.64812341   
516.35014352   
516.64797584   
516.25739578   
517.83167198   
521.30999975   
521.38319676   
516.61155658   
517.39335134   
521.58421842   
523.02845724   
522.46215703   
522.82040433   
517.06314733   
521.29033026   
520.58414044   
530.37779041   
524.52774415   
524.73085647   
521.77850519   
521.11632741   
521.87756753   
519.66692361   
521.93895733   
520.74169858   
518.73334105   
517.05146454   
520.35029921   
519.90541706   
519.91955865   
522.13533091   
523.05669905   
525.68948664   
527.79368242   
529.65714166   
524.59210825   
519.65951411   
528.78312596   
525.00610016   
525.03961672   
526.42228237   
525.07525923   
523.91395996   
523.75183382   
523.16450048   
526.63122163   
519.48115302   
519.04916025   
520.28799776   
518.90550900   
520.62020445   
521.49515267   
518.41908579   
517.22958069   
520.02258720   
520.06657998   
520.32400766   
521.28732339   
518.01950357   
521.37098118   
524.73632825   
524.19296494   
522.22571478   
523.10168362   
521.04129933   
528.40833891   
527.40591052   
527.38801213   
529.08861033   
524.46214530   
522.51387430   
520.05119630   
520.16494807   
519.61559003   
522.71918233   
520.13255664   
518.29878632   
518.99455806   
522.60940333   
519.76291869   
519.49453388   
521.09301443   
521.27011076   
520.61770473   
519.25567025   
519.94440268   
520.66827253   
521.75424059   
525.67759200   
525.45877680   
520.76484580   
520.38284799   
527.15351485   
530.20392415   
531.28937884   
526.11030277   
523.13067298   
521.53477102   
525.35451540   
523.35307077   
522.05567593   
522.00967564   
523.61982458   
525.79134526   
525.25696320   
525.05188768   
522.56252945   
519.49692970   
522.79411310   
522.73625689   
521.24777400   
520.07945798   
520.02810573   
520.50055803   
520.93422930   
521.21968914   
520.12009597   
518.44916834   
518.56656120   
517.49242400   
518.21891578   
522.81529315   
520.67203892   
522.12082305   
522.17680234   
519.71533804   
522.96768847   
522.87807790   
520.37565475   
521.21922224   
524.69920170   
526.97150508   
522.42767018   
523.62265400   
520.67904684   
523.16957548   
523.16892629   
522.33923850   
522.20765722   
524.53309914   
524.58021707   
525.93596354   
528.00803082   
523.43871354   
521.68459721   
523.85053757   
521.97226575   
525.09515702   
522.71013851   
521.33591316   
521.84349210   
524.57770883   
523.61412720   
524.52365719   
523.88706622   
523.50731957   
523.29325118   
523.86818430   
527.23157783   
525.76117741   
527.61382016   
519.98188285   
519.34732316   
519.32663321   
