1106.67908687   
1122.27165703   
1072.56686309   
1089.81260113   
1073.62660149   
1159.60716982   
1032.04313211   
964.72745923   
851.01009437   
867.59476846   
836.27162236   
912.54186610   
851.20151539   
813.75586518   
840.11347875   
848.43854438   
762.09103493   
712.38914295   
748.93448494   
693.39736349   
698.65072770   
669.55535531   
704.31670164   
671.47781743   
706.17752556   
675.37157266   
693.91564973   
648.24322303   
679.09349504   
700.95295524   
659.39405890   
636.06637302   
613.79125432   
643.27901342   
632.30052657   
632.21462912   
583.07656693   
574.81632451   
587.90719990   
581.81042095   
597.12554955   
569.48794792   
562.51606679   
576.24512192   
585.16651443   
581.20263280   
555.76629974   
563.73798556   
551.07034642   
552.42911288   
552.55120639   
557.87603344   
557.53932385   
551.82431824   
558.77752677   
565.01924838   
554.86765262   
550.97899857   
559.62543763   
549.67089914   
542.86727152   
552.07606808   
545.79217293   
544.29626685   
559.53473570   
547.68799661   
546.70276105   
544.65133486   
545.55281339   
543.27072652   
551.08158406   
546.38039419   
543.57023978   
548.42751294   
542.52838519   
548.89274587   
556.28847914   
548.63596098   
546.12173160   
546.88463359   
548.19362267   
548.15180871   
562.40185336   
549.59676494   
568.21613078   
548.14548872   
548.47776208   
556.27714329   
545.87616801   
550.12300138   
557.07037785   
540.96036139   
542.78070908   
532.41421845   
529.88311491   
541.51060714   
525.98517403   
524.95185813   
536.38015794   
530.86032068   
533.03228654   
528.73271626   
538.58213940   
529.19728156   
534.37745961   
532.52462441   
551.91735720   
533.53392699   
527.19867356   
532.54814297   
529.00955545   
522.13811652   
520.94993340   
527.51425342   
535.31120957   
522.95661043   
531.49677248   
530.46783672   
519.80869369   
519.57922419   
521.50943089   
516.51268955   
525.03634042   
523.70480599   
530.68701552   
547.51551770   
521.29248611   
521.64577198   
515.55358369   
523.05256219   
520.63595527   
518.52114895   
522.55674322   
519.43415960   
540.79796854   
528.98359419   
525.83021722   
518.96870833   
516.82524229   
520.94843799   
518.80036071   
517.67063476   
525.32044692   
521.89394331   
530.27859111   
527.48712567   
519.63958107   
523.00006831   
517.78318989   
530.82459990   
527.08145107   
532.54417004   
520.10755216   
517.12173046   
520.89602088   
516.93972276   
526.31664463   
519.86575382   
521.10140881   
529.07870008   
530.46532694   
525.71122067   
526.80849762   
520.63996481   
522.32094768   
529.53287311   
523.66076766   
524.62716004   
538.32464841   
524.46841632   
525.94920977   
531.35316398   
523.92285814   
530.04349305   
528.06834506   
528.42306848   
525.84515022   
528.59670700   
532.07246183   
526.17360337   
531.74069749   
526.25279991   
528.50894476   
528.31156107   
522.51535802   
525.84026394   
527.46176053   
531.31310159   
527.61600068   
532.25111240   
533.66415567   
531.94096526   
520.81976819   
522.34290184   
534.01304137   
528.05285452   
527.88769775   
527.61149873   
541.58803795   
536.44325471   
526.95194022   
536.47533461   
525.17230535   
535.04909797   
541.12673876   
527.11748745   
533.41566264   
535.10170223   
531.08434599   
530.17097591   
522.45295335   
525.86631607   
530.54484939   
533.63622165   
518.92639973   
531.03523432   
523.28340288   
527.95520237   
520.67060654   
520.53286538   
521.68089062   
524.52133372   
520.16764002   
523.14910354   
523.38651111   
521.33391867   
536.26710464   
519.06957323   
521.69037201   
521.16558210   
529.61807919   
522.79550229   
522.15760280   
525.23730478   
522.66351220   
525.37025588   
524.79819281   
523.82467363   
522.86470277   
523.02218540   
539.70143287   
526.76183257   
541.07280511   
522.35557499   
537.80686863   
531.06529052   
522.70131180   
524.57240012   
529.57634590   
519.77131396   
522.16549278   
533.07926819   
521.02542628   
523.51373614   
525.65800503   
532.38956214   
528.97835867   
526.78615605   
530.71336097   
529.78546954   
523.78100665   
539.16539921   
528.53672249   
522.64738482   
524.72593877   
545.03855325   
522.92334604   
522.55987337   
530.06250039   
525.64502368   
525.00904669   
516.72369083   
526.32210849   
526.31388499   
525.48316613   
527.17439488   
521.69935575   
517.26768175   
518.38484730   
521.23748819   
529.93896108   
522.34998513   
523.36309118   
526.08815540   
529.58454379   
522.76584190   
521.37654728   
524.21222702   
525.55607968   
529.53078634   
541.03787487   
520.47895165   
526.89220840   
548.57830419   
540.80803157   
521.11647964   
517.21389883   
527.92149229   
521.35858017   
517.03018329   
521.67559244   
518.13480363   
519.13576598   
530.56728848   
522.22332870   
527.02143850   
518.94540449   
518.58953353   
521.48641216   
532.99306957   
524.98571116   
527.38173475   
528.01492528   
520.84715684   
524.01591787   
527.76721797   
525.26218943   
524.93461946   
526.64879249   
527.51548141   
524.67182220   
536.82389614   
524.83790958   
528.02844414   
526.20753685   
521.02851549   
522.66110000   
523.48616645   
523.21831513   
530.43849082   
528.93676826   
534.58517310   
528.79861114   
531.20642876   
523.10373751   
534.11365132   
525.02832723   
523.54600341   
523.29956598   
529.27957452   
538.09115184   
529.37611710   
530.22854194   
530.40554405   
522.35365466   
526.34764907   
517.48292335   
521.64291642   
523.62271994   
520.23499140   
524.61834977   
532.28294805   
528.70593072   
527.78915878   
519.67098450   
530.15819486   
531.43405196   
519.46842991   
524.58010383   
521.11143246   
518.42553728   
523.51890822   
526.05711900   
519.92086662   
523.74432672   
526.32755817   
526.16217632   
527.88567061   
521.32429710   
532.09872632   
522.42942485   
524.67510995   
520.10311777   
524.20500960   
532.08601949   
531.03169564   
517.23601559   
518.30378309   
522.23644115   
517.41926563   
521.48640149   
527.64757199   
517.63324250   
517.82748839   
527.30537746   
523.00204530   
522.62987631   
517.70271344   
525.39494194   
532.85966561   
518.03130018   
520.85123838   
520.85606875   
525.01407490   
517.53952647   
530.74653749   
525.61824460   
519.96632439   
517.89536484   
525.98929271   
534.03909856   
524.81239693   
525.58166546   
524.88983578   
521.26679829   
520.52823824   
523.62501962   
531.77456804   
518.75478522   
520.31369238   
523.56420645   
521.96175471   
522.10659214   
525.49672990   
528.96716375   
519.95849919   
521.69687198   
523.72261716   
522.71357262   
523.60036624   
536.56713289   
524.78065801   
522.57275691   
526.76487453   
524.90233154   
524.43772466   
525.61945875   
531.02034331   
518.93556276   
521.80787785   
517.15052748   
520.65013387   
522.88341198   
523.28384722   
526.84613122   
528.11184934   
519.28035035   
522.55672145   
517.91651170   
518.91107873   
519.49180404   
522.66132479   
525.54396223   
525.66017716   
520.79383878   
523.30572908   
525.87850693   
522.71630641   
525.29948252   
529.60067363   
524.82199155   
525.77552739   
525.40513400   
541.81772236   
520.00732663   
523.62189799   
521.55287395   
528.28324206   
523.24287676   
519.59784546   
525.24482221   
525.84494484   
523.32695737   
522.76994063   
520.09163927   
533.09133150   
541.55975846   
522.98971928   
525.67944832   
524.95579132   
529.59578142   
546.03159045   
521.75531536   
521.03994344   
519.68392774   
524.50094595   
520.23097251   
526.86133149   
520.71180945   
528.98309108   
525.55849592   
519.39933709   
519.18053867   
528.83266537   
521.11083370   
522.37507293   
517.47023691   
521.58009248   
518.60591819   
519.50654350   
528.66738233   
521.77079246   
522.58072996   
517.81592053   
520.25831359   
523.08457404   
534.53554052   
529.78903665   
527.54993058   
519.90470582   
523.53055286   
528.10518276   
521.57457419   
534.70705417   
527.94417395   
527.31960618   
521.03166700   
532.26697547   
531.03496248   
555.96507709   
517.82884842   
520.90143745   
528.81361069   
526.47102574   
521.62139464   
522.27983767   
522.19778447   
523.34158142   
536.21175640   
523.63132059   
523.32563011   
527.57295993   
538.57936259   
527.80337948   
520.49677939   
529.24234269   
521.45640460   
530.51056240   
524.92847136   
522.71936387   
540.29001817   
537.25398971   
532.98661321   
533.44862296   
528.29281083   
564.33501129   
533.63934618   
519.16395015   
532.92943579   
526.70797062   
523.53427292   
521.20498500   
524.38905593   
525.72488785   
525.75183429   
525.39024750   
542.69413786   
522.22526964   
530.84748491   
521.95419394   
524.75287341   
521.19998921   
530.23011758   
528.53242583   
526.71448801   
530.10415144   
534.45612993   
523.82681938   
529.74731599   
536.78477620   
520.34487766   
516.47556086   
536.48507371   
520.91188869   
521.45758123   
522.43691848   
521.35212419   
519.87261501   
540.79109559   
520.59893712   
529.14055565   
520.32655040   
519.33998528   
536.21021498   
517.90287854   
522.16871696   
528.98387003   
522.51091053   
519.01586323   
516.94282988   
524.21293769   
539.07423919   
524.47093558   
518.95814131   
524.01262056   
520.73316169   
522.53759213   
518.23820752   
525.87438139   
523.15963255   
529.72222059   
520.88030168   
525.46740067   
525.51851094   
519.13388689   
528.76034940   
524.17977942   
527.92670662   
545.70494101   
521.96081638   
525.53230944   
523.28264346   
539.88631114   
528.04083495   
529.87564114   
531.36235433   
541.59901302   
529.25861299   
517.76411918   
530.44948088   
528.67100021   
521.07294679   
526.10679029   
522.87513289   
520.73214536   
518.52406105   
517.89125074   
520.50228454   
526.85916869   
517.92810770   
522.00688232   
522.17379304   
523.31286103   
523.11653715   
519.28248542   
525.14197050   
524.74870435   
531.89865161   
523.13791090   
520.01468594   
524.50819957   
521.27595294   
523.56458141   
524.62610600   
521.06235378   
524.18100415   
531.04041571   
519.08406171   
524.64987033   
518.59550364   
520.30913673   
526.52053447   
525.94287055   
523.78356041   
521.68341735   
532.27019751   
531.18406809   
530.52733206   
519.86506115   
528.28421444   
519.45010837   
522.63522322   
515.77578807   
520.30802715   
520.40589110   
523.18541429   
520.96723187   
522.70477966   
534.87581856   
533.26634395   
532.23313690   
528.10600581   
518.20060506   
522.14951445   
522.83094465   
520.44267187   
521.77758123   
523.73599090   
527.33481252   
533.16649142   
523.18824091   
521.55678247   
530.14513040   
516.17211366   
520.79492727   
526.29962077   
524.81088452   
527.91390014   
521.75668392   
520.93387792   
516.69891269   
524.23270034   
518.81870301   
519.69956797   
527.58659503   
521.77823398   
524.18346779   
524.45879766   
519.66694647   
521.70336290   
526.06066904   
520.07193274   
521.39588430   
525.17098598   
522.24635956   
530.45190649   
529.57504593   
526.03668071   
525.26201746   
518.22075128   
525.52955940   
517.29184985   
538.41881102   
526.49056881   
529.11412134   
519.48307390   
553.20529579   
587.80184943   
522.14865539   
529.75327970   
523.23075158   
524.90168858   
524.44902749   
542.83941199   
522.21857649   
537.43193328   
534.28053633   
535.90656202   
530.86876032   
525.03869498   
538.21545405   
527.78612384   
524.02245900   
530.85689603   
533.17184982   
526.95576291   
523.39911362   
519.38285950   
536.80029208   
527.37417812   
527.78985683   
520.75805584   
532.10433238   
540.07620027   
520.20550145   
525.06809213   
517.24842118   
521.27694588   
521.95820235   
524.14425076   
525.75611025   
527.32061798   
533.06449726   
525.95021103   
521.08796392   
538.51181796   
533.74320221   
528.63283370   
519.09287279   
527.89419269   
521.09019869   
526.17839617   
522.57621457   
534.15939702   
522.36886295   
529.65304176   
525.85397614   
524.92168407   
536.14358832   
520.96997051   
522.10740982   
516.90396856   
521.38115537   
525.77116060   
523.82672521   
524.92260340   
524.42612894   
517.97138027   
520.23245469   
520.83025987   
523.56707961   
522.05541162   
519.00059712   
523.23395255   
516.19879859   
524.28680738   
526.67175926   
522.60877889   
516.90913533   
523.80774068   
517.98472568   
532.02197360   
525.12274229   
545.61456912   
525.24103237   
521.49539856   
524.68001671   
522.79379418   
522.45948531   
533.43138414   
518.82590624   
521.55547756   
524.33247169   
526.43272656   
520.35585263   
527.83781213   
526.20623345   
531.79316286   
522.87082318   
526.91318860   
523.70694981   
527.33626684   
522.82208096   
530.04558810   
532.66717436   
542.91068641   
540.69043310   
517.35720874   
520.22654788   
523.25284444   
517.02591987   
531.42350939   
516.76081566   
523.42664938   
517.95605982   
518.67291108   
522.15236668   
520.72975715   
523.32576121   
519.83874175   
518.89532678   
523.13261165   
529.33751371   
521.59309760   
527.25692115   
519.25507342   
521.92582683   
517.14195601   
530.78820458   
530.58390197   
527.59284216   
519.93266276   
519.06710025   
516.33422088   
519.75413553   
520.23742114   
527.81083747   
518.12457240   
521.97581435   
523.23169114   
520.33390392   
523.37381720   
529.87210200   
529.83573395   
528.76380266   
520.59852960   
520.69044402   
519.38043789   
526.91289618   
521.43206302   
524.39552281   
526.73888735   
525.69947446   
522.32485544   
522.13030876   
525.17368583   
521.85191287   
519.88587981   
523.42026751   
542.86863098   
522.03745727   
526.06907282   
527.10268744   
525.69459533   
527.70830831   
520.55618344   
523.25425965   
527.57597229   
522.75400601   
521.61217301   
524.75539395   
527.90428415   
520.64693556   
524.02504986   
530.33616000   
518.39968050   
528.68867901   
521.49925846   
521.98165108   
522.62977829   
531.08751871   
519.64812341   
531.04126260   
526.74444274   
522.38077240   
521.94457816   
533.43964756   
522.80240578   
528.47284393   
528.25073764   
537.32025853   
522.24908923   
516.35014352   
522.30517574   
520.41349047   
520.17278787   
529.10816709   
522.37142007   
522.15877156   
522.97227532   
521.72119572   
531.14832362   
518.96404718   
535.63692781   
522.06441953   
523.03238678   
527.65923328   
523.37110852   
520.47745630   
520.69345479   
526.10799111   
522.32445803   
516.64797584   
521.79237708   
522.54971559   
525.16996901   
524.11708723   
517.64470648   
523.54458095   
524.96047514   
516.25739578   
518.24088909   
517.46546631   
534.41754312   
519.73114592   
523.32798828   
517.93098300   
521.46322718   
534.87187475   
522.40524744   
530.15203200   
533.03251609   
518.49541575   
517.83167198   
528.84283013   
533.33399568   
521.30999975   
531.09831221   
522.89120588   
521.38319676   
521.76850256   
528.74817849   
516.61155658   
517.39335134   
521.58421842   
523.02845724   
522.46215703   
522.82040433   
525.06160955   
517.06314733   
519.08693003   
524.01584332   
522.59731170   
525.68716050   
528.92584773   
518.69494416   
524.94579293   
520.27957398   
529.64103722   
521.29033026   
523.82644751   
528.12402734   
551.71910572   
530.42979518   
528.66627539   
520.58414044   
526.87445756   
530.37779041   
536.29224961   
524.52774415   
530.37087879   
529.52667190   
549.01880557   
535.66129510   
549.30572059   
524.73085647   
521.77850519   
527.05844221   
521.11632741   
529.10096750   
523.86379818   
526.84115619   
523.26732291   
521.87756753   
533.67060784   
519.66692361   
521.93895733   
520.74169858   
531.08877226   
533.91496346   
521.77446236   
518.73334105   
540.50659776   
526.88351905   
524.71491407   
521.97925115   
528.44226661   
522.91602419   
517.05146454   
521.69950736   
521.88371446   
523.18464107   
520.35029921   
532.29058198   
523.95346678   
519.90541706   
523.25379525   
525.41313985   
527.03103222   
519.91955865   
522.13533091   
523.05669905   
526.68498370   
527.69248867   
525.16416812   
532.99663110   
525.68948664   
533.90835695   
527.79368242   
529.65714166   
539.91284543   
538.09918017   
524.59210825   
519.65951411   
529.07561238   
527.55289971   
531.40312192   
534.63192835   
531.86578082   
528.80194916   
521.53879611   
528.78312596   
534.36669440   
525.00610016   
525.03961672   
531.20571681   
527.76238186   
526.42228237   
533.32779895   
556.22318910   
533.64974682   
534.31163481   
535.33706477   
531.01076972   
525.07525923   
538.71607548   
527.02082725   
531.91224704   
529.02597085   
543.14440760   
523.91395996   
539.64013379   
565.67114534   
529.64860178   
561.26480476   
527.18083468   
523.75183382   
523.16450048   
540.70282178   
526.63122163   
549.06307412   
519.48115302   
527.03842290   
526.03120801   
519.04916025   
520.28799776   
526.70386248   
532.33293235   
523.74106174   
522.36411577   
525.71495115   
523.28820811   
518.90550900   
520.62020445   
521.49515267   
518.41908579   
524.97449084   
542.14033495   
520.37612331   
526.21761715   
530.59730430   
528.88385978   
520.10046293   
517.22958069   
524.50804624   
519.23855591   
521.86791346   
520.02258720   
531.50293221   
536.92827517   
520.06657998   
537.97023671   
537.66361478   
520.50603061   
523.26775932   
525.53140918   
524.61068039   
520.32400766   
521.28732339   
523.91715014   
518.01950357   
528.78147904   
532.65583337   
528.87594360   
529.32451193   
522.48954020   
532.63624968   
536.03960269   
521.37098118   
528.22135754   
524.73632825   
529.25275983   
524.19296494   
526.84378958   
522.22571478   
535.60819798   
526.92880587   
530.69866460   
523.10168362   
529.07357240   
532.74672942   
521.04129933   
528.40833891   
531.26835708   
531.30067073   
529.16063993   
527.40591052   
566.65521071   
527.38801213   
532.83946294   
529.08861033   
524.46214530   
532.00607572   
522.51387430   
525.62633377   
520.05119630   
520.16494807   
519.61559003   
533.75094441   
523.19739414   
524.63748147   
531.33372834   
522.35168909   
554.91739691   
527.77009949   
524.93707028   
522.71918233   
520.13255664   
518.29878632   
518.99455806   
526.62042366   
523.57962074   
522.85359605   
524.24158810   
522.60940333   
519.76291869   
528.35044822   
533.04901863   
519.49453388   
521.09301443   
524.95816462   
521.27011076   
520.61770473   
522.81813156   
522.57220446   
523.15060473   
522.53154708   
519.25567025   
519.94440268   
520.66827253   
521.75424059   
525.67759200   
529.67528449   
525.45877680   
526.61853486   
529.00707439   
551.08278942   
533.19055865   
520.76484580   
538.85761877   
522.42669404   
538.74043066   
520.38284799   
527.15351485   
532.02861674   
530.20392415   
538.76818662   
536.44101378   
531.28937884   
526.11030277   
543.44210711   
536.59612459   
529.24006065   
523.13067298   
543.90767195   
521.53477102   
527.17214746   
536.11492330   
525.35451540   
532.52638898   
561.38110936   
540.91072568   
526.02034174   
523.35307077   
522.05567593   
522.00967564   
525.76970047   
523.61982458   
527.67949177   
533.29171736   
525.79134526   
525.25696320   
528.80486446   
525.05188768   
527.43904428   
532.72698570   
532.23469454   
533.59285278   
530.30589962   
522.56252945   
519.49692970   
523.52390533   
531.53356537   
528.18729021   
522.79411310   
529.62289894   
522.73625689   
521.24777400   
520.07945798   
520.02810573   
527.13680564   
528.99506936   
520.50055803   
523.48198379   
527.88732184   
520.93422930   
530.73111371   
529.51891860   
521.21968914   
533.63259150   
520.12009597   
518.44916834   
518.56656120   
517.49242400   
523.45129142   
523.67768364   
524.75705047   
523.05676887   
525.65673134   
526.56970947   
522.09978431   
527.90972899   
528.25704999   
524.89429211   
521.99412144   
526.29792069   
529.91065657   
521.29839943   
522.92481892   
518.21891578   
529.09356420   
522.81529315   
532.93989565   
536.52848215   
520.67203892   
522.12082305   
522.17680234   
519.71533804   
528.37168466   
522.96768847   
525.04397728   
522.87807790   
520.37565475   
523.30852935   
534.97571032   
528.35452419   
521.21922224   
524.69920170   
526.97150508   
542.84413162   
522.42767018   
542.39732904   
524.40639721   
535.62142165   
528.20017408   
526.99141462   
523.62265400   
526.45664424   
528.46636705   
558.88997067   
520.67904684   
529.31079521   
529.87209605   
537.47519678   
525.78546437   
523.16957548   
523.16892629   
522.33923850   
526.59995858   
528.29770875   
522.20765722   
524.53309914   
529.00006471   
524.58021707   
538.96520577   
533.54877464   
525.93596354   
528.00803082   
530.99707157   
533.51116074   
523.43871354   
528.60610750   
521.68459721   
528.45372029   
527.09037032   
523.31416830   
526.54854419   
529.04749724   
525.84099207   
526.81207057   
523.85053757   
539.09483283   
529.88310213   
550.61132099   
533.25955958   
544.95179748   
521.97226575   
529.00140400   
525.09515702   
531.13397620   
526.85646991   
522.71013851   
521.33591316   
539.96542133   
521.84349210   
534.41295183   
524.57770883   
532.52100239   
531.79977431   
528.72083019   
527.63110366   
532.30275012   
525.35020177   
525.68586748   
523.61412720   
530.10756368   
537.06055368   
531.28981682   
525.75941894   
524.52365719   
533.47621101   
529.81669769   
523.88706622   
529.36066430   
528.87334139   
527.87436572   
547.29465586   
523.50731957   
539.98471714   
526.94335920   
523.29325118   
537.79369874   
534.16608422   
546.05463118   
527.58653307   
523.86818430   
534.55626244   
533.68456911   
527.23157783   
544.08353665   
525.76117741   
527.61382016   
531.12647949   
531.90371691   
555.74203303   
531.93484906   
535.60744831   
544.88023608   
530.05138228   
519.98188285   
524.65480924   
541.96055593   
519.34732316   
519.32663321   
530.68196019   
