1969.91745228   
1853.08129683   
1734.05905107   
1584.43658843   
1559.08301836   
1503.18518820   
1467.14336897   
1377.64485178   
1373.96815642   
1349.50406466   
1342.82014922   
1292.09831651   
1269.66611825   
1262.70965208   
1243.37140917   
1222.38558968   
1217.73010430   
1213.67407143   
1207.00140417   
1191.44659772   
1192.88326501   
1193.66607268   
1193.93516862   
1199.44825475   
1198.59144913   
1183.93676252   
1168.76705566   
1162.30348193   
1162.76058265   
1162.57722481   
1165.23049076   
1163.00237399   
1162.06148002   
1161.92620065   
1162.62241547   
1161.63373314   
1161.62060813   
1164.70006063   
1165.06407497   
1165.25340474   
1164.03548943   
1165.00839563   
1165.53242286   
1168.29936001   
1165.02143553   
1163.46245427   
1161.61676235   
1162.05930346   
1163.40014363   
1163.60775048   
1163.54231163   
1161.34435134   
1162.01335012   
1162.48530854   
1160.22300002   
1161.98788596   
1165.71624592   
1161.89978378   
1161.59222511   
1160.91692862   
1162.05915095   
1161.59869408   
1162.91744167   
1164.07474353   
1165.18164165   
1166.45028300   
1162.79739834   
1166.04737604   
1165.61150046   
1166.32830246   
1165.99095211   
1162.45974322   
1162.60337593   
1165.05233979   
1161.71212946   
1162.85855340   
1165.69845022   
1165.38322289   
1163.15393453   
1163.44116775   
1164.73208770   
1164.99968958   
1165.98548896   
1163.22628931   
1163.52874261   
1161.09720027   
1162.22139292   
1161.35227447   
1163.41933168   
1163.52270514   
1167.36955008   
1162.05521811   
1162.47969225   
1162.34930351   
1162.97456682   
1168.14234807   
1168.26868288   
1167.29594937   
1165.48676883   
1160.67283813   
1159.88584322   
1160.88388081   
1162.04205948   
1163.43795832   
1161.76999921   
1161.77948177   
1162.26928788   
1163.68552771   
