792.14653562   
755.67446097   
738.50680518   
711.90589668   
700.01735285   
695.03862553   
693.67356501   
680.00751099   
667.17114752   
663.76296557   
662.14479523   
661.31608757   
659.84797259   
648.75187026   
648.38717160   
646.99041962   
637.48805622   
638.25815661   
629.95833422   
623.90413801   
620.24860439   
621.62137002   
608.17526078   
616.05340722   
609.88606644   
609.90094240   
610.58359625   
607.18097641   
606.50409739   
607.56547402   
607.43619797   
608.33536017   
607.63160108   
610.29532015   
611.26240718   
614.71711077   
610.30348280   
606.64301248   
608.85085983   
613.72327646   
611.90309627   
610.71120292   
610.38941157   
611.85066243   
610.47814831   
613.11270484   
612.72593041   
612.66485319   
612.47746152   
611.71252088   
612.32030243   
613.27010167   
610.65044302   
611.66630033   
614.72051307   
611.70910375   
615.05642489   
612.80541933   
608.95304216   
606.05602716   
604.89252088   
607.04637073   
605.93725593   
609.91991616   
600.93963115   
602.51157061   
602.83001866   
604.71885670   
601.90909085   
601.22583173   
605.78177212   
605.45148634   
605.33922800   
604.11367832   
597.77365163   
591.45637990   
590.60123683   
582.57716620   
579.98101125   
583.76786773   
584.90603100   
581.82887733   
582.13800622   
582.51786252   
582.54280566   
582.87368078   
585.40824820   
585.04172825   
585.42739420   
583.35681279   
584.12308194   
583.76760438   
586.99395129   
589.32127291   
589.31411459   
586.66334835   
586.92915506   
585.25462503   
584.96136175   
586.58871565   
590.52619910   
589.18749381   
590.89353167   
589.25016748   
588.86663111   
586.91568835   
585.93616743   
583.11389270   
585.65722265   
579.12593050   
575.74029310   
574.65652414   
579.51205486   
578.12032923   
580.23325039   
574.94723459   
576.14773132   
576.36463564   
575.19214987   
576.03485700   
575.59153704   
577.42156496   
576.08160893   
574.62866638   
569.17037659   
572.33905021   
569.58123231   
567.04240650   
564.27006587   
562.72577956   
560.87464222   
560.03023429   
557.00263053   
553.35535474   
555.27076974   
552.80034624   
550.00009406   
554.36588319   
555.33420206   
548.63638964   
546.73505465   
548.86181248   
551.42617815   
549.25534400   
546.31314479   
548.62134007   
545.77983470   
547.34477256   
549.14140483   
549.39209523   
548.14436628   
547.87217823   
552.69312451   
549.46541181   
546.91326817   
544.77602255   
545.34609421   
544.57118271   
542.49726228   
542.61962931   
544.14448344   
542.24006461   
540.59291946   
542.99677408   
546.63453289   
541.62646618   
540.69029350   
538.42887180   
535.83513844   
534.89687189   
531.36063340   
528.22037715   
526.18358453   
523.56694630   
524.05121556   
522.90429332   
523.82002949   
524.60174529   
522.68211458   
523.51202214   
520.99353218   
521.58006846   
519.30567200   
519.62252824   
518.39877105   
522.20980426   
521.48596516   
519.10518814   
519.81565395   
521.25613787   
522.46673312   
523.11808894   
525.19212878   
524.57523869   
523.95730089   
526.30757590   
526.51185468   
524.03150877   
522.33521601   
524.62239130   
525.21564299   
521.40317558   
521.06242815   
518.84180038   
519.87039321   
521.53232510   
523.01278578   
523.22428222   
524.81519270   
523.37395728   
517.62198882   
518.03913908   
525.05016056   
523.93063534   
529.23947501   
531.86311967   
532.98071870   
532.54200004   
532.10835178   
529.29048775   
525.27484921   
523.86215393   
521.72607297   
519.17918097   
519.35575388   
518.41660380   
521.23568310   
521.21619085   
522.98921963   
524.39169259   
520.07041351   
518.96994332   
521.24410571   
520.54570480   
521.66693605   
519.26546718   
515.89082078   
519.83745546   
519.94426089   
517.40811130   
518.41344448   
519.12366282   
517.97778156   
520.12861344   
521.19992091   
520.48759885   
522.11736129   
524.57944989   
525.70255184   
523.56564044   
526.90979682   
524.16851754   
527.76585705   
522.89278776   
519.76121198   
520.54685017   
520.62443844   
520.08372396   
518.53304686   
518.87309281   
520.09844628   
521.71318173   
522.15950362   
521.15770898   
521.50944768   
519.36142275   
520.29830124   
520.39675399   
521.00475830   
519.99867596   
522.17483444   
523.83059425   
523.10087501   
523.32394776   
521.78187574   
522.03050736   
521.88377452   
521.06529379   
519.23100015   
519.63649609   
522.50134446   
522.53533653   
529.88189156   
528.15242374   
524.29139861   
524.67211462   
518.59951163   
523.69012948   
523.46030376   
523.52533046   
517.72860464   
517.62496210   
519.47099451   
521.21639900   
520.68022448   
518.42026355   
518.88724257   
519.03150662   
518.52258132   
519.65940358   
520.54091465   
516.85882027   
517.44701225   
516.99329218   
520.27916259   
521.12651285   
521.96204750   
523.00298633   
520.72487091   
521.57377779   
522.99336808   
523.17719498   
525.79029873   
523.08691405   
522.98390141   
524.07813851   
525.02278448   
520.96576526   
527.27652020   
524.00630691   
523.52700498   
520.30537774   
518.99558470   
520.57180274   
521.93390608   
517.89490158   
520.65177074   
523.76598313   
521.00105492   
520.26842601   
524.83624856   
519.01389440   
520.94258325   
521.56006161   
520.54948682   
520.49694013   
520.17031884   
520.00043205   
522.67757747   
523.36104709   
523.69143174   
527.24670816   
528.70395358   
536.57385816   
534.94251795   
536.33318360   
542.35649135   
536.90203187   
542.72917325   
529.33101780   
528.06209549   
524.99504674   
524.31838682   
522.42021972   
521.32974055   
522.37452684   
519.54244111   
520.75637294   
519.73914856   
523.03526616   
522.59173475   
518.39337355   
518.34746648   
525.51289728   
523.45895168   
525.45546276   
522.33980612   
521.24429299   
518.73368712   
516.95037807   
523.75834465   
520.88853648   
521.22281507   
518.75088509   
520.13569256   
520.01090228   
517.40058053   
517.15496150   
520.04614987   
520.14265642   
518.43429263   
518.08278963   
526.51583383   
523.55453162   
522.47980744   
524.49946894   
526.50148458   
531.87420348   
527.59843878   
526.75821447   
524.45610638   
520.69020320   
521.23013629   
521.45176394   
523.25487251   
524.12661580   
519.86889289   
519.62908280   
523.47944533   
521.44134607   
526.15107512   
522.91032497   
524.92828030   
526.47709109   
527.09105734   
523.26723662   
523.99277971   
523.66086354   
519.49516631   
521.27266659   
520.87303080   
516.11345409   
517.41305297   
518.98709893   
519.70690978   
517.68859779   
518.85137011   
517.43378828   
523.81387842   
522.37681959   
521.93461103   
520.55485289   
520.65374463   
521.65954268   
522.74347341   
523.02986617   
521.99677832   
522.98625369   
522.76719249   
526.96681979   
527.37694971   
527.74158552   
524.19301068   
523.58475832   
524.63999198   
523.69440253   
523.57645565   
526.45921561   
527.73429957   
528.60882289   
530.03758283   
526.85247808   
525.03792165   
529.01322416   
526.10255526   
525.98473974   
527.04537864   
523.24044432   
522.68072822   
516.26017739   
518.07300029   
521.21050708   
520.09388101   
522.31993402   
525.91361888   
528.25595806   
527.34975694   
517.08413300   
518.65532681   
518.03692977   
517.65769297   
520.47000887   
519.79400447   
521.54382829   
518.52620225   
520.22526677   
520.65686172   
524.30310880   
524.10078525   
523.58073846   
523.87202718   
525.31131949   
529.56945141   
525.98915790   
523.43753954   
520.10892744   
525.46051668   
527.28162758   
