952.48716999   
944.75654143   
934.10685961   
959.99217256   
1115.83796645   
1046.12559589   
976.35877048   
931.89311962   
1017.40403293   
954.69199965   
992.56974485   
933.22194337   
859.69956856   
842.94518050   
847.94392919   
889.73668602   
915.25265927   
810.93176460   
797.79967172   
844.21909817   
806.84488772   
877.85091812   
741.27283961   
747.88223740   
703.19633500   
722.72823670   
672.39287759   
685.06932813   
686.30733990   
757.73591162   
631.43893024   
652.12623550   
626.18507125   
652.79530053   
638.61641830   
620.05762446   
634.18577082   
640.51565369   
612.16382155   
609.13376739   
589.55694383   
574.08981263   
583.05663143   
567.59984908   
572.36799863   
565.44837815   
565.20396745   
569.05848454   
569.82683241   
571.91429799   
576.28749202   
576.52045620   
559.57899522   
564.07312402   
561.74117355   
570.22097838   
562.37277497   
564.07552804   
574.69398002   
559.67246601   
557.52276450   
559.50353125   
555.73485018   
555.21354798   
550.42479121   
556.73927132   
558.37745096   
548.48615127   
554.36199306   
552.67664709   
544.82558981   
538.02780695   
541.50429000   
538.57909765   
541.04459902   
550.65175971   
532.47952395   
534.54089320   
546.67417824   
534.41359071   
532.98148075   
530.30881371   
536.97199273   
538.38378427   
528.68407022   
536.03735583   
535.15667435   
529.35531126   
527.07806091   
534.86738066   
523.97245912   
540.38666638   
534.98177411   
533.50794417   
529.85075637   
523.46661908   
529.52703528   
534.01814202   
529.71706627   
528.49118965   
529.34012434   
523.68197217   
528.00354975   
538.96851090   
530.75911440   
524.79695440   
531.21641452   
527.44464219   
528.03432459   
540.88883501   
521.05499445   
518.10130860   
524.78948169   
522.03449757   
525.15802391   
527.21301242   
538.32886082   
520.96946760   
524.15059706   
522.68632413   
522.59261148   
524.10795621   
519.06220939   
520.84023849   
524.67395873   
523.32013500   
539.26685936   
517.57240638   
520.94782535   
519.55068657   
524.58741682   
525.21699294   
525.73768805   
520.89244754   
527.61982080   
523.50253964   
520.21399148   
516.39812212   
526.50068768   
525.58367015   
517.94580961   
524.27081685   
528.99295719   
518.38609264   
519.74890808   
522.13237141   
518.28509503   
523.65781047   
523.28691495   
521.75808969   
527.90157132   
519.81878981   
527.92902342   
523.42833410   
537.55043577   
523.22886734   
526.49769273   
538.31937616   
522.29173269   
525.16283123   
532.04577593   
523.87102245   
531.98341113   
527.91138215   
519.27281992   
528.71548073   
520.10696904   
533.63546815   
517.70035512   
521.10472585   
519.79088098   
522.28870980   
529.47749220   
529.14985145   
524.59702455   
533.23532290   
529.43840360   
535.61126459   
518.74731466   
526.96041417   
528.45151334   
531.32023557   
540.93617021   
530.21651612   
522.04046076   
530.14499051   
535.72497513   
525.99489028   
537.08648240   
521.49533389   
521.63100632   
519.59597614   
541.81541176   
519.38914903   
521.84248029   
526.05767320   
538.49539561   
524.10047003   
527.43164229   
523.76485617   
526.69750520   
533.66272266   
530.91679973   
525.68918282   
532.40063319   
529.55213244   
533.24032834   
532.07654300   
528.21386579   
540.59084690   
523.45440908   
522.97346024   
543.89371241   
525.43087674   
547.19844835   
525.29960923   
520.18493593   
521.15583354   
516.72595741   
526.12413982   
523.08568701   
528.23058994   
528.02974722   
521.74273272   
519.19786126   
527.18371912   
518.24351399   
520.27138037   
518.92317651   
532.53880823   
521.71502066   
530.16485898   
516.83232009   
530.52083528   
527.02840507   
525.82684959   
521.07935486   
525.88974071   
516.44747622   
523.25256834   
522.58600679   
521.18394983   
521.26050711   
520.57547658   
530.23452971   
522.05840982   
520.91329384   
517.56560116   
530.12657960   
526.82750791   
527.92295034   
526.70408952   
524.47986492   
522.51416119   
530.35202495   
522.80989811   
524.76189316   
532.13815131   
521.15210681   
521.64286996   
520.89577175   
523.61775809   
529.42213448   
524.42365613   
525.23479503   
517.45430419   
522.85953047   
535.79788572   
526.04309068   
525.50726304   
523.04758908   
523.16146239   
519.76252882   
518.22204841   
516.37229594   
518.76635081   
516.81444352   
522.71344024   
521.11169318   
523.53553804   
536.06611732   
521.03596287   
523.67218417   
519.35859728   
528.72357006   
530.33901209   
525.68133444   
520.33151371   
529.13430332   
527.02124041   
526.14503435   
538.90407520   
528.35955477   
522.34441849   
523.48412812   
521.95222073   
538.59559459   
522.28910269   
528.66320492   
527.85538743   
528.40751796   
532.34616216   
534.15470638   
533.54649110   
540.29371023   
549.26427864   
538.02331452   
527.48687941   
543.13712319   
526.58969762   
524.35557769   
543.53724144   
532.94443599   
521.37541046   
518.98939258   
525.95263702   
522.07183571   
526.93441444   
520.60490923   
517.56121251   
529.40291060   
519.77898116   
519.61751847   
521.31848136   
522.18909128   
522.42729886   
522.99894509   
540.01204837   
527.96450318   
525.35806735   
523.96659659   
528.53683099   
525.86827978   
531.68156599   
526.97897860   
526.70651733   
528.06262358   
529.43594323   
529.08902388   
533.84303432   
528.84166177   
528.24999646   
537.53496114   
539.44557131   
529.48277073   
539.97205642   
528.31663287   
526.06254719   
529.49627818   
531.88221927   
530.39850917   
532.81109373   
556.00447353   
556.06995318   
547.64133109   
536.82050274   
530.06016447   
537.31547866   
526.60907344   
529.08786437   
543.91218627   
549.51234515   
564.11000870   
528.31760940   
533.45089755   
533.23407383   
539.78136109   
551.24189566   
534.37475321   
525.26586300   
533.31797812   
532.28922395   
533.19713116   
523.94532321   
526.31884926   
518.26785076   
519.63795077   
529.72352438   
526.80223081   
521.60330554   
524.41788268   
524.25686869   
525.83633816   
522.94959206   
531.46179248   
527.25866724   
530.40520509   
532.07971721   
523.58286794   
533.58504187   
524.73641401   
531.45709479   
531.27651108   
519.61825144   
528.79896834   
529.77343160   
525.83548553   
522.20523006   
523.50124268   
519.24792776   
518.06644824   
524.10581042   
528.65372186   
519.86273077   
526.19208141   
527.28401939   
530.72662324   
527.07979897   
522.97371363   
526.44887248   
539.38743580   
525.07294822   
522.57999830   
521.40767214   
526.89831217   
523.59375341   
521.10351560   
522.76611720   
524.23687089   
525.80158728   
527.21783080   
519.62892492   
530.67978241   
526.76806820   
522.49844325   
523.94275844   
518.99900063   
525.93239420   
551.76599621   
524.21370412   
527.16254800   
525.60153994   
521.79703811   
527.84512202   
523.48653459   
525.94875178   
525.17837345   
524.24326909   
539.99392517   
522.01687901   
521.58272637   
521.19612781   
527.62807257   
545.48187126   
520.22863460   
529.50903703   
516.73093063   
536.14731690   
518.91107500   
521.01228175   
525.46896332   
518.96843448   
519.63915342   
521.13284562   
517.39039027   
518.45033470   
523.67166928   
559.46167297   
521.07323948   
523.40427799   
518.29054931   
522.00865174   
523.06504334   
524.90548756   
523.72605120   
526.43820146   
517.50432309   
517.31812664   
524.19781945   
522.28148690   
531.15793038   
533.36583539   
522.61404108   
524.98769028   
527.26231725   
527.55648232   
528.33803940   
527.05731330   
529.35614766   
522.87932989   
526.98028558   
523.55682982   
530.48673372   
517.43090621   
529.52547727   
521.53714348   
530.80203097   
531.80209321   
519.58518580   
529.08439471   
518.84946496   
523.66933182   
534.35613517   
520.42467178   
532.11183116   
521.40394680   
532.19369546   
517.96099470   
519.52712649   
527.61969216   
530.67035682   
533.06217012   
524.42156806   
525.71868751   
522.05024897   
524.94720563   
525.50957939   
528.35033695   
521.65523898   
524.19337021   
537.18929182   
528.07400961   
546.27721338   
523.50039333   
527.28294842   
530.91243806   
523.20057218   
524.08402105   
520.53068756   
523.09827858   
530.21236194   
530.04872447   
521.87092010   
575.29184233   
521.94017158   
542.39937859   
524.07024028   
519.70602917   
521.39047023   
526.69862576   
525.68293960   
528.69194829   
529.69130226   
527.03932284   
521.68835205   
537.93730610   
523.44459674   
523.49619108   
537.20359518   
520.92870863   
523.66461890   
520.32451834   
519.17135972   
528.86730934   
530.73429840   
524.08899147   
526.68842875   
533.55183750   
528.54920492   
525.48665493   
522.40164541   
518.55111867   
520.87901448   
520.18167268   
535.40645468   
524.39964960   
521.66812644   
522.76673915   
527.40088486   
524.12579504   
518.79594032   
526.97549731   
528.23542771   
523.46925669   
522.27874736   
526.30973164   
525.88487176   
531.77751011   
522.32621253   
520.51288521   
522.38041948   
524.40280251   
525.50183198   
524.83816040   
523.11465333   
520.95415887   
531.00900907   
519.19946892   
528.56089924   
527.73397192   
525.41930011   
524.01028606   
532.54586077   
516.73443469   
530.49683245   
530.22564956   
521.63893685   
525.58192562   
522.71763311   
527.54886886   
516.91938906   
520.96021392   
516.87435463   
517.90711761   
527.23493607   
528.89924430   
520.30532678   
520.84726977   
519.94003021   
522.38388521   
523.49786543   
537.73935745   
517.24568472   
524.28779800   
522.30290462   
532.66520590   
521.85282322   
522.80045699   
532.71586484   
517.31767639   
518.01646030   
526.87347197   
521.56133354   
523.54179098   
525.30801006   
522.42154380   
523.20800111   
526.40656294   
523.47516897   
518.88781882   
535.68058036   
525.59402971   
520.92476225   
525.36125283   
529.26252058   
524.66421961   
522.22690054   
530.43224256   
535.31064549   
529.54982960   
521.43828805   
521.12659732   
520.09217033   
515.94477614   
527.07218150   
530.76174895   
520.32078295   
528.52456059   
521.59345127   
535.18771024   
520.03994268   
534.26664523   
530.77846241   
519.17582574   
522.74530365   
541.51102320   
529.67044167   
524.43218806   
531.84962244   
536.08743349   
533.44951154   
543.40857975   
526.19382667   
553.88337258   
529.49307076   
547.35016722   
522.15579438   
539.81870962   
539.18850966   
555.11981725   
517.35172114   
524.08747356   
524.35746021   
528.02446678   
519.06085394   
520.76296422   
525.84172962   
518.99711223   
522.47854107   
552.52018721   
527.26751223   
517.78054766   
519.65599509   
521.48784313   
521.56077977   
541.09487477   
518.45028618   
521.75983442   
520.30977653   
524.65384862   
522.51605679   
519.36207822   
530.68203913   
526.95248687   
521.86611818   
531.51483607   
524.15074422   
530.73804674   
519.84922911   
531.43024369   
531.05412996   
521.37805414   
523.98645384   
525.68727666   
525.62680158   
523.57901022   
529.68956886   
524.82197022   
527.45477883   
530.35796679   
526.96666214   
521.26422227   
524.73575569   
524.54568128   
521.89495150   
527.16868637   
523.67994260   
538.34597649   
522.67687870   
525.85811952   
523.55096616   
522.74691052   
531.22864044   
524.29374208   
525.35340338   
539.65963120   
520.31735777   
528.64269961   
519.20842473   
518.81694827   
539.63202858   
524.28844519   
525.97120931   
522.20881986   
523.70352354   
533.67104442   
526.13310908   
525.89892118   
523.55150711   
519.75061000   
520.93191503   
521.74637353   
520.66493822   
521.18237024   
520.74859715   
527.89439858   
532.34194815   
528.51428610   
522.20090040   
521.66524018   
527.22481353   
521.13521500   
521.42182785   
544.37411339   
532.73118256   
520.66196790   
521.90845903   
525.80930780   
541.73525410   
532.16610149   
536.76777704   
530.92094410   
527.41154282   
527.85460643   
538.91789398   
524.24838099   
529.14298242   
529.94100131   
535.33275112   
533.74865566   
533.07474029   
526.13124444   
525.83095554   
545.98998029   
548.51321825   
541.69226954   
537.86938426   
536.80786269   
520.47222230   
528.54701552   
524.48097144   
546.82481973   
523.51467514   
526.06771522   
522.92007369   
527.60862668   
531.87873331   
534.96335509   
531.12863674   
531.29975360   
532.05624666   
526.57394653   
530.62569799   
525.19903026   
526.47203669   
529.00457790   
535.44632639   
534.15545836   
526.84560981   
524.83418862   
526.64362007   
553.00635883   
527.85400045   
537.91589413   
539.45850550   
541.80341646   
536.91369023   
544.36240034   
557.90851589   
535.01950181   
525.93143870   
528.33540402   
533.24698450   
524.67889408   
526.43043233   
527.09466692   
546.42418656   
535.88511322   
527.96238175   
531.57103110   
531.51213279   
526.24888877   
523.51052627   
554.84190002   
531.82334348   
526.10751941   
534.15729779   
523.98951313   
529.78661688   
525.38180647   
522.18102109   
526.38825120   
527.79293375   
517.62731384   
531.30048360   
541.54534849   
524.80751001   
525.35399509   
519.95408026   
525.01010099   
520.41692076   
525.06897183   
524.66421598   
531.76447640   
526.05128608   
520.67247779   
523.50151993   
525.53910742   
525.40310211   
519.67718084   
539.80666627   
523.74894556   
519.09839610   
523.55551669   
538.03770121   
529.47489457   
522.34336088   
523.85801846   
526.16934319   
524.12657951   
525.08552137   
524.37058630   
533.01168560   
530.29692016   
535.53553146   
525.06902555   
528.14510683   
529.69909732   
524.18824905   
520.85313055   
522.77033029   
532.36953838   
519.39336229   
526.41600879   
531.24431491   
524.14064778   
523.74172509   
520.72812035   
536.79495858   
530.82459029   
517.70679832   
533.90871679   
529.23681539   
520.36617299   
524.02217426   
537.80293045   
526.51188132   
520.93716115   
521.29479628   
543.48887060   
528.86653499   
519.57149323   
531.70786141   
523.81971412   
522.47858864   
519.25232154   
521.89236256   
522.41413795   
531.25305709   
547.59136483   
525.37177489   
524.47602455   
520.19395744   
526.84268396   
516.46711870   
526.61359590   
520.93973130   
518.70713889   
524.79317535   
521.86580823   
518.19511068   
519.60112754   
519.61334327   
533.31202242   
529.90718071   
521.35800571   
521.03357006   
522.89860857   
525.30754978   
522.00110459   
517.80926511   
522.31964356   
527.38649966   
520.77965024   
517.69313446   
527.08601706   
523.86989722   
531.70014622   
520.53441483   
524.42114071   
541.94834258   
518.18261715   
520.34412420   
520.38051867   
542.28219654   
524.73294105   
538.24273091   
528.64262797   
541.36581323   
530.07816996   
532.80896583   
521.84311434   
527.95147234   
540.61887241   
538.16914841   
525.11662881   
534.78704764   
540.25725620   
522.18322238   
523.18339669   
529.24562353   
534.11740552   
525.02754868   
522.89922829   
519.38239664   
542.98869112   
519.38365680   
539.63449972   
523.23617481   
520.77537954   
530.89594312   
524.99583230   
537.14652022   
530.06060035   
521.61354410   
528.94262729   
518.34826394   
541.36306367   
521.91948412   
523.81222562   
517.88802147   
519.37768348   
520.66617198   
520.36975608   
518.67263461   
532.36654752   
520.91762321   
524.10826468   
524.03770535   
527.32735042   
521.36402458   
523.82258646   
520.00703515   
520.79883974   
538.46009352   
533.39917756   
523.53665259   
524.39699229   
523.98814340   
529.98078333   
530.79956174   
523.50440036   
530.68712268   
530.40122923   
520.18003888   
528.64056496   
525.28960195   
521.76227192   
526.91935860   
522.24294711   
534.83029189   
520.53631566   
522.13692865   
527.82605563   
526.34403923   
523.09299780   
516.87211530   
522.52710243   
520.37923927   
518.68289031   
519.37874444   
519.46624345   
524.27853724   
526.83922601   
523.68949868   
518.71335827   
524.88813270   
521.13457596   
526.35302899   
520.91892637   
520.41167006   
525.46107708   
529.41946093   
518.03568753   
526.12189757   
520.81931293   
518.14884420   
521.87762591   
522.15791914   
522.70249879   
529.07110521   
529.25311486   
518.06059188   
532.97351230   
521.76530968   
532.18572452   
521.92104009   
521.74217055   
520.79644202   
525.92094967   
524.54648607   
539.09779007   
524.16604256   
519.28537221   
517.93205701   
526.15866327   
520.41572972   
520.63003376   
530.66279885   
541.36713053   
519.37402838   
517.18049856   
522.05949480   
522.75906446   
519.88173858   
521.10006895   
531.75028501   
519.33376250   
524.44380300   
523.62448662   
524.30766382   
531.69080435   
524.85758953   
524.39588432   
522.03220568   
525.75649691   
528.05288804   
522.33799269   
523.49281346   
517.40913526   
532.06150637   
522.04379328   
522.83118016   
517.73197149   
524.91291563   
525.71014169   
519.25693511   
523.53916046   
521.49128007   
521.09093548   
521.35338067   
520.81547429   
527.01486982   
522.72844225   
520.52598765   
531.36141314   
521.93721598   
529.11631907   
529.33441096   
532.99425000   
535.05123998   
524.13119101   
524.21487689   
525.07220685   
531.26168914   
522.39181865   
529.82733842   
525.75085659   
521.13343037   
530.31021249   
528.57800333   
519.69747091   
532.12745611   
529.91585496   
518.53317512   
521.02869877   
523.54531633   
531.18046781   
523.83946829   
531.48473624   
527.41324020   
528.39265809   
533.27298227   
526.98856306   
534.56956589   
517.95402999   
520.67230763   
527.96454078   
534.57638904   
525.82793108   
519.00201939   
527.18651002   
522.20628262   
527.76818139   
525.27255200   
524.65006847   
522.41456818   
524.69531495   
524.96774720   
523.22522730   
529.41434487   
523.49461040   
521.49169332   
519.09851435   
528.04861359   
520.70248555   
525.78781643   
519.86362307   
524.22469605   
519.90443532   
521.35845125   
525.35079417   
522.02331619   
530.52740986   
519.08666615   
518.51532837   
520.54131052   
523.86778402   
516.37005238   
520.74759618   
521.56396933   
521.90655913   
525.30757584   
537.54800819   
522.39880032   
525.07873006   
523.30027936   
521.65318184   
521.51405520   
523.02953978   
519.95357665   
522.54451460   
526.95296837   
519.23477215   
522.50272078   
519.89137255   
522.39091532   
520.16992495   
522.87336555   
527.40461501   
532.05612675   
521.95350508   
521.97247727   
527.59590577   
531.85449575   
521.45532572   
527.02849932   
526.55644837   
516.82480625   
523.02370724   
523.04930118   
520.22536446   
522.51373660   
524.52369406   
520.11063029   
523.98939385   
519.29585916   
517.90433845   
532.21642201   
529.15483572   
524.96188989   
525.21517592   
520.02684058   
528.34070492   
530.63498407   
530.17075023   
521.45601181   
529.07307992   
517.43829655   
522.85236857   
522.81402332   
524.41562457   
522.35752755   
534.47576661   
517.91019189   
524.60982963   
521.98271577   
516.21301172   
529.62116666   
534.25631860   
525.72769612   
523.28292833   
520.10429746   
522.84502911   
517.04195740   
520.10629953   
518.02951915   
521.67897763   
525.96190403   
530.87119482   
534.53154103   
518.92013205   
524.19333344   
529.22592870   
525.56878955   
527.24254345   
521.41607245   
543.76929977   
524.44433525   
519.93583784   
521.58803821   
535.31800590   
520.63674166   
522.06835817   
519.55527263   
524.01068723   
525.76588548   
523.89399586   
534.23225456   
519.95150865   
527.31224998   
522.49979757   
525.51251001   
524.67525401   
524.96443620   
528.77323788   
540.16743572   
528.85086696   
527.65895179   
521.47650750   
526.19904719   
522.95651017   
522.34220592   
527.98856019   
529.96238763   
526.21202874   
521.76480212   
522.48398452   
523.10069702   
521.89470013   
532.49729872   
525.71315250   
522.72968430   
523.72283830   
527.82278324   
530.06285956   
525.49142628   
525.24813055   
520.98548431   
526.78789792   
519.09119031   
518.56239720   
520.81887910   
537.32180798   
526.80869770   
545.15037061   
524.85904856   
529.58891605   
532.68215463   
521.74964263   
520.72399769   
520.13944733   
524.45684279   
527.27913177   
534.57841692   
520.37512922   
524.17442056   
527.36137422   
538.16713631   
526.11461498   
526.45364828   
525.50586047   
532.97359528   
521.63968911   
520.77066674   
520.26619595   
525.60501520   
521.61253664   
523.69366756   
526.15614239   
526.29670304   
519.74597346   
520.27314978   
527.34186604   
524.51958063   
522.46611136   
523.40886244   
520.24460884   
528.01034871   
528.14063394   
524.37826408   
520.42812956   
523.24399746   
521.22234452   
519.17174457   
523.09318391   
526.87052133   
525.37047396   
524.45204924   
529.34196976   
525.90831317   
535.31925062   
534.84752720   
519.66171715   
524.81156577   
528.42061187   
525.54586261   
522.75117719   
523.18598886   
531.83569288   
531.49181967   
533.67939989   
527.95954619   
526.75473331   
522.93671341   
518.97602410   
528.03095128   
520.05215457   
526.59495243   
520.23344068   
521.30057362   
520.04603671   
525.12130984   
535.95237927   
529.64936382   
534.05121847   
522.78795008   
520.65304337   
520.31961080   
522.82396768   
533.25624156   
520.46364462   
520.85209995   
524.19669878   
530.36961926   
525.60311232   
532.60989529   
527.69276206   
525.18210929   
530.03638967   
523.32940371   
516.24356328   
523.24584158   
523.49130456   
524.94314353   
522.41907538   
519.59192066   
517.82373369   
523.61505984   
520.79863640   
521.98953205   
540.59194894   
521.50629171   
524.65260780   
522.09968735   
534.23693757   
523.10884149   
523.45432071   
529.65139664   
517.30724239   
522.61837279   
