5.49000000   66.73000000   27.82000000   -36.01000000   25.71811794   99.74654590   4.21200992   -0.88050484   
5.49000000   66.73000000   27.82000000   -36.01000000   25.72082863   99.75899758   3.64975612   -0.88294492   
5.49000000   66.73000000   27.82000000   -36.01000000   25.71641599   99.75480595   3.60406393   -0.90177430   
5.49000000   66.73000000   27.82000000   -36.01000000   25.72649850   99.75506088   2.86528716   -0.97642675   
5.49000000   66.73000000   27.82000000   -36.01000000   25.74794810   99.76497770   3.05720319   -0.86284294   
5.49000000   66.73000000   27.82000000   -36.01000000   25.77033703   99.75494071   3.42869180   -0.99855342   
5.49000000   66.73000000   27.82000000   -36.01000000   25.79880589   99.73196457   3.98156772   -0.81781618   
5.49000000   66.73000000   27.82000000   -36.01000000   25.79777196   99.75331373   3.53337868   -0.74424617   
5.49000000   66.73000000   27.82000000   -36.01000000   25.76646662   99.77252090   3.34340653   -0.70632223   
5.49000000   66.73000000   27.82000000   -36.01000000   25.75961173   99.77741945   3.71996084   -0.63318844   
5.49000000   66.73000000   27.82000000   -36.01000000   25.78840044   99.75111920   3.48336880   -0.71015879   
5.49000000   66.73000000   27.82000000   -36.01000000   25.78966133   99.72320271   2.96636382   -0.62375174   
5.49000000   66.73000000   27.82000000   -36.01000000   25.78097642   99.70060744   3.45909210   -0.61780028   
5.49000000   66.73000000   27.82000000   -36.01000000   25.79389318   99.73052557   2.49414183   -0.51222631   
5.49000000   66.73000000   27.82000000   -36.01000000   25.78360610   99.73908701   1.66677950   -0.61721788   
5.49000000   66.73000000   27.82000000   -36.01000000   25.77694760   99.72316519   1.41494091   -0.67825624   
5.49000000   66.73000000   27.82000000   -36.01000000   25.76502285   99.70165144   1.69668354   -0.80513714   
5.49000000   66.73000000   27.82000000   -36.01000000   25.76357482   99.72333659   1.33283259   -0.83587267   
5.49000000   66.73000000   27.82000000   -36.01000000   25.76649345   99.73293900   1.66645207   -0.79617717   
5.49000000   66.73000000   27.82000000   -36.01000000   25.76100194   99.73247906   1.44500891   -0.75025021   
5.49000000   66.73000000   27.82000000   -36.01000000   25.77696329   99.71401849   1.48811467   -0.85979846   
5.49000000   66.73000000   27.82000000   -36.01000000   25.78193944   99.71714604   1.44811878   -0.89120274   
5.49000000   66.73000000   27.82000000   -36.01000000   25.77320390   99.72268300   1.26691185   -0.90232267   
5.49000000   66.73000000   27.82000000   -36.01000000   25.75322790   99.72565649   1.12599785   -1.05750338   
5.49000000   66.73000000   27.82000000   -36.01000000   25.74414069   99.72311266   1.19691147   -1.01669986   
5.49000000   66.73000000   27.82000000   -36.01000000   25.73088663   99.71258516   1.13350363   -1.00748953   
5.49000000   66.73000000   27.82000000   -36.01000000   25.75088771   99.71435063   1.05467243   -1.01871135   
5.49000000   66.73000000   27.82000000   -36.01000000   25.73527947   99.71244819   1.20662517   -0.78455705   
5.49000000   66.73000000   27.82000000   -36.01000000   25.74426067   99.71338604   1.70932751   -0.73838693   
5.49000000   66.73000000   27.82000000   -36.01000000   25.75020628   99.74049429   1.30743874   -0.74869082   
5.49000000   66.73000000   27.82000000   -36.01000000   25.77114398   99.72483839   1.09196383   -0.98129975   
5.49000000   66.73000000   27.82000000   -36.01000000   25.75025418   99.71257496   1.30003787   -0.96483552   
5.49000000   66.73000000   27.82000000   -36.01000000   25.73147592   99.70651901   1.44243623   -0.80695275   
5.49000000   66.73000000   27.82000000   -36.01000000   25.73189153   99.71857568   1.70007488   -0.86119261   
5.49000000   66.73000000   27.82000000   -36.01000000   25.72229159   99.72652723   1.76359037   -0.96425961   
5.49000000   66.73000000   27.82000000   -36.01000000   25.71154533   99.72372458   1.01927392   -0.83365037   
5.49000000   66.73000000   27.82000000   -36.01000000   25.72575132   99.71658539   1.14358672   -0.87437250   
5.49000000   66.73000000   27.82000000   -36.01000000   25.75379344   99.74649238   1.05220437   -0.86799481   
5.49000000   66.73000000   27.82000000   -36.01000000   25.75236300   99.74390638   1.19858605   -0.86637695   
5.49000000   66.73000000   27.82000000   -36.01000000   25.76419877   99.70922477   1.00984897   -0.93923467   
5.49000000   66.73000000   27.82000000   -36.01000000   25.76531347   99.73913819   1.27697598   -0.85187750   
5.49000000   66.73000000   27.82000000   -36.01000000   25.73630863   99.71507666   1.41018104   -0.99264440   
5.49000000   66.73000000   27.82000000   -36.01000000   25.72985843   99.71761948   1.15238949   -1.17700773   
5.49000000   66.73000000   27.82000000   -36.01000000   25.72803361   99.72500394   1.42452774   -1.14485880   
5.49000000   66.73000000   27.82000000   -36.01000000   25.75545040   99.74143439   1.22108323   -0.96235996   
5.49000000   66.73000000   27.82000000   -36.01000000   25.73473046   99.72704392   1.63583348   -0.95766095   
5.49000000   66.73000000   27.82000000   -36.01000000   25.74047250   99.70983184   1.09505507   -0.97401525   
5.49000000   66.73000000   27.82000000   -36.01000000   25.74417652   99.71507545   1.39298998   -0.93854178   
5.49000000   66.73000000   27.82000000   -36.01000000   25.74853346   99.70455419   1.09651435   -0.83967185   
5.49000000   66.73000000   27.82000000   -36.01000000   25.73530586   99.72294902   1.10763833   -1.00400651   
5.49000000   66.73000000   27.82000000   -36.01000000   25.74099812   99.74734698   1.01450535   -0.87313375   
5.49000000   66.73000000   27.82000000   -36.01000000   25.73967237   99.76517954   1.53940557   -0.79619622   
5.49000000   66.73000000   27.82000000   -36.01000000   25.75196890   99.76279698   1.38906933   -0.76204934   
5.49000000   66.73000000   27.82000000   -36.01000000   25.74233551   99.75706441   1.35407155   -0.85421608   
5.49000000   66.73000000   27.82000000   -36.01000000   25.71807637   99.74041371   1.57576565   -0.75276535   
5.49000000   66.73000000   27.82000000   -36.01000000   25.72019008   99.71260010   1.40018596   -0.58298642   
5.49000000   66.73000000   27.82000000   -36.01000000   25.72878456   99.71318717   1.18373010   -0.51398477   
5.49000000   66.73000000   27.82000000   -36.01000000   25.72431627   99.72099436   1.06453420   -0.56746284   
5.49000000   66.73000000   27.82000000   -36.01000000   25.75256582   99.72996161   1.24531198   -0.56026305   
5.49000000   66.73000000   27.82000000   -36.01000000   25.75131905   99.72148057   1.01602550   -0.54803057   
5.49000000   66.73000000   27.82000000   -36.01000000   25.74927447   99.72803782   1.20149890   -0.47668592   
5.49000000   66.73000000   27.82000000   -36.01000000   25.74979963   99.72551640   1.12487147   -0.67901081   
5.49000000   66.73000000   27.82000000   -36.01000000   25.74001280   99.73964229   1.23587594   -0.78645224   
5.49000000   66.73000000   27.82000000   -36.01000000   25.75922239   99.72957555   1.17616111   -0.74208869   
5.49000000   66.73000000   27.82000000   -36.01000000   25.74291740   99.73725965   1.10867074   -0.76210066   
5.49000000   66.73000000   27.82000000   -36.01000000   25.72000076   99.72918127   1.14474848   -0.66763628   
5.49000000   66.73000000   27.82000000   -36.01000000   25.71800664   99.74034060   1.32011293   -0.54457909   
5.49000000   66.73000000   27.82000000   -36.01000000   25.72346895   99.76887247   1.59433698   -0.54362504   
5.49000000   66.73000000   27.82000000   -36.01000000   25.72179107   99.75426879   1.45924508   -0.68602185   
5.49000000   66.73000000   27.82000000   -36.01000000   25.72342041   99.73785505   1.73900253   -0.85891156   
5.49000000   66.73000000   27.82000000   -36.01000000   25.73871828   99.72841761   1.20402353   -0.97532583   
5.49000000   66.73000000   27.82000000   -36.01000000   25.72275020   99.72638006   1.00930444   -1.02002298   
5.49000000   66.73000000   27.82000000   -36.01000000   25.73006206   99.73259667   1.09338859   -0.98705947   
5.49000000   66.73000000   27.82000000   -36.01000000   25.73585995   99.72515836   1.09481731   -0.99990704   
5.49000000   66.73000000   27.82000000   -36.01000000   25.75428141   99.73066691   1.27146534   -0.75556630   
5.49000000   66.73000000   27.82000000   -36.01000000   25.73944556   99.74320909   1.66216333   -0.77799343   
5.49000000   66.73000000   27.82000000   -36.01000000   25.74799149   99.73741492   1.95580892   -0.79304528   
5.49000000   66.73000000   27.82000000   -36.01000000   25.71072263   99.72926043   1.98943409   -0.75353027   
5.49000000   66.73000000   27.82000000   -36.01000000   25.71178292   99.77703767   1.20633718   -0.69808061   
5.49000000   66.73000000   27.82000000   -36.01000000   25.70819088   99.75257199   1.70819755   -0.78693832   
5.49000000   66.73000000   27.82000000   -36.01000000   25.72147258   99.73929231   1.28286738   -0.69242295   
5.49000000   66.73000000   27.82000000   -36.01000000   25.71954215   99.74033119   1.22936921   -0.64218056   
5.49000000   66.73000000   27.82000000   -36.01000000   25.74873648   99.74405309   1.12084414   -0.58393502   
5.49000000   66.73000000   27.82000000   -36.01000000   25.73588672   99.76127128   1.06148530   -0.63837052   
5.49000000   66.73000000   27.82000000   -36.01000000   25.69396205   99.75477747   1.38768171   -0.64713813   
5.49000000   66.73000000   27.82000000   -36.01000000   25.71387975   99.74528278   1.67278414   -0.63508433   
5.49000000   66.73000000   27.82000000   -36.01000000   25.71713706   99.75246870   1.48083829   -0.39903564   
5.49000000   66.73000000   27.82000000   -36.01000000   25.74812991   99.73206698   1.32805051   -0.58188476   
5.49000000   66.73000000   27.82000000   -36.01000000   25.73626794   99.73526822   1.41392318   -0.45430071   
5.49000000   66.73000000   27.82000000   -36.01000000   25.73165715   99.75189887   1.59794772   -0.39091440   
5.49000000   66.73000000   27.82000000   -36.01000000   25.71454596   99.75736992   1.72021335   -0.21567918   
5.49000000   66.73000000   27.82000000   -36.01000000   25.69357963   99.76036938   1.25826131   -0.35050266   
5.49000000   66.73000000   27.82000000   -36.01000000   25.72475465   99.74080610   1.62429141   -0.28153493   
5.49000000   66.73000000   27.82000000   -36.01000000   25.73001487   99.73167099   1.24119326   -0.55214644   
5.49000000   66.73000000   27.82000000   -36.01000000   25.73259633   99.72358755   1.26777458   -0.57741466   
5.49000000   66.73000000   27.82000000   -36.01000000   25.72385336   99.72309734   1.02357617   -0.61290367   
5.49000000   66.73000000   27.82000000   -36.01000000   25.73046018   99.72796312   1.10580171   -0.77632483   
5.49000000   66.73000000   27.82000000   -36.01000000   25.72328353   99.73789534   1.21853086   -0.69007554   
5.49000000   66.73000000   27.82000000   -36.01000000   25.74579040   99.74569145   1.07512923   -0.71296867   
5.49000000   66.73000000   27.82000000   -36.01000000   25.72651886   99.74391034   1.08367227   -0.65742708   
5.49000000   66.73000000   27.82000000   -36.01000000   25.72202796   99.75134354   1.13840287   -0.60595737   
5.49000000   66.73000000   27.82000000   -36.01000000   25.71862472   99.76099162   1.19139040   -0.54593526   
5.49000000   66.73000000   27.82000000   -36.01000000   25.74664177   99.73867202   1.33770520   -0.56442715   
5.49000000   66.73000000   27.82000000   -36.01000000   25.72653803   99.74584195   1.27483496   -0.51247342   
5.49000000   66.73000000   27.82000000   -36.01000000   25.73422273   99.74761122   1.12823171   -0.50023859   
5.49000000   66.73000000   27.82000000   -36.01000000   25.71948816   99.74740923   1.52668974   -0.37868602   
5.49000000   66.73000000   27.82000000   -36.01000000   25.73907361   99.74079764   1.43698700   -0.40958723   
5.49000000   66.73000000   27.82000000   -36.01000000   25.75580963   99.75746009   1.09177038   -0.59720331   
5.49000000   66.73000000   27.82000000   -36.01000000   25.73278943   99.75768844   1.26842058   -0.60111734   
5.49000000   66.73000000   27.82000000   -36.01000000   25.70049005   99.73788049   1.72410933   -0.53590650   
5.49000000   66.73000000   27.82000000   -36.01000000   25.72878336   99.71720696   1.34599345   -0.59001013   
5.49000000   66.73000000   27.82000000   -36.01000000   25.73641717   99.73016022   1.03970675   -0.52434738   
5.49000000   66.73000000   27.82000000   -36.01000000   25.74430650   99.74716287   1.52460757   -0.57368340   
5.49000000   66.73000000   27.82000000   -36.01000000   25.72142420   99.72929726   1.61428736   -0.56620357   
5.49000000   66.73000000   27.82000000   -36.01000000   25.73529467   99.73101849   2.04090332   -0.56218860   
5.49000000   66.73000000   27.82000000   -36.01000000   25.71194063   99.72565487   1.22609016   -0.41133594   
5.49000000   66.73000000   27.82000000   -36.01000000   25.70117136   99.73802011   1.21627261   -0.39839952   
5.49000000   66.73000000   27.82000000   -36.01000000   25.72012643   99.73764987   1.09807172   -0.32579557   
5.49000000   66.73000000   27.82000000   -36.01000000   25.72285300   99.74727076   1.04424267   -0.35430238   
5.49000000   66.73000000   27.82000000   -36.01000000   25.73314305   99.74826736   1.22920303   -0.11852511   
5.49000000   66.73000000   27.82000000   -36.01000000   25.74298784   99.74141502   1.21668442   -0.17311145   
5.49000000   66.73000000   27.82000000   -36.01000000   25.73976421   99.74020705   1.10248477   -0.37827123   
5.49000000   66.73000000   27.82000000   -36.01000000   25.70559668   99.74419308   1.29807161   -0.33397093   
5.49000000   66.73000000   27.82000000   -36.01000000   25.70090317   99.76240072   1.02354857   -0.25480452   
5.49000000   66.73000000   27.82000000   -36.01000000   25.70313347   99.76527827   1.05233052   -0.21427751   
5.49000000   66.73000000   27.82000000   -36.01000000   25.69078729   99.73712220   1.09546002   -0.37214759   
5.49000000   66.73000000   27.82000000   -36.01000000   25.70036688   99.74924123   1.16648692   -0.31548668   
5.49000000   66.73000000   27.82000000   -36.01000000   25.72230301   99.72461578   1.71983402   -0.43325260   
5.49000000   66.73000000   27.82000000   -36.01000000   25.71117746   99.73508827   1.53471014   -0.31432795   
5.49000000   66.73000000   27.82000000   -36.01000000   25.71253648   99.76730249   1.60655528   -0.25336758   
5.49000000   66.73000000   27.82000000   -36.01000000   25.69554380   99.77136339   1.23285811   -0.08416180   
5.49000000   66.73000000   27.82000000   -36.01000000   25.71260299   99.77350670   1.35963168   -0.02050196   
5.49000000   66.73000000   27.82000000   -36.01000000   25.72200130   99.78591901   1.04922611   -0.06083586   
5.49000000   66.73000000   27.82000000   -36.01000000   25.72625215   99.78171276   1.33455820   -0.09761298   
5.49000000   66.73000000   27.82000000   -36.01000000   25.74767950   99.75766388   2.21495144   -0.14897974   
5.49000000   66.73000000   27.82000000   -36.01000000   25.74360806   99.77268505   2.92060816   -0.27400124   
5.49000000   66.73000000   27.82000000   -36.01000000   25.72524130   99.78005203   2.82170533   0.01659246   
5.49000000   66.73000000   27.82000000   -36.01000000   25.74746145   99.75401826   2.76926978   -0.00958267   
5.49000000   66.73000000   27.82000000   -36.01000000   25.74918074   99.76175184   1.86572934   -0.11046162   
5.49000000   66.73000000   27.82000000   -36.01000000   25.70134426   99.72376402   1.16504406   -0.10646006   
5.49000000   66.73000000   27.82000000   -36.01000000   25.68833271   99.72120009   1.10752116   -0.16533026   
5.49000000   66.73000000   27.82000000   -36.01000000   25.69093696   99.73000739   1.18988182   -0.13736698   
5.49000000   66.73000000   27.82000000   -36.01000000   25.73887529   99.72755675   1.48158549   0.01487155   
5.49000000   66.73000000   27.82000000   -36.01000000   25.72485895   99.73233215   1.44652687   0.11162905   
5.49000000   66.73000000   27.82000000   -36.01000000   25.72749908   99.74715704   1.37088799   0.08420936   
5.49000000   66.73000000   27.82000000   -36.01000000   25.72340560   99.76816989   1.28564512   0.22268728   
5.49000000   66.73000000   27.82000000   -36.01000000   25.72144729   99.75487510   1.65021066   0.11961973   
5.49000000   66.73000000   27.82000000   -36.01000000   25.73327839   99.74936646   1.72321620   0.17302549   
5.49000000   66.73000000   27.82000000   -36.01000000   25.73616726   99.76840089   1.05400886   0.27825846   
5.49000000   66.73000000   27.82000000   -36.01000000   25.74904585   99.78258548   1.03332907   0.02939945   
5.49000000   66.73000000   27.82000000   -36.01000000   25.73726397   99.77326792   1.04842497   0.04712359   
5.49000000   66.73000000   27.82000000   -36.01000000   25.71228455   99.76546113   1.68054990   0.13271570   
5.49000000   66.73000000   27.82000000   -36.01000000   25.71542331   99.77081825   1.32267645   0.08788002   
5.49000000   66.73000000   27.82000000   -36.01000000   25.68865692   99.74971807   1.29312545   -0.06472223   
5.49000000   66.73000000   27.82000000   -36.01000000   25.72777438   99.78827886   1.05053320   0.00566722   
5.49000000   66.73000000   27.82000000   -36.01000000   25.72326726   99.76868926   2.00729905   -0.04016329   
5.49000000   66.73000000   27.82000000   -36.01000000   25.72487080   99.74024681   2.15156201   -0.13022107   
5.49000000   66.73000000   27.82000000   -36.01000000   25.71819486   99.73378759   2.24127420   -0.16979558   
5.49000000   66.73000000   27.82000000   -36.01000000   25.73192034   99.74278248   2.35780329   -0.22329984   
5.49000000   66.73000000   27.82000000   -36.01000000   25.72929206   99.74685137   1.13313449   -0.07264761   
5.49000000   66.73000000   27.82000000   -36.01000000   25.71318060   99.75196237   1.27925132   -0.18803033   
5.49000000   66.73000000   27.82000000   -36.01000000   25.69009091   99.76386509   1.24568573   -0.29560849   
5.49000000   66.73000000   27.82000000   -36.01000000   25.70709088   99.77276649   1.00923571   -0.24554237   
5.49000000   66.73000000   27.82000000   -36.01000000   25.72178470   99.75543162   1.03266680   -0.15820863   
5.49000000   66.73000000   27.82000000   -36.01000000   25.72000503   99.76727428   1.16296108   -0.04922209   
5.49000000   66.73000000   27.82000000   -36.01000000   25.72139834   99.76868903   1.27330992   -0.06248047   
5.49000000   66.73000000   27.82000000   -36.01000000   25.72095253   99.76656528   2.15272464   -0.10643689   
5.49000000   66.73000000   27.82000000   -36.01000000   25.71346678   99.74214427   1.78856795   -0.16323890   
5.49000000   66.73000000   27.82000000   -36.01000000   25.71176701   99.75410969   1.65219761   -0.08367096   
5.49000000   66.73000000   27.82000000   -36.01000000   25.71142430   99.75581697   1.23100507   -0.01932410   
5.49000000   66.73000000   27.82000000   -36.01000000   25.72833077   99.73742746   1.13645804   0.10363509   
5.49000000   66.73000000   27.82000000   -36.01000000   25.72288906   99.75829149   1.06247948   0.07889881   
5.49000000   66.73000000   27.82000000   -36.01000000   25.71630302   99.71916283   1.38308065   0.05860975   
5.49000000   66.73000000   27.82000000   -36.01000000   25.69831078   99.72732151   1.53975171   0.22272416   
5.49000000   66.73000000   27.82000000   -36.01000000   25.69648406   99.72050661   2.20299383   0.16460594   
5.49000000   66.73000000   27.82000000   -36.01000000   25.69808327   99.78026956   3.22473912   0.14100112   
5.49000000   66.73000000   27.82000000   -36.01000000   25.71544117   99.76928215   3.10770084   -0.00229863   
5.49000000   66.73000000   27.82000000   -36.01000000   25.71265758   99.73119549   3.07886352   0.06426404   
5.49000000   66.73000000   27.82000000   -36.01000000   25.73545029   99.75569599   2.25241556   0.13443413   
5.49000000   66.73000000   27.82000000   -36.01000000   25.72746387   99.76745310   2.27014741   0.24861029   
5.49000000   66.73000000   27.82000000   -36.01000000   25.73145871   99.77131370   2.22610509   0.25392263   
5.49000000   66.73000000   27.82000000   -36.01000000   25.73223288   99.74598599   2.22456660   0.30152172   
5.49000000   66.73000000   27.82000000   -36.01000000   25.72012202   99.77599864   1.33361285   0.32182091   
5.49000000   66.73000000   27.82000000   -36.01000000   25.73113980   99.77104997   1.64307583   0.21191710   
5.49000000   66.73000000   27.82000000   -36.01000000   25.73699294   99.76212683   1.18498885   0.13013551   
5.49000000   66.73000000   27.82000000   -36.01000000   25.73616897   99.75479964   1.29728542   0.00721494   
5.49000000   66.73000000   27.82000000   -36.01000000   25.76618072   99.77143023   1.00324079   -0.07587616   
5.49000000   66.73000000   27.82000000   -36.01000000   25.75344927   99.77115809   1.74672493   -0.18729447   
5.49000000   66.73000000   27.82000000   -36.01000000   25.75552083   99.76690119   1.15791612   -0.00400565   
5.49000000   66.73000000   27.82000000   -36.01000000   25.74972678   99.77082790   1.18091037   -0.17000638   
5.49000000   66.73000000   27.82000000   -36.01000000   25.74005007   99.77566917   1.17821424   -0.40018787   
5.49000000   66.73000000   27.82000000   -36.01000000   25.70602334   99.75989329   1.27797525   -0.34039212   
5.49000000   66.73000000   27.82000000   -36.01000000   25.71571183   99.75809092   1.15335629   -0.27988498   
5.49000000   66.73000000   27.82000000   -36.01000000   25.70746587   99.74509854   1.09199390   -0.38137042   
5.49000000   66.73000000   27.82000000   -36.01000000   25.72135927   99.71826864   1.18347706   -0.46481227   
5.49000000   66.73000000   27.82000000   -36.01000000   25.73222162   99.71527158   1.27873480   -0.47958111   
5.49000000   66.73000000   27.82000000   -36.01000000   25.73143581   99.71527710   1.74178393   -0.56119553   
5.49000000   66.73000000   27.82000000   -36.01000000   25.73860599   99.72182595   1.73529123   -0.66242223   
5.49000000   66.73000000   27.82000000   -36.01000000   25.73007908   99.71618907   1.39451555   -0.71532060   
5.49000000   66.73000000   27.82000000   -36.01000000   25.73552283   99.70101817   1.78624582   -0.86492469   
5.49000000   66.73000000   27.82000000   -36.01000000   25.72940881   99.70844265   1.41104182   -0.71175424   
5.49000000   66.73000000   27.82000000   -36.01000000   25.73967147   99.72132580   1.56763107   -0.61117018   
5.49000000   66.73000000   27.82000000   -36.01000000   25.75288241   99.73993941   1.17970053   -0.61586978   
5.49000000   66.73000000   27.82000000   -36.01000000   25.75377001   99.74312194   1.19678850   -0.51698833   
5.49000000   66.73000000   27.82000000   -36.01000000   25.74491704   99.73275777   1.05889552   -0.41258296   
5.49000000   66.73000000   27.82000000   -36.01000000   25.74462491   99.73576205   1.40421901   -0.43500548   
5.49000000   66.73000000   27.82000000   -36.01000000   25.73777445   99.72900076   1.53218053   -0.25124310   
5.49000000   66.73000000   27.82000000   -36.01000000   25.73454264   99.73260106   1.70013140   -0.29019651   
5.49000000   66.73000000   27.82000000   -36.01000000   25.72882703   99.73592646   1.64704571   -0.25736427   
5.49000000   66.73000000   27.82000000   -36.01000000   25.73116748   99.73542042   2.62130822   -0.09939074   
5.49000000   66.73000000   27.82000000   -36.01000000   25.74694645   99.74699230   2.09881596   -0.21876864   
5.49000000   66.73000000   27.82000000   -36.01000000   25.74241390   99.72537342   2.25861496   -0.14974653   
5.49000000   66.73000000   27.82000000   -36.01000000   25.72769697   99.72215445   2.45946496   -0.22446665   
5.49000000   66.73000000   27.82000000   -36.01000000   25.74833971   99.74830406   3.52204255   -0.25680612   
5.49000000   66.73000000   27.82000000   -36.01000000   25.73910214   99.74426996   3.49573712   -0.18720070   
5.49000000   66.73000000   27.82000000   -36.01000000   25.73611501   99.76699419   3.06913356   -0.13242263   
5.49000000   66.73000000   27.82000000   -36.01000000   25.73018586   99.73070055   3.37660346   -0.15647577   
5.49000000   66.73000000   27.82000000   -36.01000000   25.72394055   99.73464145   2.81363960   -0.29585618   
5.49000000   66.73000000   27.82000000   -36.01000000   25.70398896   99.74372726   2.76070468   -0.30679937   
5.49000000   66.73000000   27.82000000   -36.01000000   25.71565381   99.77045159   2.31740545   -0.13885886   
5.49000000   66.73000000   27.82000000   -36.01000000   25.75137345   99.77398600   1.90357200   -0.19043185   
5.49000000   66.73000000   27.82000000   -36.01000000   25.75820171   99.76600485   2.14582264   -0.19737966   
5.49000000   66.73000000   27.82000000   -36.01000000   25.74755734   99.73494605   1.81842104   -0.22271007   
5.49000000   66.73000000   27.82000000   -36.01000000   25.73596873   99.71820516   1.80659329   -0.38382094   
5.49000000   66.73000000   27.82000000   -36.01000000   25.74033082   99.71294956   2.14013287   -0.48055140   
5.49000000   66.73000000   27.82000000   -36.01000000   25.73058753   99.71348497   2.54451121   -0.46570434   
5.49000000   66.73000000   27.82000000   -36.01000000   25.76112611   99.74165077   1.97991970   -0.44674152   
5.49000000   66.73000000   27.82000000   -36.01000000   25.72347878   99.70611163   2.86016823   -0.47884956   
5.49000000   66.73000000   27.82000000   -36.01000000   25.72395598   99.73552742   3.16973999   -0.37816156   
5.49000000   66.73000000   27.82000000   -36.01000000   25.72394248   99.74911708   2.73665228   -0.45740367   
5.49000000   66.73000000   27.82000000   -36.01000000   25.72322793   99.74692331   2.19814556   -0.51798280   
5.49000000   66.73000000   27.82000000   -36.01000000   25.72085938   99.71536646   1.85405564   -0.44266691   
5.49000000   66.73000000   27.82000000   -36.01000000   25.71200660   99.72996922   1.03842131   -0.41127147   
5.49000000   66.73000000   27.82000000   -36.01000000   25.72176964   99.75991628   1.33329448   -0.35378987   
5.49000000   66.73000000   27.82000000   -36.01000000   25.73720282   99.76842400   1.49553392   -0.20352445   
5.49000000   66.73000000   27.82000000   -36.01000000   25.71454616   99.74947606   1.27009249   -0.28545288   
5.49000000   66.73000000   27.82000000   -36.01000000   25.73573167   99.75012355   1.16928380   -0.23940045   
5.49000000   66.73000000   27.82000000   -36.01000000   25.73733454   99.75509725   1.16472514   -0.23405023   
5.49000000   66.73000000   27.82000000   -36.01000000   25.70520366   99.76164863   1.17759635   -0.31640546   
5.49000000   66.73000000   27.82000000   -36.01000000   25.70519717   99.73914339   1.23166482   -0.48105327   
5.49000000   66.73000000   27.82000000   -36.01000000   25.71720087   99.71710897   1.41138875   -0.32905976   
5.49000000   66.73000000   27.82000000   -36.01000000   25.70504566   99.74567253   1.40404253   -0.21849923   
5.49000000   66.73000000   27.82000000   -36.01000000   25.70652583   99.73488466   1.31960073   -0.29385549   
5.49000000   66.73000000   27.82000000   -36.01000000   25.70105651   99.74367043   1.37106366   -0.26364581   
5.49000000   66.73000000   27.82000000   -36.01000000   25.69673048   99.74657634   1.74000561   -0.28800297   
5.49000000   66.73000000   27.82000000   -36.01000000   25.71913769   99.75022856   1.00095494   -0.38961813   
5.49000000   66.73000000   27.82000000   -36.01000000   25.73173083   99.73458779   1.35780520   -0.31763745   
5.49000000   66.73000000   27.82000000   -36.01000000   25.72700789   99.73644532   1.04301620   -0.51246375   
5.49000000   66.73000000   27.82000000   -36.01000000   25.72021420   99.72617673   1.13184813   -0.49236135   
5.49000000   66.73000000   27.82000000   -36.01000000   25.71691920   99.72402992   1.18570159   -0.48204337   
5.49000000   66.73000000   27.82000000   -36.01000000   25.70762276   99.73017333   1.08803373   -0.30216049   
5.49000000   66.73000000   27.82000000   -36.01000000   25.74938767   99.73145159   1.10009483   -0.18499745   
5.49000000   66.73000000   27.82000000   -36.01000000   25.72444505   99.77164988   1.09888986   -0.11910029   
5.49000000   66.73000000   27.82000000   -36.01000000   25.75956159   99.76409972   1.09869671   -0.20797088   
5.49000000   66.73000000   27.82000000   -36.01000000   25.72508437   99.76790032   1.29153039   -0.54440324   
5.49000000   66.73000000   27.82000000   -36.01000000   25.70798047   99.75417304   1.00766812   -0.47974106   
5.49000000   66.73000000   27.82000000   -36.01000000   25.71140419   99.72457554   1.10589326   -0.61049522   
5.49000000   66.73000000   27.82000000   -36.01000000   25.71919269   99.72068334   1.72697332   -0.64322587   
5.49000000   66.73000000   27.82000000   -36.01000000   25.73421542   99.71819097   1.54598433   -0.66097655   
5.49000000   66.73000000   27.82000000   -36.01000000   25.73562283   99.72709204   1.52071940   -0.55820844   
5.49000000   66.73000000   27.82000000   -36.01000000   25.72893236   99.74300570   1.40410884   -0.48613751   
5.49000000   66.73000000   27.82000000   -36.01000000   25.72288324   99.74704139   1.31952287   -0.45690088   
5.49000000   66.73000000   27.82000000   -36.01000000   25.71777379   99.73091876   1.09907928   -0.47406284   
5.49000000   66.73000000   27.82000000   -36.01000000   25.71817908   99.72776114   1.16005657   -0.62804394   
5.49000000   66.73000000   27.82000000   -36.01000000   25.71983928   99.72523505   1.10730024   -0.73221617   
5.49000000   66.73000000   27.82000000   -36.01000000   25.71175924   99.74258332   1.02490513   -0.63984114   
5.49000000   66.73000000   27.82000000   -36.01000000   25.74186043   99.76668145   1.52201474   -0.57805192   
5.49000000   66.73000000   27.82000000   -36.01000000   25.74259499   99.73127157   1.64665837   -0.52500855   
5.49000000   66.73000000   27.82000000   -36.01000000   25.73834913   99.74839737   1.82416989   -0.55083528   
5.49000000   66.73000000   27.82000000   -36.01000000   25.74369801   99.76244282   1.60822544   -0.44568030   
5.49000000   66.73000000   27.82000000   -36.01000000   25.73707206   99.73017133   1.96093159   -0.37465562   
5.49000000   66.73000000   27.82000000   -36.01000000   25.73480473   99.73622057   1.50931143   -0.30912254   
5.49000000   66.73000000   27.82000000   -36.01000000   25.74435971   99.72830425   2.70493240   -0.36184498   
5.49000000   66.73000000   27.82000000   -36.01000000   25.74074595   99.74309193   2.32928711   -0.43646836   
5.49000000   66.73000000   27.82000000   -36.01000000   25.73545522   99.73205269   2.41480961   -0.55290988   
5.49000000   66.73000000   27.82000000   -36.01000000   25.74137339   99.74885826   2.20691707   -0.51529291   
5.49000000   66.73000000   27.82000000   -36.01000000   25.76011552   99.73026679   1.02675828   -0.49343334   
5.49000000   66.73000000   27.82000000   -36.01000000   25.75213848   99.73671573   1.23763734   -0.42471568   
5.49000000   66.73000000   27.82000000   -36.01000000   25.75198334   99.75067944   1.47674169   -0.36993065   
5.49000000   66.73000000   27.82000000   -36.01000000   25.73408519   99.75145140   1.09286795   -0.24655951   
5.49000000   66.73000000   27.82000000   -36.01000000   25.73134596   99.75523440   1.03380681   -0.27414615   
5.49000000   66.73000000   27.82000000   -36.01000000   25.72762033   99.73769501   1.18218225   -0.35653748   
5.49000000   66.73000000   27.82000000   -36.01000000   25.72231873   99.75831102   1.02855820   -0.41332792   
5.49000000   66.73000000   27.82000000   -36.01000000   25.71542006   99.75245623   1.20376058   -0.31446884   
5.49000000   66.73000000   27.82000000   -36.01000000   25.71903757   99.75120107   1.20450763   -0.32413486   
5.49000000   66.73000000   27.82000000   -36.01000000   25.72846078   99.74531166   1.54102470   -0.57535017   
5.49000000   66.73000000   27.82000000   -36.01000000   25.73170469   99.74427096   1.30816383   -0.40044368   
5.49000000   66.73000000   27.82000000   -36.01000000   25.73783895   99.74184074   1.37496460   -0.15429559   
5.49000000   66.73000000   27.82000000   -36.01000000   25.74744698   99.73914094   1.35134501   -0.16473310   
5.49000000   66.73000000   27.82000000   -36.01000000   25.74751218   99.73707899   1.44356377   -0.23318034   
5.49000000   66.73000000   27.82000000   -36.01000000   25.71385255   99.75064000   1.30123429   -0.23251862   
5.49000000   66.73000000   27.82000000   -36.01000000   25.74153560   99.75437318   1.43087793   -0.17618905   
5.49000000   66.73000000   27.82000000   -36.01000000   25.71283694   99.75807705   1.58660174   -0.05344903   
5.49000000   66.73000000   27.82000000   -36.01000000   25.71243614   99.75289463   1.47918693   -0.00998894   
5.49000000   66.73000000   27.82000000   -36.01000000   25.71123050   99.74105140   1.18317002   -0.01630525   
5.49000000   66.73000000   27.82000000   -36.01000000   25.71784907   99.75438593   1.81510005   -0.16218768   
5.49000000   66.73000000   27.82000000   -36.01000000   25.71308932   99.73638114   1.82142367   -0.21944336   
5.49000000   66.73000000   27.82000000   -36.01000000   25.70756004   99.74613015   1.43718756   -0.31345134   
5.49000000   66.73000000   27.82000000   -36.01000000   25.72129961   99.74861590   1.58695098   -0.30722494   
5.49000000   66.73000000   27.82000000   -36.01000000   25.71005349   99.73777275   1.53263813   -0.34007794   
5.49000000   66.73000000   27.82000000   -36.01000000   25.70440006   99.75288811   1.20062568   -0.32990159   
5.49000000   66.73000000   27.82000000   -36.01000000   25.72717002   99.73974990   1.11915288   -0.40315238   
5.49000000   66.73000000   27.82000000   -36.01000000   25.74103423   99.73800949   1.31091004   -0.41004387   
5.49000000   66.73000000   27.82000000   -36.01000000   25.73156253   99.72821211   1.30451029   -0.19079063   
5.49000000   66.73000000   27.82000000   -36.01000000   25.72931842   99.72688393   1.00030356   -0.14902000   
5.49000000   66.73000000   27.82000000   -36.01000000   25.70365615   99.73721093   1.50803178   -0.24535095   
5.49000000   66.73000000   27.82000000   -36.01000000   25.71685370   99.73227999   1.24687218   -0.29696116   
5.49000000   66.73000000   27.82000000   -36.01000000   25.70820868   99.75754923   1.39480222   -0.18232841   
5.49000000   66.73000000   27.82000000   -36.01000000   25.71460970   99.76411410   1.67729572   -0.20083679   
5.49000000   66.73000000   27.82000000   -36.01000000   25.71975717   99.74117166   1.56603201   -0.15615430   
5.49000000   66.73000000   27.82000000   -36.01000000   25.70166972   99.76160619   1.61864135   -0.28756043   
5.49000000   66.73000000   27.82000000   -36.01000000   25.72968705   99.72647852   1.08308887   -0.43770858   
5.49000000   66.73000000   27.82000000   -36.01000000   25.70077699   99.74318104   1.53587608   -0.31011219   
5.49000000   66.73000000   27.82000000   -36.01000000   25.72639444   99.75688110   1.50677613   -0.19170891   
5.49000000   66.73000000   27.82000000   -36.01000000   25.71151522   99.72899371   1.66761203   -0.19926286   
5.49000000   66.73000000   27.82000000   -36.01000000   25.70761971   99.74190948   2.02221666   -0.11558616   
5.49000000   66.73000000   27.82000000   -36.01000000   25.73347311   99.75691429   2.00406818   -0.14269939   
5.49000000   66.73000000   27.82000000   -36.01000000   25.72043106   99.76640101   1.63228526   -0.19352147   
5.49000000   66.73000000   27.82000000   -36.01000000   25.71433974   99.76339690   1.65771995   -0.19755630   
5.49000000   66.73000000   27.82000000   -36.01000000   25.72682322   99.76500508   1.47487397   -0.17603153   
5.49000000   66.73000000   27.82000000   -36.01000000   25.71984855   99.79254450   1.21484664   -0.25563361   
5.49000000   66.73000000   27.82000000   -36.01000000   25.69726363   99.77378912   1.13610569   -0.27033661   
5.49000000   66.73000000   27.82000000   -36.01000000   25.70052866   99.75252943   1.39356060   -0.21170371   
5.49000000   66.73000000   27.82000000   -36.01000000   25.72523296   99.74421197   1.79180361   -0.18169549   
5.49000000   66.73000000   27.82000000   -36.01000000   25.72418668   99.73796382   1.24025690   -0.05167858   
5.49000000   66.73000000   27.82000000   -36.01000000   25.73822744   99.73028187   1.08634860   -0.18662862   
5.49000000   66.73000000   27.82000000   -36.01000000   25.73680024   99.74090618   1.52860893   -0.22780901   
5.49000000   66.73000000   27.82000000   -36.01000000   25.72967034   99.73848452   1.90261376   -0.19298963   
5.49000000   66.73000000   27.82000000   -36.01000000   25.73170267   99.75412537   1.18138264   -0.13329112   
5.49000000   66.73000000   27.82000000   -36.01000000   25.71249594   99.75672032   1.02996717   -0.02589678   
5.49000000   66.73000000   27.82000000   -36.01000000   25.70217629   99.76216321   1.22907538   -0.09727457   
5.49000000   66.73000000   27.82000000   -36.01000000   25.70109687   99.76162978   1.23208928   0.05836494   
5.49000000   66.73000000   27.82000000   -36.01000000   25.71121558   99.76696508   1.60859416   -0.14485616   
5.49000000   66.73000000   27.82000000   -36.01000000   25.70690970   99.77269833   1.09197050   -0.08380013   
5.49000000   66.73000000   27.82000000   -36.01000000   25.72400314   99.76177251   1.12526809   -0.21640679   
5.49000000   66.73000000   27.82000000   -36.01000000   25.70890845   99.74216459   1.69155702   -0.16364487   
5.49000000   66.73000000   27.82000000   -36.01000000   25.70522605   99.72856370   1.30118068   -0.24607784   
5.49000000   66.73000000   27.82000000   -36.01000000   25.71049203   99.71608234   1.53385485   -0.19862419   
5.49000000   66.73000000   27.82000000   -36.01000000   25.71039467   99.71819396   1.36018368   -0.27616424   
5.49000000   66.73000000   27.82000000   -36.01000000   25.74456827   99.77150431   1.59053936   -0.28709564   
5.49000000   66.73000000   27.82000000   -36.01000000   25.72559414   99.77621080   1.52611983   -0.26117129   
5.49000000   66.73000000   27.82000000   -36.01000000   25.70162391   99.77567436   1.69844857   -0.22757688   
5.49000000   66.73000000   27.82000000   -36.01000000   25.71772278   99.77762751   1.60111696   -0.20886809   
5.49000000   66.73000000   27.82000000   -36.01000000   25.70276949   99.77251636   1.33805606   -0.24106049   
5.49000000   66.73000000   27.82000000   -36.01000000   25.69815034   99.76054970   1.15570293   -0.39162923   
5.49000000   66.73000000   27.82000000   -36.01000000   25.71721985   99.74614418   1.26445091   -0.34506611   
5.49000000   66.73000000   27.82000000   -36.01000000   25.74138227   99.73371449   2.08276500   -0.30977560   
5.49000000   66.73000000   27.82000000   -36.01000000   25.71522464   99.73913191   2.23161601   -0.31626772   
5.49000000   66.73000000   27.82000000   -36.01000000   25.72026470   99.73156012   2.59035008   -0.30866223   
5.49000000   66.73000000   27.82000000   -36.01000000   25.72757023   99.72084620   2.99943286   -0.45256616   
5.49000000   66.73000000   27.82000000   -36.01000000   25.73293508   99.73383950   2.28018167   -0.36338707   
5.49000000   66.73000000   27.82000000   -36.01000000   25.72176585   99.73600911   1.80158468   -0.41953421   
5.49000000   66.73000000   27.82000000   -36.01000000   25.71349665   99.77187892   1.14662238   -0.33595950   
5.49000000   66.73000000   27.82000000   -36.01000000   25.68821979   99.74798112   1.15666366   -0.25911828   
5.49000000   66.73000000   27.82000000   -36.01000000   25.72624579   99.73511948   1.29709634   -0.53399242   
5.49000000   66.73000000   27.82000000   -36.01000000   25.71819259   99.72578838   2.46398130   -0.50466031   
5.49000000   66.73000000   27.82000000   -36.01000000   25.71664470   99.71582356   2.29654375   -0.53288557   
5.49000000   66.73000000   27.82000000   -36.01000000   25.73000811   99.74130938   2.50818725   -0.36113804   
5.49000000   66.73000000   27.82000000   -36.01000000   25.71555199   99.74663944   1.98874676   -0.36128035   
5.49000000   66.73000000   27.82000000   -36.01000000   25.74169506   99.75385441   2.62015818   -0.18300676   
5.49000000   66.73000000   27.82000000   -36.01000000   25.74513877   99.77428245   2.32624782   -0.16886151   
5.49000000   66.73000000   27.82000000   -36.01000000   25.75632756   99.73743670   2.88830365   -0.13605769   
5.49000000   66.73000000   27.82000000   -36.01000000   25.73400623   99.72353441   2.64464123   -0.16131167   
5.49000000   66.73000000   27.82000000   -36.01000000   25.74184773   99.71677138   2.98619617   -0.34457138   
5.49000000   66.73000000   27.82000000   -36.01000000   25.72144539   99.71215958   2.73318232   -0.34553454   
5.49000000   66.73000000   27.82000000   -36.01000000   25.72085721   99.71528431   2.81249773   -0.49871877   
5.49000000   66.73000000   27.82000000   -36.01000000   25.71888339   99.70465899   1.86195067   -0.59812036   
5.49000000   66.73000000   27.82000000   -36.01000000   25.71411173   99.70478974   1.55436269   -0.61097705   
5.49000000   66.73000000   27.82000000   -36.01000000   25.72078212   99.72969137   1.30632155   -0.61940949   
5.49000000   66.73000000   27.82000000   -36.01000000   25.70376644   99.74320184   1.16394105   -0.58654893   
5.49000000   66.73000000   27.82000000   -36.01000000   25.72493527   99.73129042   1.50393080   -0.43013853   
5.49000000   66.73000000   27.82000000   -36.01000000   25.72373531   99.73041092   1.50418441   -0.42581955   
5.49000000   66.73000000   27.82000000   -36.01000000   25.70838526   99.72007740   1.78961405   -0.46854042   
5.49000000   66.73000000   27.82000000   -36.01000000   25.74815345   99.73647676   1.12699216   -0.39097857   
5.49000000   66.73000000   27.82000000   -36.01000000   25.72341638   99.73435343   1.24484804   -0.30578901   
5.49000000   66.73000000   27.82000000   -36.01000000   25.72794774   99.72190673   1.06921919   -0.20145770   
5.49000000   66.73000000   27.82000000   -36.01000000   25.71618101   99.72754765   1.88021760   -0.17597853   
5.49000000   66.73000000   27.82000000   -36.01000000   25.70334470   99.74527723   1.68217848   -0.28376703   
5.49000000   66.73000000   27.82000000   -36.01000000   25.72290332   99.72817915   1.85667870   -0.39490657   
5.49000000   66.73000000   27.82000000   -36.01000000   25.71461123   99.73748248   2.53698220   -0.24127064   
5.49000000   66.73000000   27.82000000   -36.01000000   25.72395561   99.73130059   1.94585723   -0.30850536   
5.49000000   66.73000000   27.82000000   -36.01000000   25.72516568   99.72150695   2.22317012   -0.35096838   
5.49000000   66.73000000   27.82000000   -36.01000000   25.71706651   99.73173386   2.21598394   -0.26653472   
5.49000000   66.73000000   27.82000000   -36.01000000   25.73681954   99.72556514   3.19729404   -0.49025695   
5.49000000   66.73000000   27.82000000   -36.01000000   25.71883910   99.75505352   2.79641880   -0.39075964   
5.49000000   66.73000000   27.82000000   -36.01000000   25.71971538   99.72396681   3.67989739   -0.29712814   
5.49000000   66.73000000   27.82000000   -36.01000000   25.71108113   99.73935812   3.26653859   -0.27842882   
5.49000000   66.73000000   27.82000000   -36.01000000   25.72052175   99.72573798   2.08903395   -0.19622475   
5.49000000   66.73000000   27.82000000   -36.01000000   25.71154452   99.77365243   2.12428159   -0.36509734   
5.49000000   66.73000000   27.82000000   -36.01000000   25.69336358   99.76239011   2.74425305   -0.13627068   
5.49000000   66.73000000   27.82000000   -36.01000000   25.72498207   99.77645724   2.32890110   -0.20879083   
5.49000000   66.73000000   27.82000000   -36.01000000   25.74098512   99.78621353   1.51915425   -0.30927016   
5.49000000   66.73000000   27.82000000   -36.01000000   25.76317449   99.76017898   1.12421577   -0.18605410   
5.49000000   66.73000000   27.82000000   -36.01000000   25.74408511   99.78408827   1.11088728   -0.24392220   
5.49000000   66.73000000   27.82000000   -36.01000000   25.75670306   99.76606618   1.41271904   -0.30763800   
5.49000000   66.73000000   27.82000000   -36.01000000   25.74768521   99.74816921   2.15940342   -0.29059703   
5.49000000   66.73000000   27.82000000   -36.01000000   25.72418269   99.73700164   2.27801336   -0.10482447   
5.49000000   66.73000000   27.82000000   -36.01000000   25.72805759   99.75821675   1.99387957   -0.05298310   
5.49000000   66.73000000   27.82000000   -36.01000000   25.72234027   99.73413298   1.42047899   -0.02998179   
5.49000000   66.73000000   27.82000000   -36.01000000   25.70669269   99.75356320   1.15718937   -0.19950921   
5.49000000   66.73000000   27.82000000   -36.01000000   25.72961604   99.73856801   1.10947030   -0.31116123   
5.49000000   66.73000000   27.82000000   -36.01000000   25.70864437   99.74054253   1.14449294   -0.34100598   
5.49000000   66.73000000   27.82000000   -36.01000000   25.70641041   99.72784045   1.17665775   -0.35610893   
5.49000000   66.73000000   27.82000000   -36.01000000   25.72159233   99.74483671   1.16157196   -0.37209011   
5.49000000   66.73000000   27.82000000   -36.01000000   25.73463989   99.76007784   1.20237231   -0.46091504   
5.49000000   66.73000000   27.82000000   -36.01000000   25.74499491   99.75094790   1.06606269   -0.63437341   
5.49000000   66.73000000   27.82000000   -36.01000000   25.72231313   99.74265812   1.22647322   -0.51408140   
