1822.08361197   
1791.17567992   
1773.53956679   
1733.19176990   
1676.69228197   
1592.22694048   
1575.57374388   
1432.02381673   
1432.42886725   
1417.61586344   
1386.47033038   
1346.33847679   
1325.81390072   
1258.35735860   
1220.01705518   
1217.65988707   
1208.66927253   
1193.76359532   
1189.46039342   
1186.24635830   
1185.01718464   
1185.12409403   
1181.04075016   
1182.53797136   
1179.01207637   
1180.50079453   
1171.15375342   
1175.02676736   
1176.21002430   
1176.90109449   
1179.85855673   
1173.76406656   
1165.42068720   
1165.66438198   
1162.74360991   
1166.94406438   
1167.68483925   
1167.00254917   
1167.50859147   
1168.83746963   
1167.47446549   
1167.26287731   
1165.82511431   
1165.39067930   
1163.57462255   
1163.30791007   
1165.88150356   
1166.55799772   
1163.43067608   
1162.53596469   
1164.41852830   
1163.75927917   
1166.89496966   
1162.43054593   
1163.85683508   
1163.54942162   
1164.64450214   
1164.70691855   
1165.82041993   
1164.80733858   
1165.40003650   
1165.15105159   
1165.60753794   
1161.96520833   
1169.02891167   
1171.32191222   
1165.35971186   
1166.39940740   
1164.96744231   
1163.28236308   
1165.49060889   
1163.95427081   
1163.91636838   
1164.09223677   
1162.58001900   
1165.11340633   
1166.80677715   
1168.60678318   
1166.83696011   
1164.13393860   
1164.14250008   
1162.76861361   
1163.09552876   
1164.98203929   
1165.31994847   
1167.28866282   
1164.93157989   
1168.89935399   
1166.75641476   
1163.13260371   
1166.31204194   
1164.74217537   
1170.02902491   
1163.43943572   
1164.91751588   
1170.18262572   
1169.93234456   
1161.81821324   
1161.70876761   
1161.46651839   
1162.37703210   
1160.91502726   
1163.52866310   
1162.68540322   
1164.81258572   
1160.38749474   
1161.11036552   
1163.27497790   
1165.50007753   
1167.15266298   
1166.88043844   
1167.00599730   
1166.45901389   
1169.29165948   
1163.71274531   
1164.41545804   
1162.77636118   
1163.02728046   
1163.61491688   
1163.58085891   
1165.25597575   
1168.87797435   
1164.97756322   
1164.43136258   
1163.40711803   
1162.29780223   
1163.84242653   
1170.11254691   
1166.95000191   
1165.55462564   
1164.97389864   
1165.72278899   
1163.85171485   
1171.54029823   
1171.84528884   
1168.96975091   
1168.46982323   
1169.61836393   
