1822.08361197   
1791.17567992   
1793.49698776   
1773.53956679   
1733.19176990   
1676.69228197   
1796.29127803   
1592.22694048   
1575.57374388   
1432.02381673   
1514.03002687   
1432.42886725   
1417.61586344   
1559.20428100   
1386.47033038   
1424.61215707   
1346.33847679   
1350.77162316   
1325.81390072   
1349.39038892   
1328.21704248   
1258.35735860   
1264.38905470   
1270.72333353   
1291.23744961   
1220.01705518   
1252.73636971   
1300.57813894   
1256.63341633   
1221.41975184   
1246.25983018   
1260.28575837   
1240.94140305   
1234.80858583   
1238.36062578   
1253.03069262   
1217.65988707   
1231.16309565   
1246.41475506   
1208.66927253   
1193.76359532   
1205.92473771   
1189.46039342   
1206.09164114   
1196.73572959   
1193.08813836   
1198.41976066   
1186.24635830   
1185.01718464   
1215.99402797   
1192.10363325   
1185.12409403   
1181.04075016   
1182.53797136   
1207.80644737   
1203.26607787   
1189.53199966   
1236.17151488   
1214.51945330   
1179.01207637   
1189.07662658   
1187.38062203   
1181.55806161   
1186.95033594   
1189.85802357   
1185.94725074   
1182.73588147   
1200.07570009   
1185.45109506   
1199.45781216   
1188.36080215   
1212.37848512   
1180.50079453   
1171.15375342   
1188.72497418   
1179.49201498   
1192.47445848   
1175.02676736   
1188.31742256   
1178.97298956   
1205.64162129   
1214.28178433   
1176.21002430   
1207.69189153   
1192.68237763   
1200.90887778   
1176.90109449   
1189.21421939   
1191.48748777   
1179.85855673   
1185.89958009   
1229.20804295   
1197.91398838   
1173.76406656   
1182.07745723   
1175.11494129   
1183.61443412   
1206.24144946   
1175.59273239   
1189.97918559   
1165.42068720   
1165.66438198   
1181.52826862   
1162.74360991   
1173.02179281   
1172.87922936   
1204.46278567   
1185.29210522   
1181.97209398   
1172.74527209   
1190.83811846   
1166.94406438   
1174.04236065   
1172.90711757   
1171.64560308   
1169.77069843   
1183.31939688   
1181.95377856   
1180.86063065   
1184.71050933   
1179.09679327   
1167.68483925   
1198.77204312   
1167.00254917   
1171.15583063   
1180.85703976   
1167.50859147   
1188.38810987   
1172.97109270   
1174.61920003   
1176.04297946   
1178.10265109   
1172.37391395   
1197.04906819   
1178.24280203   
1201.31835485   
1184.05110106   
1190.46155711   
1174.75042427   
1179.86922880   
1168.83746963   
1188.87203636   
1195.47252837   
1167.47446549   
1172.83487583   
1179.67525863   
1191.89503344   
1176.13554705   
1167.26287731   
1196.47059434   
1189.47590810   
1165.82511431   
1172.36426829   
1191.32087174   
1165.39067930   
1163.57462255   
1195.89756086   
1168.18954828   
1191.87999817   
1203.13965998   
1171.26858379   
1177.21721369   
1176.10349077   
1174.34572900   
1186.53885202   
1177.94359438   
1173.38383497   
1173.07571999   
1176.39588638   
1190.36195108   
1166.37169880   
1168.21474347   
1174.15805665   
1174.39957301   
1175.96566041   
1171.10216432   
1179.81966265   
1181.21744889   
1180.32956964   
1222.65952420   
1178.69267816   
1187.88919574   
1177.64354123   
1221.61018446   
1181.14135915   
1163.66077309   
1163.30791007   
1172.49390632   
1176.08598519   
1165.88150356   
1184.56568328   
1170.59403652   
1168.67991998   
1167.06618540   
1174.32115478   
1166.55799772   
1185.40780636   
1163.43067608   
1191.92500639   
1188.69578865   
1165.13231412   
1175.81081484   
1187.56012132   
1193.47213537   
1191.09199203   
1164.27610368   
1169.00427081   
1169.10073941   
1185.56957741   
1171.99665881   
1196.67463830   
1162.53596469   
1173.50014170   
1167.06489487   
1203.03342690   
1171.22948779   
1170.02422795   
1174.98103629   
1175.38808027   
1170.60233524   
1182.75347078   
1164.17462062   
1193.26053906   
1179.94383897   
1185.11552085   
1177.95239604   
1182.87158811   
1190.98170010   
1164.41852830   
1196.22449583   
1167.76167045   
1163.75927917   
1176.89150318   
1169.99618316   
1166.59848949   
1166.64316756   
1177.76191867   
1169.17155254   
1190.75232958   
1182.64698117   
1166.43181955   
1183.07986532   
1166.89496966   
1177.62273654   
1162.43054593   
1181.63796263   
1199.62582285   
1167.13169245   
1163.85683508   
1184.40901125   
1181.21140788   
1170.97362934   
1188.39062240   
1177.05718671   
1177.97833948   
1163.54942162   
1173.58266845   
1180.70135634   
1179.11861396   
1170.57819541   
1172.41511271   
1173.85134049   
1179.20523089   
1170.92841279   
1168.65451874   
1175.71048877   
1170.41971381   
1164.64450214   
1165.67646011   
1189.04798985   
1190.47252454   
1179.87577594   
1171.65688985   
1164.70691855   
1170.26444124   
1173.54503532   
1180.67604164   
1190.45389332   
1170.60207935   
1173.29755500   
1184.90499081   
1172.30079592   
1179.72772062   
1174.06711665   
1175.76176418   
1180.25146752   
1165.82041993   
1190.21795914   
1189.55124755   
1188.54040099   
1168.42249967   
1184.40896859   
1168.43901996   
1185.43073219   
1174.33546360   
1196.17033404   
1184.43323207   
1172.60137155   
1164.80733858   
1165.40003650   
1172.62943417   
1185.12394341   
1171.69030173   
1173.84007083   
1180.37467519   
1165.15105159   
1176.48360133   
1224.88208047   
1178.62581512   
1168.05544674   
1174.58048170   
1175.79604817   
1245.22292176   
1276.06498189   
1170.67365108   
1174.94738598   
1190.69794630   
1200.85526762   
1168.32515887   
1230.53665936   
1177.00393260   
1167.71085637   
1167.37315721   
1205.72412197   
1178.87090638   
1194.75496137   
1186.98355352   
1201.55797230   
1177.60637916   
1165.60753794   
1183.52451865   
1237.98447836   
1211.99186276   
1174.99882805   
1186.30612770   
1184.13378709   
1184.63488873   
1171.41098992   
1161.96520833   
1185.37886311   
1177.15812179   
1183.63537576   
1203.27678141   
1180.67777307   
1168.94162905   
1185.49426411   
1171.53617828   
1167.78706937   
1173.24683824   
1211.21852526   
1164.28793949   
1193.88353811   
1185.74227070   
1173.75344707   
1195.15394758   
1176.87945302   
1178.35074179   
1182.09257479   
1171.01567632   
1182.33867736   
1163.51231788   
1189.15449128   
1192.62424465   
1173.90262960   
1183.55021841   
1195.22915430   
1176.25229887   
1178.23673374   
1169.23135663   
1183.68789267   
1169.02891167   
1175.02305589   
1193.67674971   
1171.57348313   
1176.72735986   
1173.74614441   
1171.32191222   
1177.24236331   
1165.35971186   
1206.17157847   
1168.24780082   
1166.39940740   
1185.29235480   
1175.37603675   
1172.03221798   
1189.69008769   
1180.00034594   
1175.62935262   
1186.32279906   
1164.96744231   
1163.28236308   
1175.45088924   
1168.44866100   
1164.61496936   
1176.40263782   
1182.25743174   
1195.62832513   
1179.73187623   
1168.93437606   
1169.17089494   
1164.73480887   
1177.36892338   
1179.12098195   
1178.35764543   
1165.49060889   
1179.33439246   
1169.78334607   
1179.44224958   
1173.66844097   
1163.95427081   
1175.14927158   
1173.86361652   
1187.98473343   
1185.81405567   
1191.09334316   
1173.34472975   
1183.44090837   
1183.79959082   
1181.32835214   
1179.17415636   
1181.27028474   
1180.81862077   
1163.91636838   
1196.46189230   
1182.98532706   
1172.08343672   
1166.19775375   
1184.20884635   
1178.42681274   
1185.94266408   
1164.09223677   
1179.69266859   
1162.58001900   
1168.75066976   
1174.59280027   
1197.40345513   
1166.41152087   
1172.34891120   
1172.60312408   
1175.32258720   
1197.48091328   
1173.42090902   
1164.57064232   
1175.79313941   
1198.85367658   
1219.05484653   
1181.52976715   
1186.93264416   
1206.92686417   
1165.11340633   
1182.14722226   
1181.10414904   
1177.68046188   
1166.80677715   
1177.62609625   
1171.17091065   
1177.60268075   
1188.80325763   
1173.59321708   
1176.45818291   
1172.07281498   
1178.00954783   
1180.85851786   
1169.83826315   
1168.60678318   
1182.99466364   
1166.83696011   
1175.24569010   
1164.13393860   
1177.96052873   
1174.18757476   
1173.86589253   
1175.05078417   
1175.60662299   
1204.13085505   
1186.88470984   
1178.13691574   
1169.36388149   
1170.11058864   
1187.15510502   
1177.21535245   
1169.71251081   
1164.14250008   
1162.76861361   
1176.37871767   
1168.47302210   
1184.24011053   
1182.83284437   
1169.19732518   
1174.30251311   
1182.63847420   
1189.87128488   
1171.94392144   
1176.07845028   
1172.02364863   
1175.08108113   
1181.29977359   
1171.78777972   
1179.40316953   
1174.36945252   
1179.48376984   
1172.48453103   
1175.61802137   
1185.09874826   
1182.28025302   
1176.75512235   
1171.84911749   
1183.52265776   
1190.73053463   
1194.29245519   
1189.98255065   
1177.23372949   
1188.31175973   
1172.86623241   
1170.73761330   
1167.72340143   
1170.77955973   
1177.18656379   
1177.13056200   
1179.62415144   
1175.18741430   
1168.96212867   
1175.67820956   
1170.30332217   
1170.99138283   
1191.48823058   
1163.09552876   
1173.98685386   
1206.42244297   
1171.55044996   
1170.63997806   
1173.16771700   
1164.98203929   
1183.73442204   
1182.04253817   
1199.95861765   
1171.71628721   
1178.65517277   
1165.31994847   
1173.03498081   
1186.66261936   
1175.43750537   
1171.12319935   
1178.43150951   
1175.21195293   
1167.28866282   
1164.93157989   
1172.83606523   
1168.42852891   
1174.07217107   
1192.86917832   
1189.67513340   
1174.29732209   
1176.13337726   
1186.25209827   
1181.73417140   
1212.93830860   
1176.86467328   
1169.11257955   
1192.24001749   
1174.59687367   
1193.15280016   
1176.75793281   
1169.81085830   
1173.42924340   
1173.76178954   
1167.02938634   
1168.89935399   
1177.18543713   
1166.75641476   
1181.60747351   
1178.95222265   
1185.26641190   
1163.13260371   
1175.20433470   
1175.60373803   
1199.94345693   
1174.87573405   
1187.20280019   
1181.30850339   
1175.57167533   
1182.38914749   
1179.63266825   
1200.54712923   
1171.68653161   
1181.36059930   
1178.86646911   
1172.06533062   
1171.24407660   
1171.73664209   
1174.17195070   
1215.46075364   
1173.28055012   
1172.64021871   
1167.50847982   
1186.21788836   
1169.22986488   
1181.59123162   
1175.34833118   
1195.17261379   
1178.20511632   
1175.31775763   
1180.48545496   
1185.31655179   
1166.46233468   
1166.31204194   
1173.19871796   
1168.87959924   
1188.73549740   
1164.74217537   
1180.07319021   
1169.04012050   
1180.63434558   
1181.47286451   
1173.03367730   
1212.86615037   
1177.10646924   
1179.78264578   
1170.32608203   
1178.19502881   
1166.67333060   
1172.98042848   
1169.12399427   
1170.02902491   
1163.43943572   
1183.89682300   
1168.97817165   
1192.52012631   
1171.38698787   
1173.89738622   
1183.29262591   
1182.14058166   
1168.50296570   
1180.58148198   
1179.08937758   
1183.21018146   
1202.62067638   
1182.15575327   
1169.96187403   
1172.04759667   
1187.80640059   
1168.27839544   
1178.77830733   
1174.67383432   
1171.88044254   
1173.12366676   
1233.84842333   
1191.83065639   
1169.93741519   
1166.49502870   
1202.34579306   
1187.41119659   
1167.99417752   
1180.40218820   
1179.13177712   
1164.91751588   
1187.50255187   
1179.83257465   
1169.81096157   
1176.06290381   
1174.81190838   
1170.58148948   
1181.95118447   
1173.69867956   
1172.43541267   
1179.83639498   
1181.05638015   
1170.66690498   
1175.26351394   
1198.86003514   
1171.85706838   
1172.29624885   
1170.18262572   
1179.05632290   
1201.40023529   
1182.87611681   
1174.03687446   
1181.36721170   
1186.14172653   
1176.47111107   
1176.79545394   
1177.02269398   
1169.93234456   
1177.18775293   
1179.48158189   
1161.81821324   
1201.22766098   
1174.68606923   
1166.46629465   
1181.30462885   
1200.27632667   
1179.47190124   
1171.72678075   
1173.11656009   
1169.52864387   
1179.20528741   
1166.43404403   
1174.05640744   
1205.82558840   
1178.92094805   
1196.42238498   
1188.45134187   
1169.51142760   
1176.38683214   
1180.08265010   
1168.64291404   
1170.40392354   
1166.63561247   
1172.09193312   
1180.09122106   
1189.80312974   
1173.05378419   
1200.77383048   
1191.07565482   
1183.12821603   
1170.52517008   
1198.85544372   
1175.80102504   
1174.70272812   
1166.19861977   
1166.75407064   
1167.66643000   
1177.56067790   
1170.88412557   
1167.79879515   
1167.72297569   
1182.16552871   
1161.70876761   
1175.50710940   
1177.69303375   
1168.29406284   
1214.35307386   
1168.23447154   
1170.35815180   
1180.26354099   
1161.46651839   
1187.06450347   
1172.11682008   
1208.10008935   
1175.55670521   
1177.72196955   
1162.37703210   
1168.16984917   
1170.24041932   
1171.22612835   
1183.03050663   
1169.18957666   
1179.30334464   
1165.85617111   
1172.33763237   
1173.69217445   
1179.21873832   
1160.91502726   
1180.77103467   
1176.40319001   
1170.04517187   
1190.79545295   
1172.56730228   
1173.40769922   
1169.70600819   
1170.94510417   
1176.42726560   
1170.30713523   
1170.15087758   
1172.67166564   
1195.03787432   
1163.52866310   
1178.92635682   
1193.48242780   
1167.30796993   
1173.75824224   
1191.64224903   
1179.39124579   
1198.87762035   
1170.39164124   
1165.84928928   
1175.62728307   
1162.68540322   
1189.34539091   
1164.81258572   
1182.36201247   
1195.96373573   
1175.13043347   
1185.62230001   
1169.93311428   
1198.78629222   
1192.18444617   
1178.16258323   
1189.95583957   
1177.37909740   
1169.69896141   
1178.23619705   
1169.96192510   
1178.10322525   
1171.70138801   
1199.94820386   
1179.50006281   
1168.69292992   
1175.56095204   
1160.38749474   
1184.04265747   
1177.07224092   
1171.34059452   
1188.02985628   
1179.87506813   
1189.80580438   
1195.15538530   
1176.09570906   
1184.28846596   
1196.34685130   
1173.46311654   
1174.47818788   
1213.03079257   
1169.57681245   
1189.45229067   
1176.57853226   
1176.26379888   
1183.04655218   
1179.18521732   
1170.85302470   
1174.53154018   
1163.75089677   
1169.01842713   
1171.26174637   
1161.11036552   
1171.99874183   
1174.91753504   
1177.86239210   
1173.04484737   
1169.75301162   
1172.77455773   
1173.25422260   
1176.26452361   
1173.76303957   
1172.95662075   
1182.27055258   
1168.13332172   
1192.06126181   
1182.95606147   
1170.47548050   
1162.94707458   
1195.59783345   
1172.23379043   
1186.43253352   
1173.46310044   
1168.81915711   
1190.70077635   
1170.86900291   
1163.27497790   
1165.50007753   
1188.40144066   
1170.00612215   
1173.83588115   
1167.15266298   
1183.94224870   
1169.42021111   
1211.39003577   
1202.63155581   
1174.48940068   
1171.86838838   
1184.74338792   
1181.48795328   
1172.51786683   
1177.88862694   
1185.95784282   
1166.88043844   
1167.00599730   
1191.47050484   
1203.87583344   
1196.73408722   
1184.33949242   
1182.65101533   
1179.12367977   
1193.55931942   
1172.23581309   
1187.47546112   
1220.86987597   
1171.90260229   
1178.04769954   
1174.23076385   
1180.67209882   
1166.45901389   
1174.31244188   
1181.72308176   
1190.34289695   
1180.28557433   
1177.59331626   
1183.74393774   
1172.22551821   
1174.65619919   
1168.54242359   
1192.07343760   
1182.59100612   
1187.36447630   
1177.02788224   
1178.14817122   
1182.84316522   
1188.65153112   
1182.33913445   
1178.26507403   
1183.58404808   
1180.75761764   
1184.85567728   
1180.47841923   
1169.29165948   
1186.18302593   
1170.12065591   
1163.71274531   
1168.53034712   
1179.04749237   
1174.68453885   
1172.72081215   
1164.41545804   
1170.71459637   
1180.73381783   
1166.80238411   
1200.07092385   
1187.11743000   
1195.57268663   
1180.96504405   
1175.78647069   
1168.03758326   
1197.27902548   
1196.35293190   
1182.66961469   
1174.99508063   
1162.77636118   
1187.15627069   
1175.41966040   
1178.88742476   
1180.53687918   
1178.59530047   
1190.85296140   
1181.94295826   
1187.30630247   
1219.61727256   
1177.54586168   
1183.37364449   
1191.90127901   
1173.72422850   
1168.46724971   
1183.70266857   
1186.38007407   
1203.64109023   
1174.85177140   
1171.03268487   
1172.05929856   
1163.76303326   
1169.23341384   
1200.61253098   
1173.18778402   
1185.14822106   
1190.81583700   
1179.15924907   
1184.43660841   
1181.45812288   
1227.51964273   
1182.85913192   
1171.89151983   
1174.74353090   
1165.29538987   
1173.71095962   
1198.08692043   
1163.02728046   
1175.89077990   
1174.49206904   
1179.57045347   
1188.90178163   
1178.72279631   
1179.84384878   
1180.71088569   
1172.87302014   
1176.82710764   
1179.13563548   
1179.82732048   
1177.44094261   
1163.61491688   
1186.29311514   
1183.50205486   
1179.79069238   
1200.16753721   
1182.86879377   
1184.95268469   
1175.62066043   
1188.80122702   
1169.84623063   
1176.13214963   
1183.83367931   
1172.53471972   
1181.92153698   
1178.95126969   
1176.53996654   
1173.17967594   
1169.35871630   
1172.91518739   
1192.79431643   
1166.16600867   
1168.76049131   
1173.32571339   
1180.30048746   
1179.10113598   
1177.38714013   
1181.92134454   
1163.58085891   
1175.73793084   
1177.41282557   
1179.41636101   
1179.90012402   
1168.51096263   
1168.96282612   
1179.92086365   
1165.25597575   
1192.12193185   
1180.05457192   
1173.13112155   
1168.87797435   
1183.14014414   
1164.97756322   
1164.43136258   
1174.55683929   
1165.71230256   
1183.53259611   
1204.86982125   
1169.10951359   
1177.51607338   
1181.98282118   
1168.60334305   
1163.40711803   
1189.93839110   
1178.17150733   
1178.41626926   
1187.70227949   
1185.54850160   
1169.74278787   
1215.72354389   
1176.19386161   
1205.86308233   
1164.35073920   
1162.29780223   
1207.54653897   
1165.54255457   
1172.01984515   
1179.75698113   
1179.90827935   
1184.86234985   
1167.02457768   
1180.07970417   
1168.40963915   
1187.11078408   
1172.62872005   
1175.68154243   
1185.74405682   
1169.73766070   
1172.83466397   
1184.04350990   
1177.64203626   
1176.14703045   
1183.28931666   
1179.69621581   
1194.16949430   
1174.83495918   
1193.78811616   
1179.56158134   
1174.53894541   
1190.96837504   
1173.81146887   
1206.50863299   
1172.77287781   
1169.52198249   
1177.09576719   
1176.39269648   
1173.23949131   
1187.43794431   
1176.67098142   
1171.32070931   
1167.39201956   
1170.93743766   
1163.84242653   
1203.48213229   
1182.16388145   
1174.40413040   
1184.53833971   
1170.83501328   
1199.11555310   
1174.07914823   
1170.11254691   
1198.96042214   
1166.95000191   
1177.71979831   
1190.54517509   
1190.50799041   
1172.74513760   
1179.93466827   
1179.58380063   
1284.06868090   
1197.01039132   
1174.85105377   
1184.52115163   
1177.72304199   
1202.67483420   
1171.77187160   
1187.11540768   
1203.89286065   
1191.13968433   
1191.88968952   
1181.84828893   
1175.48153708   
1194.96991681   
1177.19738647   
1238.59553327   
1236.90575022   
1165.55462564   
1179.67187184   
1177.75614889   
1177.07627857   
1192.75024516   
1172.88772454   
1176.46971066   
1178.27266601   
1195.45041893   
1186.78227427   
1173.36348381   
1169.92650025   
1176.37531358   
1181.16284886   
1179.77071495   
1197.86224423   
1181.85164246   
1176.10814526   
1175.13645572   
1189.38381071   
1186.30970296   
1183.76520875   
1183.06007676   
1222.97273801   
1176.44909841   
1164.97389864   
1178.02629736   
1165.72278899   
1190.97129465   
1177.73438299   
1180.29482313   
1163.85171485   
1198.55086540   
1177.13926581   
1192.38476745   
1165.04303489   
1206.90999389   
1178.32554459   
1190.98095528   
1191.55516922   
1181.67407361   
1171.54029823   
1185.93123973   
1171.84528884   
1168.96975091   
1172.84334280   
1181.50638156   
1192.73822157   
1182.30958772   
1184.87462789   
1195.75188136   
1178.85865615   
1202.42425980   
1180.77838288   
1181.24587592   
1184.72500778   
1171.11352719   
1197.12515209   
1172.19975832   
1186.83408903   
1180.56205143   
1168.46982323   
1169.01358391   
1190.95156149   
1169.61836393   
1180.54641923   
1196.21525485   
1194.58876674   
1171.80428168   
1187.36543404   
1183.62902337   
1185.57878042   
1193.53680214   
1201.57195173   
1192.54316090   
1170.21332148   
1193.59318384   
