792.14653562   
755.67446097   
738.50680518   
750.17314497   
745.18842302   
792.25496119   
740.10798617   
711.90589668   
700.01735285   
717.69052813   
731.46320074   
709.00270485   
710.13708924   
695.03862553   
714.27672602   
733.15210282   
693.67356501   
699.73993278   
708.58901883   
714.09746907   
694.44747545   
680.00751099   
667.17114752   
695.22331970   
684.52090023   
679.67454584   
663.76296557   
662.14479523   
690.24622223   
670.72814441   
661.31608757   
659.84797259   
690.08506432   
670.74123598   
648.75187026   
663.31526687   
689.75569347   
659.80713639   
648.38717160   
646.99041962   
637.48805622   
640.31511740   
651.37809634   
638.45463749   
638.25815661   
645.15707784   
656.29389092   
629.95833422   
638.22465204   
633.06312641   
623.90413801   
627.40468684   
642.02708808   
636.33008590   
638.31103789   
657.52702451   
644.46226787   
620.24860439   
626.18557458   
636.17002513   
623.00891054   
621.62137002   
608.17526078   
616.05340722   
632.86869017   
617.54668708   
609.88606644   
619.44797009   
615.49392498   
609.90094240   
621.77561012   
613.44180670   
620.24850609   
617.50299823   
617.05703845   
625.59375802   
610.58359625   
607.18097641   
609.49589621   
610.31415546   
623.68198845   
616.56212088   
619.93034761   
616.76311572   
611.08688937   
612.63199548   
606.50409739   
608.26834197   
607.56547402   
611.76930463   
609.13705024   
620.90160872   
617.33924090   
607.43619797   
608.33536017   
611.07566940   
620.16241412   
609.87670171   
614.97448002   
611.82686782   
614.32297480   
616.41170147   
609.99035004   
610.81500835   
607.63160108   
621.90094436   
615.14082773   
610.29532015   
621.07093509   
621.23554372   
630.40848779   
611.26240718   
623.59649293   
614.71711077   
610.30348280   
637.80356973   
626.22231787   
628.19179836   
636.52469396   
636.86919078   
612.15260449   
620.90439876   
615.52738397   
611.34882507   
606.64301248   
616.90704255   
608.85085983   
613.72327646   
611.90309627   
610.71120292   
612.17503840   
617.14218482   
610.38941157   
625.75298896   
611.98949237   
611.85066243   
610.47814831   
613.11270484   
621.78929198   
612.72593041   
615.17842443   
615.27228985   
613.90475047   
615.68698707   
612.66485319   
619.37565998   
623.65207313   
612.47746152   
611.71252088   
624.02712824   
612.32030243   
613.27010167   
616.45652883   
610.65044302   
611.66630033   
614.72051307   
611.70910375   
612.57193986   
628.87808906   
628.68653068   
615.05642489   
627.03925921   
634.82817102   
627.15350339   
628.64211653   
612.80541933   
627.93852387   
621.71885127   
640.08949571   
608.95304216   
606.05602716   
608.00981596   
604.89252088   
607.04637073   
616.22313491   
611.20424941   
619.50499627   
605.93725593   
622.80995192   
622.68007843   
630.90296966   
609.91991616   
600.93963115   
611.55175792   
602.51157061   
602.83001866   
610.21509935   
611.17891506   
604.71885670   
601.90909085   
603.64083529   
607.74197307   
607.35626215   
603.52918454   
611.24225914   
606.86348482   
603.26054884   
607.54227120   
602.88265221   
625.07430062   
601.22583173   
604.46448772   
604.17691076   
604.43811620   
607.34323407   
621.27874633   
605.19616652   
605.78177212   
608.56337494   
607.90316473   
605.45148634   
621.63431402   
605.33922800   
604.11367832   
629.65415677   
597.77365163   
591.45637990   
590.60123683   
597.50286916   
582.57716620   
579.98101125   
584.87361713   
583.76786773   
592.87980486   
589.60876946   
584.90603100   
590.86266490   
596.80790620   
581.82887733   
582.13800622   
582.51786252   
593.67291804   
598.18312124   
588.15305012   
582.54280566   
582.87368078   
586.03600790   
585.40824820   
586.35836056   
587.81195036   
588.23557417   
587.67991485   
590.40843185   
585.04172825   
585.42739420   
595.06321727   
583.35681279   
588.20680874   
584.12308194   
583.76760438   
584.46701940   
586.14050580   
593.97423138   
595.04847721   
585.33684170   
586.20143192   
589.52606092   
607.69166335   
584.41428932   
589.96938021   
586.37565099   
587.83110470   
586.99395129   
589.32127291   
594.21216659   
592.77104551   
591.86278071   
598.57878968   
589.31411459   
586.66334835   
598.88529069   
602.44336161   
601.20299488   
601.70320490   
586.92915506   
585.25462503   
586.20661703   
584.96136175   
588.88550624   
587.48957817   
586.58871565   
596.34305732   
589.73161779   
590.52619910   
594.86512290   
604.95539606   
595.78576221   
603.53755283   
601.95134374   
589.18749381   
590.89353167   
592.09063330   
597.71995586   
603.00224211   
613.38794444   
597.01831290   
596.67380927   
598.44037491   
589.25016748   
588.86663111   
586.91568835   
585.93616743   
594.72900885   
591.53675547   
583.11389270   
585.65722265   
610.42279320   
589.68306026   
579.12593050   
581.89569752   
575.74029310   
587.67607439   
577.02375799   
574.65652414   
579.51205486   
586.08911080   
578.12032923   
580.23325039   
574.94723459   
576.14773132   
576.36463564   
575.19214987   
583.59157071   
576.03485700   
577.31543708   
575.59153704   
577.42156496   
582.30896860   
580.33293087   
586.27527048   
576.08160893   
597.22273915   
589.20025612   
602.06063521   
574.62866638   
569.17037659   
572.33905021   
574.93091509   
590.09217446   
569.58123231   
570.51958378   
582.88574238   
567.04240650   
564.27006587   
579.99555590   
576.39495737   
569.74708870   
568.27318045   
580.49703458   
569.38622940   
568.70210684   
571.94286719   
562.72577956   
560.87464222   
567.85757973   
563.85157917   
564.96414248   
569.11261703   
560.03023429   
584.87558472   
563.08633173   
564.13890945   
562.25246443   
569.42826747   
557.00263053   
561.01093323   
553.35535474   
555.27076974   
552.80034624   
559.92110081   
556.52304394   
557.19743430   
550.00009406   
550.60735903   
554.36588319   
555.33420206   
548.63638964   
555.07002781   
557.09598057   
555.74108549   
558.91656296   
556.64575563   
551.13566219   
551.94405053   
554.12414434   
554.31594590   
546.73505465   
550.10115812   
559.91047939   
549.21778157   
549.71056739   
553.32581054   
556.36308055   
554.13923989   
556.98671859   
556.52045375   
551.16811263   
555.16977790   
549.49839777   
548.86181248   
551.42617815   
549.25534400   
555.07911466   
546.31314479   
549.75422705   
548.62134007   
554.68666978   
545.77983470   
547.34477256   
549.14140483   
549.48478265   
554.87897829   
551.42105429   
565.90857491   
549.39209523   
548.14436628   
547.87217823   
553.40105607   
552.69312451   
549.46541181   
553.31388749   
550.61468501   
554.95218968   
546.91326817   
544.77602255   
551.37557222   
548.47723309   
545.34609421   
544.57118271   
568.63119998   
542.49726228   
543.58837550   
542.61962931   
556.36484745   
544.14448344   
550.30358232   
559.50378629   
552.60392724   
542.24006461   
548.56958884   
547.39696806   
549.32442218   
552.65079853   
545.97533569   
542.96975399   
540.59291946   
548.11533104   
543.70515265   
544.56485089   
547.22304178   
542.47140551   
542.99677408   
546.50779527   
549.15386431   
546.89072685   
550.03568405   
546.63453289   
541.62646618   
550.99005042   
543.10737124   
545.47495555   
540.69029350   
538.42887180   
549.60639343   
547.03841174   
535.83513844   
534.89687189   
536.95840036   
544.52080879   
531.36063340   
528.22037715   
526.18358453   
541.93929360   
545.83440501   
523.56694630   
537.21860368   
524.05121556   
522.90429332   
527.20816458   
523.82002949   
527.71178852   
524.60174529   
532.35434424   
530.34647406   
538.13797933   
530.80530730   
522.68211458   
543.79814255   
529.53859225   
527.20086255   
537.33291402   
523.47924095   
530.29903937   
523.51202214   
530.03977182   
526.77945864   
532.59932508   
527.79870337   
528.27978621   
530.52228579   
520.99353218   
528.22663298   
540.00215210   
540.08680550   
521.58006846   
525.10461060   
519.30567200   
519.62252824   
518.39877105   
522.40024419   
522.20980426   
529.65038215   
528.05880307   
521.48596516   
523.80840395   
530.19708771   
527.44974546   
525.00833504   
527.11057031   
519.10518814   
536.42977061   
519.81565395   
521.85178488   
529.37295852   
521.25613787   
525.91220983   
529.86181481   
535.52325072   
522.46673312   
536.69729414   
523.41110903   
523.11808894   
524.03921828   
528.28276794   
525.19212878   
524.57523869   
529.30235129   
523.95730089   
526.30757590   
526.51185468   
544.15206879   
532.25429194   
524.03150877   
522.33521601   
530.39492430   
528.89758898   
526.33720604   
524.62239130   
547.50918988   
525.21564299   
521.40317558   
526.51604163   
536.46656330   
523.22721286   
525.84221887   
531.22561738   
525.92419047   
521.06242815   
525.45954369   
518.84180038   
522.75252784   
527.30083536   
523.89519959   
520.55684718   
530.39468274   
535.13450614   
529.44642884   
519.87039321   
521.53232510   
527.79476920   
527.05032773   
522.37904403   
523.01278578   
531.52161575   
530.63908467   
525.04849239   
523.28142118   
525.01727200   
535.36174077   
533.89519663   
527.83606373   
533.05364265   
524.10339308   
526.70232408   
527.78060983   
528.79737705   
528.75393230   
523.22428222   
527.90467982   
525.62327483   
524.81519270   
530.29435871   
523.37395728   
517.62198882   
520.47456579   
520.97321907   
518.03913908   
527.72305937   
520.38897751   
525.43717733   
524.02289648   
525.22164024   
523.27041366   
524.63594110   
522.22049815   
525.05016056   
523.93063534   
532.82696631   
529.23947501   
544.89283363   
538.32378454   
534.15589001   
535.97288367   
533.32615728   
531.18783251   
531.86311967   
532.98071870   
532.54200004   
537.98134713   
535.26807724   
532.10835178   
529.29048775   
525.27484921   
535.22472654   
531.52474279   
523.86215393   
530.27031929   
529.91859041   
521.72607297   
523.21863560   
529.08533392   
529.79480991   
519.17918097   
528.71827260   
519.35575388   
525.35304332   
551.96494456   
537.24895698   
533.49679175   
522.40550742   
518.41660380   
524.96574911   
524.70847732   
524.57811599   
537.87440950   
522.92472664   
519.09325633   
528.13120280   
526.18956320   
529.99646873   
525.22296157   
522.26540476   
532.01518588   
522.17084346   
519.74893094   
521.23568310   
521.21619085   
529.08992537   
527.26503221   
526.59711647   
522.98921963   
524.56007751   
532.99069414   
524.39169259   
538.44361149   
537.77110017   
520.07041351   
518.96994332   
525.25328146   
523.50518981   
521.24410571   
528.53831287   
597.02408862   
520.54570480   
526.05906273   
521.66693605   
537.10199399   
525.31862349   
531.57581874   
524.39486185   
519.26546718   
529.50839541   
521.75447763   
521.91350049   
522.03449785   
519.93401790   
528.61048469   
530.92869241   
515.89082078   
520.69947368   
525.08967007   
524.43454403   
523.02146480   
521.12695900   
528.72960191   
519.83745546   
535.35463584   
519.94426089   
535.69090124   
528.60294927   
534.39933501   
543.42282688   
531.52833811   
526.10817429   
517.40811130   
528.23325411   
526.34346773   
518.41344448   
563.62131343   
527.56410877   
532.78382796   
519.12366282   
521.20717731   
517.97778156   
521.78373501   
522.82584565   
525.01358282   
520.12861344   
521.19992091   
520.48759885   
532.11639603   
532.94631345   
524.02505601   
522.11736129   
533.80769652   
536.25495941   
530.89223312   
524.57944989   
525.70255184   
523.56564044   
532.82524300   
526.90979682   
524.16851754   
531.56844166   
527.76585705   
551.27756050   
522.89278776   
525.58631127   
519.76121198   
532.77435546   
524.23936840   
520.54685017   
520.62443844   
520.08372396   
525.43579678   
545.07690750   
525.55409900   
522.89017681   
532.90541989   
518.53304686   
523.76146526   
518.87309281   
528.35134211   
531.31328461   
523.01760037   
529.25612066   
528.09133001   
536.29817720   
525.93806264   
520.09844628   
531.23979898   
525.69466807   
541.81658021   
530.72254032   
530.35916066   
525.34275948   
521.71318173   
535.30946622   
537.52872551   
532.64454405   
522.15950362   
521.15770898   
543.14984168   
536.81813316   
521.50944768   
531.16458943   
519.36142275   
522.17240893   
525.78482926   
524.53151287   
524.33783686   
522.64185433   
520.29830124   
522.06299295   
526.15981985   
520.39675399   
523.24261276   
525.37147708   
521.00475830   
524.68707227   
530.87930122   
532.86174368   
519.99867596   
540.90889787   
527.63032196   
526.26773723   
530.54238348   
522.17483444   
523.83059425   
523.10087501   
523.32394776   
529.93525426   
521.78187574   
522.03050736   
521.88377452   
526.80409382   
529.66077298   
521.06529379   
522.77195561   
519.23100015   
519.63649609   
522.50134446   
522.53533653   
529.88189156   
537.84453765   
528.15242374   
536.72517894   
524.29139861   
528.12671239   
538.31086635   
529.80802152   
524.67211462   
531.88102816   
532.01510979   
528.32060983   
518.59951163   
523.69012948   
534.24444357   
546.71913413   
523.46030376   
523.52533046   
543.56409458   
527.35203453   
517.72860464   
520.86725191   
536.80130244   
525.72614941   
523.36886133   
517.62496210   
527.01010301   
526.32265804   
547.18628843   
519.33601173   
523.31320821   
524.22058652   
518.82248630   
519.47099451   
534.81857791   
521.80914880   
526.35246623   
524.10803129   
524.01923563   
531.05939292   
524.14306260   
521.21639900   
525.76931451   
534.08924801   
529.31037103   
523.06978275   
538.40458711   
522.60364022   
522.75307064   
529.45171254   
535.03822751   
524.67057857   
520.68022448   
537.62103486   
518.42026355   
518.88724257   
522.32840824   
519.03150662   
521.81934860   
525.54631008   
537.14179305   
518.52258132   
519.65940358   
526.49374212   
535.07074633   
530.45695085   
522.37481734   
531.47474728   
543.32281709   
520.54091465   
530.40332452   
523.53250918   
526.97870249   
523.36565388   
529.18376143   
516.85882027   
532.85636172   
542.40992847   
528.51322475   
518.51718546   
517.44701225   
523.74171128   
520.15697874   
516.99329218   
521.08569095   
520.27916259   
521.12651285   
525.10936152   
524.90404494   
538.52927265   
521.96204750   
523.00298633   
520.72487091   
527.86924201   
530.35582467   
557.82772007   
528.54573584   
521.57377779   
522.99336808   
533.08885270   
524.88593270   
527.62399980   
523.17719498   
523.50481097   
529.50871435   
526.76052452   
534.79400736   
525.79029873   
531.35855418   
535.07979110   
526.60742907   
539.33294418   
533.74246798   
527.46040988   
534.68893109   
529.37766752   
537.25107927   
542.26209405   
543.19201009   
549.00993060   
523.08691405   
538.49256387   
525.60344132   
535.32013116   
527.85816960   
522.98390141   
524.07813851   
525.02278448   
520.96576526   
527.36358104   
527.27652020   
548.89211417   
524.00630691   
523.52700498   
520.30537774   
520.51604967   
538.18551455   
523.55477370   
518.99558470   
520.73685491   
531.84778706   
520.57180274   
523.62258649   
523.34729949   
526.59895218   
524.70266799   
521.93390608   
517.89490158   
520.65177074   
523.76598313   
539.22703004   
521.00105492   
520.26842601   
532.78012501   
531.11107068   
532.92915328   
524.83624856   
543.17783760   
532.56453570   
519.01389440   
519.08500752   
531.10045497   
543.54173746   
520.94258325   
527.30545924   
521.56006161   
538.29161880   
524.63959739   
533.18253019   
542.97693974   
526.43612471   
520.54948682   
520.49694013   
520.17031884   
522.80571874   
520.00043205   
522.67757747   
526.91985549   
541.56087829   
523.36104709   
523.69143174   
532.82053042   
544.03643343   
527.24670816   
528.70395358   
536.57385816   
534.94251795   
539.58723171   
535.19201650   
546.18024160   
536.33318360   
542.35649135   
536.90203187   
568.97937199   
542.72917325   
546.41024475   
529.33101780   
547.37758997   
528.06209549   
540.51049291   
543.25185162   
537.65775215   
529.73131582   
534.33781563   
535.38627160   
531.90951340   
524.99504674   
524.31838682   
532.70929372   
522.42021972   
525.44520600   
535.99346477   
525.62871716   
521.32974055   
529.21842002   
522.42192969   
525.38308276   
523.81236719   
527.92834427   
522.37452684   
536.19992459   
519.54244111   
528.11811530   
528.77117893   
541.39943514   
538.13746141   
524.72257378   
531.46326843   
520.75637294   
525.33204385   
519.73914856   
532.27443059   
539.73962914   
522.33228963   
533.01331436   
525.26408173   
529.36727935   
528.59354752   
530.37436555   
528.66808788   
536.23727656   
523.11569753   
527.95983339   
524.73915979   
543.75757738   
527.69797634   
523.03526616   
522.59173475   
531.47878636   
518.39337355   
528.63918125   
532.88390645   
528.39191904   
530.22419540   
518.34746648   
523.11181237   
525.03343645   
538.19457645   
524.68765781   
525.51289728   
539.13489695   
535.33077116   
523.45895168   
531.50757461   
525.45546276   
532.63711817   
528.20805961   
529.33304564   
522.33980612   
525.28709404   
528.12083794   
524.19996340   
531.18588687   
528.36760862   
526.51304431   
524.37277071   
521.24429299   
518.73368712   
516.95037807   
523.75834465   
525.99003700   
533.71463496   
520.88853648   
521.22281507   
518.75088509   
520.13569256   
520.01090228   
528.13211619   
517.40058053   
519.40607303   
529.20765417   
517.15496150   
519.86445542   
524.97470346   
520.90633652   
518.86076817   
522.46266677   
524.80846552   
520.33266503   
522.48221791   
525.70111422   
520.05976398   
521.82718818   
522.30979244   
531.47022147   
520.04614987   
520.14265642   
525.62816279   
518.43429263   
519.15836977   
529.33809031   
518.08278963   
527.26028796   
521.97122565   
526.51583383   
538.73330511   
546.20828055   
537.07237073   
523.55453162   
532.07623097   
535.38180604   
525.69767079   
543.22792413   
526.04523252   
530.35102650   
529.85123443   
558.96665767   
532.62228245   
522.47980744   
538.22530209   
524.49946894   
547.14279778   
556.83658898   
546.44116150   
533.52978264   
526.50148458   
541.97556396   
541.35333116   
531.87420348   
557.20136346   
542.26483759   
536.57123997   
535.24478655   
535.74566070   
527.59843878   
534.24289601   
543.41485025   
526.75821447   
524.45610638   
527.35446721   
526.51529210   
535.32241546   
520.69020320   
523.79431543   
531.01066781   
527.47961676   
524.98588888   
525.80055133   
521.23013629   
521.45176394   
523.25487251   
530.46844158   
529.51578429   
524.59220623   
524.12661580   
519.86889289   
544.65847055   
531.27088018   
538.58217210   
527.66549571   
531.14730219   
536.11139483   
523.81235616   
528.65311956   
532.11005493   
533.09609652   
533.36697999   
523.73352206   
523.31803844   
528.91532398   
522.84535335   
533.97013220   
528.07827305   
530.13287857   
519.62908280   
526.79858806   
523.88324860   
527.00809715   
528.23566330   
525.00019103   
524.81049518   
523.47944533   
529.36622321   
528.56419131   
535.78448487   
521.44134607   
528.97585966   
526.15107512   
530.86828557   
544.80025925   
533.01586653   
532.70715004   
522.91032497   
527.69222687   
536.10594813   
523.79229605   
533.86368347   
528.54346901   
541.63583905   
536.51473990   
529.45316270   
524.92828030   
527.39455334   
526.47709109   
527.09105734   
533.87262241   
523.26723662   
558.62175242   
523.99277971   
534.68106365   
523.66086354   
519.49516631   
526.39638189   
532.28793399   
526.76897049   
521.27266659   
520.87303080   
526.70975855   
530.80275343   
516.11345409   
529.00181575   
526.07186988   
521.75383350   
532.75727003   
519.47220326   
517.41305297   
524.57165811   
518.98709893   
530.09683681   
522.72226905   
529.71053384   
540.83920754   
519.70690978   
524.69401004   
517.68859779   
524.93923424   
520.01837463   
535.59572200   
524.27246414   
518.85137011   
517.43378828   
523.81387842   
530.14171601   
522.37681959   
521.93461103   
527.62399799   
523.83992158   
536.32195773   
528.17959611   
523.75466201   
525.80284358   
520.55485289   
532.34238017   
520.65374463   
537.20850452   
521.62417065   
521.65954268   
522.54678353   
522.74347341   
528.20353739   
537.98932243   
523.02986617   
521.99677832   
522.98625369   
540.42971006   
522.76719249   
526.96681979   
543.73593694   
527.37694971   
529.85488252   
527.74158552   
524.19301068   
532.70019781   
523.58475832   
531.46936545   
524.63999198   
523.69440253   
529.74760497   
523.57645565   
544.54243985   
535.00082964   
526.45921561   
535.69577093   
531.63190449   
544.44973964   
528.57317572   
539.51782461   
527.73429957   
528.60882289   
530.03758283   
526.85247808   
528.10614966   
534.50479364   
533.99355121   
525.03792165   
529.01322416   
534.83546629   
526.10255526   
530.69300672   
532.32151534   
525.98473974   
527.04537864   
523.24044432   
522.68072822   
516.26017739   
519.86284646   
536.15120421   
523.92882076   
518.07300029   
521.21050708   
520.09388101   
522.86344552   
523.05695088   
524.22638731   
526.75971006   
522.31993402   
525.91361888   
545.60220493   
534.61903463   
549.02250990   
528.25595806   
534.80669470   
533.10600823   
541.16942637   
527.34975694   
544.87970865   
531.29595875   
517.08413300   
518.65532681   
529.27564404   
531.77382653   
534.61646718   
518.03692977   
517.65769297   
523.69803076   
525.86195194   
527.45506616   
524.14087588   
530.05876033   
520.06835845   
522.33714416   
523.91427334   
522.48029750   
525.69985319   
525.70724583   
531.10211214   
524.08920969   
533.20696911   
527.18767364   
520.41036142   
520.47000887   
531.69103185   
519.79400447   
529.77200155   
521.54382829   
522.16943237   
544.34534949   
518.52620225   
525.75159651   
520.22526677   
520.65686172   
524.30310880   
524.10078525   
531.20019654   
530.23804887   
523.58073846   
523.87202718   
528.19065031   
525.31131949   
529.56945141   
554.53031220   
541.03518626   
536.95581703   
542.93521939   
525.98915790   
529.55802955   
545.16241537   
555.17693939   
523.43753954   
536.09733685   
520.10892744   
525.46051668   
545.55200830   
544.84249815   
527.28162758   
