7.26000000   136.32000000   78.71000000   140.87000000   25.82848511   99.74489195   28.13204872   -0.23236923   
7.26000000   136.32000000   78.71000000   140.87000000   25.81932258   99.72287668   27.76254690   -0.17909879   
7.26000000   136.32000000   78.71000000   140.87000000   25.80305108   99.72061875   26.95112721   -0.13573614   
7.26000000   136.32000000   78.71000000   140.87000000   25.78722467   99.70136604   27.11213481   0.00656819   
7.26000000   136.32000000   78.71000000   140.87000000   25.80194764   99.70522789   27.11090388   0.13675675   
7.26000000   136.32000000   78.71000000   140.87000000   25.80208697   99.70302412   26.54263860   0.09757713   
7.26000000   136.32000000   78.71000000   140.87000000   25.75882039   99.70269009   25.74130165   0.15799241   
7.26000000   136.32000000   78.71000000   140.87000000   25.79724566   99.70742992   25.58752692   0.20383359   
7.26000000   136.32000000   78.71000000   140.87000000   25.76103659   99.70327229   24.04939352   0.25435305   
7.26000000   136.32000000   78.71000000   140.87000000   25.76536785   99.70976531   24.73839760   0.48659738   
7.26000000   136.32000000   78.71000000   140.87000000   25.77511833   99.71346380   25.09286477   0.62132854   
7.26000000   136.32000000   78.71000000   140.87000000   25.79784929   99.71976240   24.80120399   0.61465451   
7.26000000   136.32000000   78.71000000   140.87000000   25.80467697   99.72222460   23.93048105   0.46457413   
7.26000000   136.32000000   78.71000000   140.87000000   25.81463401   99.70808865   24.13201484   0.48643864   
7.26000000   136.32000000   78.71000000   140.87000000   25.81847748   99.70192277   24.22858541   0.42946723   
7.26000000   136.32000000   78.71000000   140.87000000   25.82377299   99.70333093   24.25592652   0.57489541   
7.26000000   136.32000000   78.71000000   140.87000000   25.82891889   99.70691225   23.12900848   0.65763673   
7.26000000   136.32000000   78.71000000   140.87000000   25.81788737   99.71166064   23.11707249   0.63676820   
7.26000000   136.32000000   78.71000000   140.87000000   25.79847077   99.71603366   21.70555466   0.59770084   
7.26000000   136.32000000   78.71000000   140.87000000   25.77687790   99.71280391   20.98821889   0.63458988   
7.26000000   136.32000000   78.71000000   140.87000000   25.79705351   99.70594300   21.14008686   0.60074134   
7.26000000   136.32000000   78.71000000   140.87000000   25.77023385   99.71429544   20.83981243   0.76874397   
7.26000000   136.32000000   78.71000000   140.87000000   25.76262175   99.70752921   20.04172106   0.97276340   
7.26000000   136.32000000   78.71000000   140.87000000   25.73630252   99.70055349   20.50407805   1.09593564   
7.26000000   136.32000000   78.71000000   140.87000000   25.74006041   99.70536780   19.63920463   0.99631621   
7.26000000   136.32000000   78.71000000   140.87000000   25.75675730   99.70822107   20.08018959   1.09726773   
7.26000000   136.32000000   78.71000000   140.87000000   25.76058163   99.72277452   19.83685248   1.23268210   
7.26000000   136.32000000   78.71000000   140.87000000   25.76316323   99.70622797   19.96332708   1.26874110   
7.26000000   136.32000000   78.71000000   140.87000000   25.75920424   99.71598100   19.67384331   1.27561593   
7.26000000   136.32000000   78.71000000   140.87000000   25.77952726   99.70867393   19.88441493   1.27398688   
7.26000000   136.32000000   78.71000000   140.87000000   25.79980420   99.70193757   19.88027653   1.13212114   
7.26000000   136.32000000   78.71000000   140.87000000   25.78156344   99.70579390   20.27564072   1.08654015   
7.26000000   136.32000000   78.71000000   140.87000000   25.77611437   99.70167662   20.47222788   1.04471504   
7.26000000   136.32000000   78.71000000   140.87000000   25.78245649   99.72233546   19.93763318   1.14909127   
7.26000000   136.32000000   78.71000000   140.87000000   25.79050527   99.71735415   19.80953146   1.10898025   
7.26000000   136.32000000   78.71000000   140.87000000   25.77908988   99.73745215   19.69162182   1.08013018   
7.26000000   136.32000000   78.71000000   140.87000000   25.80283404   99.72057668   19.70611591   1.06060891   
7.26000000   136.32000000   78.71000000   140.87000000   25.79218830   99.70645412   19.81088077   1.11801226   
7.26000000   136.32000000   78.71000000   140.87000000   25.78371955   99.71310958   19.92780652   1.26698464   
7.26000000   136.32000000   78.71000000   140.87000000   25.75614009   99.73712672   19.72773761   1.27974128   
7.26000000   136.32000000   78.71000000   140.87000000   25.76120063   99.73501231   19.32953177   1.45202257   
7.26000000   136.32000000   78.71000000   140.87000000   25.74192113   99.73621008   18.35468657   1.64190751   
7.26000000   136.32000000   78.71000000   140.87000000   25.75390656   99.74139135   18.36555126   1.68435837   
7.26000000   136.32000000   78.71000000   140.87000000   25.75092090   99.73383883   18.49364134   1.86689230   
7.26000000   136.32000000   78.71000000   140.87000000   25.75223037   99.71400857   18.67734009   1.82156547   
7.26000000   136.32000000   78.71000000   140.87000000   25.78089281   99.72465274   19.27383510   1.71976438   
7.26000000   136.32000000   78.71000000   140.87000000   25.75125376   99.73104844   19.44605237   1.69654087   
7.26000000   136.32000000   78.71000000   140.87000000   25.74771800   99.72153990   19.34670395   1.74476801   
7.26000000   136.32000000   78.71000000   140.87000000   25.74070466   99.71740329   20.19933736   1.64086327   
7.26000000   136.32000000   78.71000000   140.87000000   25.75022249   99.70293360   20.21150715   1.59873042   
7.26000000   136.32000000   78.71000000   140.87000000   25.73722492   99.71637828   19.51942473   1.57423154   
7.26000000   136.32000000   78.71000000   140.87000000   25.76186268   99.72745167   20.26434407   1.46980786   
7.26000000   136.32000000   78.71000000   140.87000000   25.76278668   99.73398572   19.40662489   1.50042091   
7.26000000   136.32000000   78.71000000   140.87000000   25.75212864   99.72823563   19.39610071   1.59037226   
7.26000000   136.32000000   78.71000000   140.87000000   25.72172598   99.72090264   19.17873348   1.48245765   
7.26000000   136.32000000   78.71000000   140.87000000   25.72298437   99.71425331   18.81687920   1.48555063   
7.26000000   136.32000000   78.71000000   140.87000000   25.71741943   99.70389092   19.15802097   1.39347840   
7.26000000   136.32000000   78.71000000   140.87000000   25.72465199   99.70702087   19.17582434   1.51016493   
7.26000000   136.32000000   78.71000000   140.87000000   25.73233303   99.71063742   19.11524276   1.28274582   
7.26000000   136.32000000   78.71000000   140.87000000   25.75853710   99.71179825   19.55668365   1.27768542   
7.26000000   136.32000000   78.71000000   140.87000000   25.77779766   99.70815616   19.27744126   1.31981785   
7.26000000   136.32000000   78.71000000   140.87000000   25.77247622   99.70859429   19.87621132   1.29837367   
7.26000000   136.32000000   78.71000000   140.87000000   25.78908931   99.70300412   20.15045578   1.24945461   
7.26000000   136.32000000   78.71000000   140.87000000   25.78581000   99.71695949   19.82372840   1.04362928   
7.26000000   136.32000000   78.71000000   140.87000000   25.78182566   99.70556295   18.97433944   1.01870048   
7.26000000   136.32000000   78.71000000   140.87000000   25.78940547   99.70364761   18.81625197   1.12117182   
7.26000000   136.32000000   78.71000000   140.87000000   25.78335884   99.72139991   18.71144146   1.07245767   
7.26000000   136.32000000   78.71000000   140.87000000   25.80486533   99.71394427   18.45743769   0.95845493   
7.26000000   136.32000000   78.71000000   140.87000000   25.79895391   99.71357287   18.19518901   0.79817311   
7.26000000   136.32000000   78.71000000   140.87000000   25.78632117   99.70890389   18.11594451   0.65416948   
7.26000000   136.32000000   78.71000000   140.87000000   25.74013631   99.72482089   17.42993679   0.81352920   
7.26000000   136.32000000   78.71000000   140.87000000   25.72196237   99.71086699   16.87985824   0.73326044   
7.26000000   136.32000000   78.71000000   140.87000000   25.75493550   99.75100666   16.13609911   0.73975749   
7.26000000   136.32000000   78.71000000   140.87000000   25.75781264   99.75546775   15.53282509   0.71110407   
7.26000000   136.32000000   78.71000000   140.87000000   25.75945558   99.73963290   15.46930041   0.58097353   
7.26000000   136.32000000   78.71000000   140.87000000   25.75625808   99.73267027   14.55224387   0.49012394   
7.26000000   136.32000000   78.71000000   140.87000000   25.77094008   99.73412711   14.41479952   0.50282664   
7.26000000   136.32000000   78.71000000   140.87000000   25.77730936   99.71619810   14.30785700   0.65410883   
7.26000000   136.32000000   78.71000000   140.87000000   25.76335629   99.71156129   14.10664879   0.71139667   
7.26000000   136.32000000   78.71000000   140.87000000   25.74960452   99.72254776   13.75523217   0.53943128   
7.26000000   136.32000000   78.71000000   140.87000000   25.75518837   99.72044569   13.95396042   0.36906966   
7.26000000   136.32000000   78.71000000   140.87000000   25.76426666   99.70305875   14.41643826   0.55137474   
7.26000000   136.32000000   78.71000000   140.87000000   25.77608273   99.71691055   13.85822079   0.69077486   
7.26000000   136.32000000   78.71000000   140.87000000   25.77863456   99.70613746   14.55394693   0.78719184   
7.26000000   136.32000000   78.71000000   140.87000000   25.76803995   99.71411554   14.34321580   0.88627569   
7.26000000   136.32000000   78.71000000   140.87000000   25.76126823   99.72070839   14.67352514   0.95887326   
7.26000000   136.32000000   78.71000000   140.87000000   25.77109619   99.70261529   14.79201232   1.01917755   
7.26000000   136.32000000   78.71000000   140.87000000   25.76346060   99.71720367   14.86377115   1.02700110   
7.26000000   136.32000000   78.71000000   140.87000000   25.77285885   99.71966191   14.27195920   1.10146609   
7.26000000   136.32000000   78.71000000   140.87000000   25.73489332   99.72616816   13.75997341   0.95850461   
7.26000000   136.32000000   78.71000000   140.87000000   25.74997567   99.72286616   14.26633630   1.06568401   
7.26000000   136.32000000   78.71000000   140.87000000   25.75904897   99.71345303   14.47028829   1.01233646   
7.26000000   136.32000000   78.71000000   140.87000000   25.72551852   99.72317022   14.12547297   1.13364266   
7.26000000   136.32000000   78.71000000   140.87000000   25.76350069   99.74570332   14.63524599   1.03670667   
7.26000000   136.32000000   78.71000000   140.87000000   25.78829627   99.74188516   13.47585112   1.08784570   
7.26000000   136.32000000   78.71000000   140.87000000   25.78270572   99.73387815   13.02533006   1.20647594   
7.26000000   136.32000000   78.71000000   140.87000000   25.77581940   99.74707799   12.34464382   1.34906894   
7.26000000   136.32000000   78.71000000   140.87000000   25.76155494   99.71745655   12.42676806   1.32847596   
7.26000000   136.32000000   78.71000000   140.87000000   25.75767662   99.71144635   13.05189846   1.27674268   
7.26000000   136.32000000   78.71000000   140.87000000   25.76450143   99.75354071   13.08079833   1.26341345   
7.26000000   136.32000000   78.71000000   140.87000000   25.74450217   99.75391796   13.91671349   1.43761991   
7.26000000   136.32000000   78.71000000   140.87000000   25.76219793   99.74890671   12.68606722   1.50578794   
7.26000000   136.32000000   78.71000000   140.87000000   25.75281885   99.75495231   12.72415580   1.60656707   
7.26000000   136.32000000   78.71000000   140.87000000   25.76188842   99.73825311   12.39459092   1.52211716   
7.26000000   136.32000000   78.71000000   140.87000000   25.75871426   99.76205707   12.63273884   1.44623400   
7.26000000   136.32000000   78.71000000   140.87000000   25.74192724   99.74773370   12.91484083   1.45569387   
7.26000000   136.32000000   78.71000000   140.87000000   25.75434233   99.73951966   12.63205305   1.44200817   
7.26000000   136.32000000   78.71000000   140.87000000   25.74554644   99.72811980   12.05719401   1.37233609   
7.26000000   136.32000000   78.71000000   140.87000000   25.74020896   99.74606558   12.06703963   1.51658578   
7.26000000   136.32000000   78.71000000   140.87000000   25.73698033   99.73754431   11.16279416   1.37331170   
7.26000000   136.32000000   78.71000000   140.87000000   25.72278572   99.74239419   11.13222298   1.19349174   
7.26000000   136.32000000   78.71000000   140.87000000   25.72136785   99.73450711   10.95672474   1.16122063   
7.26000000   136.32000000   78.71000000   140.87000000   25.74339364   99.75272971   11.95222818   1.14771163   
7.26000000   136.32000000   78.71000000   140.87000000   25.72433270   99.72782736   11.56638686   1.18194162   
7.26000000   136.32000000   78.71000000   140.87000000   25.71753987   99.70436746   11.31807168   0.97474613   
7.26000000   136.32000000   78.71000000   140.87000000   25.73857920   99.72017592   11.29984963   1.02890476   
7.26000000   136.32000000   78.71000000   140.87000000   25.75866308   99.71451465   10.83954841   1.02701223   
7.26000000   136.32000000   78.71000000   140.87000000   25.72199788   99.73824795   11.61186489   1.02729291   
7.26000000   136.32000000   78.71000000   140.87000000   25.71440480   99.74371173   11.01642153   1.16072587   
7.26000000   136.32000000   78.71000000   140.87000000   25.74356223   99.72663330   10.79310826   1.21962740   
7.26000000   136.32000000   78.71000000   140.87000000   25.75925657   99.71830139   10.91863202   1.07350759   
7.26000000   136.32000000   78.71000000   140.87000000   25.77766294   99.70081201   11.06941649   0.79937323   
7.26000000   136.32000000   78.71000000   140.87000000   25.79147900   99.71932075   10.94303516   0.74005748   
7.26000000   136.32000000   78.71000000   140.87000000   25.78314957   99.70775231   11.43620479   0.66733409   
7.26000000   136.32000000   78.71000000   140.87000000   25.74920270   99.71202501   10.74977380   0.83001906   
7.26000000   136.32000000   78.71000000   140.87000000   25.75771901   99.72302251   10.95310781   0.95686685   
7.26000000   136.32000000   78.71000000   140.87000000   25.75496703   99.72515695   10.47585995   0.94751166   
7.26000000   136.32000000   78.71000000   140.87000000   25.74290436   99.74905279   10.11079372   0.90380419   
7.26000000   136.32000000   78.71000000   140.87000000   25.75217633   99.73069800   10.19226851   0.71781647   
7.26000000   136.32000000   78.71000000   140.87000000   25.74115798   99.70038843   9.71205253   0.52198239   
7.26000000   136.32000000   78.71000000   140.87000000   25.75598161   99.70140326   9.60118717   0.36896988   
7.26000000   136.32000000   78.71000000   140.87000000   25.75708534   99.73581742   9.18753936   0.21891241   
7.26000000   136.32000000   78.71000000   140.87000000   25.76536128   99.73541501   8.02817313   0.41014514   
7.26000000   136.32000000   78.71000000   140.87000000   25.75170601   99.70664507   7.61454869   0.18810548   
7.26000000   136.32000000   78.71000000   140.87000000   25.73581500   99.70768807   7.84288646   0.08747745   
7.26000000   136.32000000   78.71000000   140.87000000   25.76123071   99.71112818   7.49485808   -0.10808823   
7.26000000   136.32000000   78.71000000   140.87000000   25.76617737   99.70035220   6.73023038   -0.12828211   
7.26000000   136.32000000   78.71000000   140.87000000   25.73892847   99.70811840   7.85101691   -0.01193334   
7.26000000   136.32000000   78.71000000   140.87000000   25.74061524   99.71351480   7.79330321   -0.07251045   
7.26000000   136.32000000   78.71000000   140.87000000   25.75407559   99.72076876   7.04948904   -0.00875621   
7.26000000   136.32000000   78.71000000   140.87000000   25.74373987   99.71260073   6.63008974   -0.10738610   
7.26000000   136.32000000   78.71000000   140.87000000   25.73078261   99.73715778   6.31190729   -0.02535647   
7.26000000   136.32000000   78.71000000   140.87000000   25.75086474   99.74013772   6.80169851   -0.07433041   
7.26000000   136.32000000   78.71000000   140.87000000   25.74025875   99.70593311   7.16308299   0.00362676   
7.26000000   136.32000000   78.71000000   140.87000000   25.73943029   99.71775560   6.36065671   0.05222872   
7.26000000   136.32000000   78.71000000   140.87000000   25.72276139   99.72231249   6.59122974   0.01194626   
7.26000000   136.32000000   78.71000000   140.87000000   25.70918997   99.74675395   5.68463163   0.06106845   
7.26000000   136.32000000   78.71000000   140.87000000   25.71387729   99.74440226   5.43080612   -0.06228011   
7.26000000   136.32000000   78.71000000   140.87000000   25.72760142   99.73596047   6.66803605   -0.06077862   
7.26000000   136.32000000   78.71000000   140.87000000   25.74974966   99.71298873   6.79673476   -0.10289830   
7.26000000   136.32000000   78.71000000   140.87000000   25.74995475   99.70654049   6.41437268   -0.09402238   
7.26000000   136.32000000   78.71000000   140.87000000   25.76221104   99.72252838   6.35627695   -0.02602190   
7.26000000   136.32000000   78.71000000   140.87000000   25.76678297   99.70836732   6.64688153   0.18078328   
7.26000000   136.32000000   78.71000000   140.87000000   25.75483652   99.72312386   7.20335110   0.16771052   
7.26000000   136.32000000   78.71000000   140.87000000   25.73615231   99.73223433   6.33698796   0.21128426   
7.26000000   136.32000000   78.71000000   140.87000000   25.74795228   99.73513644   6.16312842   0.11544245   
7.26000000   136.32000000   78.71000000   140.87000000   25.75167037   99.74421395   5.87535198   0.06810750   
7.26000000   136.32000000   78.71000000   140.87000000   25.76560333   99.72664519   5.58973582   0.02594248   
7.26000000   136.32000000   78.71000000   140.87000000   25.74202363   99.71766185   4.83059236   0.21231294   
7.26000000   136.32000000   78.71000000   140.87000000   25.73236196   99.75719474   4.80475019   0.13309509   
7.26000000   136.32000000   78.71000000   140.87000000   25.71518777   99.75975370   5.23926688   0.19716192   
7.26000000   136.32000000   78.71000000   140.87000000   25.72880221   99.74392121   5.52948103   0.23296658   
7.26000000   136.32000000   78.71000000   140.87000000   25.72593069   99.74188952   5.12652968   0.23462961   
7.26000000   136.32000000   78.71000000   140.87000000   25.73225605   99.73583999   5.05088632   0.40472259   
7.26000000   136.32000000   78.71000000   140.87000000   25.74829825   99.72335392   4.90582019   0.41693571   
7.26000000   136.32000000   78.71000000   140.87000000   25.74735343   99.74961562   4.24671709   0.45657383   
7.26000000   136.32000000   78.71000000   140.87000000   25.71764551   99.75954253   4.69558447   0.38276736   
7.26000000   136.32000000   78.71000000   140.87000000   25.72985620   99.74905425   4.64346845   0.29978944   
7.26000000   136.32000000   78.71000000   140.87000000   25.71884419   99.74842920   3.83477647   0.18028051   
7.26000000   136.32000000   78.71000000   140.87000000   25.74465357   99.76015542   3.64472460   0.17225631   
7.26000000   136.32000000   78.71000000   140.87000000   25.72410348   99.74975255   3.51077438   0.06839856   
7.26000000   136.32000000   78.71000000   140.87000000   25.71666449   99.77838663   2.14914477   -0.02206898   
7.26000000   136.32000000   78.71000000   140.87000000   25.72287994   99.76392386   2.14772713   0.01450891   
7.26000000   136.32000000   78.71000000   140.87000000   25.72357672   99.76165999   1.55531582   0.04104486   
7.26000000   136.32000000   78.71000000   140.87000000   25.75312934   99.76489476   1.02384224   -0.06631503   
7.26000000   136.32000000   78.71000000   140.87000000   25.72922955   99.74333376   1.26365375   0.00576241   
7.26000000   136.32000000   78.71000000   140.87000000   25.70058024   99.75909834   1.56338986   -0.07910402   
7.26000000   136.32000000   78.71000000   140.87000000   25.70111951   99.77666811   1.16737126   0.08409336   
7.26000000   136.32000000   78.71000000   140.87000000   25.70680649   99.77422064   1.20363607   0.07138908   
7.26000000   136.32000000   78.71000000   140.87000000   25.70042901   99.75881195   1.02387614   0.12135232   
7.26000000   136.32000000   78.71000000   140.87000000   25.73014372   99.74822064   1.17216657   0.01798350   
7.26000000   136.32000000   78.71000000   140.87000000   25.71770216   99.75561889   1.39669220   0.04290743   
7.26000000   136.32000000   78.71000000   140.87000000   25.72756734   99.74562172   1.11144963   -0.09541821   
7.26000000   136.32000000   78.71000000   140.87000000   25.72749740   99.75154724   1.50911247   -0.21773339   
7.26000000   136.32000000   78.71000000   140.87000000   25.70628116   99.76199520   1.10472182   -0.31517644   
7.26000000   136.32000000   78.71000000   140.87000000   25.71433085   99.72265554   1.60231016   -0.29733269   
7.26000000   136.32000000   78.71000000   140.87000000   25.73429839   99.72922648   1.34691689   -0.27548697   
7.26000000   136.32000000   78.71000000   140.87000000   25.72949802   99.72546964   1.73626041   -0.53980939   
7.26000000   136.32000000   78.71000000   140.87000000   25.74361721   99.73102843   1.51236936   -0.56364600   
7.26000000   136.32000000   78.71000000   140.87000000   25.75022621   99.74535185   1.68300302   -0.59188686   
7.26000000   136.32000000   78.71000000   140.87000000   25.72483426   99.73669907   2.12753204   -0.53637121   
7.26000000   136.32000000   78.71000000   140.87000000   25.74047300   99.73978995   1.94599164   -0.60024623   
7.26000000   136.32000000   78.71000000   140.87000000   25.74718480   99.71396177   2.19929850   -0.53108685   
7.26000000   136.32000000   78.71000000   140.87000000   25.74683372   99.72049204   2.23512058   -0.50280909   
7.26000000   136.32000000   78.71000000   140.87000000   25.74928192   99.72030801   2.13426626   -0.56974587   
7.26000000   136.32000000   78.71000000   140.87000000   25.74746274   99.73129191   2.44201401   -0.52307954   
7.26000000   136.32000000   78.71000000   140.87000000   25.74573722   99.72771630   2.45973719   -0.68113091   
7.26000000   136.32000000   78.71000000   140.87000000   25.73009306   99.74724295   1.90604363   -0.58805522   
7.26000000   136.32000000   78.71000000   140.87000000   25.70485768   99.73765632   1.45950174   -0.60965312   
7.26000000   136.32000000   78.71000000   140.87000000   25.71256459   99.76313684   1.12194956   -0.77570526   
7.26000000   136.32000000   78.71000000   140.87000000   25.71381040   99.77160690   1.17135796   -0.68402397   
7.26000000   136.32000000   78.71000000   140.87000000   25.71299497   99.72616247   1.37078107   -0.75387763   
7.26000000   136.32000000   78.71000000   140.87000000   25.74488222   99.70596259   1.20959231   -0.82262659   
7.26000000   136.32000000   78.71000000   140.87000000   25.73226314   99.72842120   1.21090419   -0.95035795   
7.26000000   136.32000000   78.71000000   140.87000000   25.73233743   99.71112988   1.05024480   -0.90383523   
7.26000000   136.32000000   78.71000000   140.87000000   25.73567013   99.73904866   1.13982006   -1.05197904   
7.26000000   136.32000000   78.71000000   140.87000000   25.74012186   99.71149233   1.48602033   -1.04039540   
7.26000000   136.32000000   78.71000000   140.87000000   25.73812872   99.71733620   1.29270068   -1.01806345   
7.26000000   136.32000000   78.71000000   140.87000000   25.72511202   99.71953677   1.54525719   -1.03318880   
7.26000000   136.32000000   78.71000000   140.87000000   25.73648570   99.71593953   1.27920750   -0.99393291   
7.26000000   136.32000000   78.71000000   140.87000000   25.74032709   99.73342798   1.14479738   -0.82672476   
7.26000000   136.32000000   78.71000000   140.87000000   25.73505072   99.72128987   1.24961211   -0.93150439   
7.26000000   136.32000000   78.71000000   140.87000000   25.73769738   99.70766013   1.93174899   -0.73180139   
7.26000000   136.32000000   78.71000000   140.87000000   25.74994654   99.72898171   1.98624946   -0.73989448   
7.26000000   136.32000000   78.71000000   140.87000000   25.76190301   99.73529887   2.64064720   -0.68738871   
7.26000000   136.32000000   78.71000000   140.87000000   25.76020561   99.74356513   3.10079423   -0.58354632   
7.26000000   136.32000000   78.71000000   140.87000000   25.75919693   99.74912782   3.07801996   -0.48415996   
7.26000000   136.32000000   78.71000000   140.87000000   25.73048423   99.72545859   3.40696986   -0.59836081   
7.26000000   136.32000000   78.71000000   140.87000000   25.74489651   99.70749681   3.46673877   -0.54039677   
7.26000000   136.32000000   78.71000000   140.87000000   25.73025360   99.72424223   3.00296436   -0.62729275   
7.26000000   136.32000000   78.71000000   140.87000000   25.74156221   99.72546922   2.74319106   -0.45570796   
7.26000000   136.32000000   78.71000000   140.87000000   25.73677158   99.74890799   2.21560648   -0.53225207   
7.26000000   136.32000000   78.71000000   140.87000000   25.74264865   99.75033256   1.25179741   -0.51747504   
7.26000000   136.32000000   78.71000000   140.87000000   25.71645794   99.73302630   1.32910360   -0.61480837   
7.26000000   136.32000000   78.71000000   140.87000000   25.72524021   99.72676290   1.62278176   -0.73455397   
7.26000000   136.32000000   78.71000000   140.87000000   25.72816445   99.71727178   1.08951335   -0.79143281   
7.26000000   136.32000000   78.71000000   140.87000000   25.73431030   99.72539077   1.60357583   -0.89168430   
7.26000000   136.32000000   78.71000000   140.87000000   25.73450120   99.70613593   1.09661628   -1.01174478   
7.26000000   136.32000000   78.71000000   140.87000000   25.76063030   99.72791861   1.36170542   -0.92145620   
7.26000000   136.32000000   78.71000000   140.87000000   25.74746309   99.75248483   1.03052168   -1.00501243   
7.26000000   136.32000000   78.71000000   140.87000000   25.75723147   99.74726881   1.19637709   -0.76952940   
7.26000000   136.32000000   78.71000000   140.87000000   25.74077833   99.75048320   1.20212331   -0.64627497   
7.26000000   136.32000000   78.71000000   140.87000000   25.73184513   99.77055780   1.10075607   -0.57114131   
7.26000000   136.32000000   78.71000000   140.87000000   25.71677965   99.75278983   1.34967523   -0.41955630   
7.26000000   136.32000000   78.71000000   140.87000000   25.74417389   99.76120012   1.34196092   -0.39029439   
7.26000000   136.32000000   78.71000000   140.87000000   25.72701911   99.75049121   1.69935114   -0.43470575   
7.26000000   136.32000000   78.71000000   140.87000000   25.72394195   99.74645230   1.14343826   -0.34517619   
7.26000000   136.32000000   78.71000000   140.87000000   25.72725009   99.75989200   1.28673702   -0.36620943   
7.26000000   136.32000000   78.71000000   140.87000000   25.71737488   99.76876338   1.03933800   -0.42134584   
7.26000000   136.32000000   78.71000000   140.87000000   25.72109349   99.75436591   1.20525311   -0.39074365   
7.26000000   136.32000000   78.71000000   140.87000000   25.74993185   99.75096967   1.02470863   -0.47446083   
7.26000000   136.32000000   78.71000000   140.87000000   25.73313933   99.72195799   1.18611297   -0.40833798   
7.26000000   136.32000000   78.71000000   140.87000000   25.71657887   99.75224072   1.16348180   -0.25080010   
7.26000000   136.32000000   78.71000000   140.87000000   25.71850583   99.74666191   1.55610705   -0.20578253   
7.26000000   136.32000000   78.71000000   140.87000000   25.73545399   99.74987228   1.56559939   -0.18744649   
7.26000000   136.32000000   78.71000000   140.87000000   25.73501094   99.76265232   1.26007748   -0.25879693   
7.26000000   136.32000000   78.71000000   140.87000000   25.73996375   99.76061055   1.61527997   -0.28332800   
7.26000000   136.32000000   78.71000000   140.87000000   25.75242751   99.74346704   1.55087820   -0.11650760   
7.26000000   136.32000000   78.71000000   140.87000000   25.74308027   99.72202067   1.11836211   -0.09880126   
7.26000000   136.32000000   78.71000000   140.87000000   25.72595000   99.74097646   1.75932730   -0.08518372   
7.26000000   136.32000000   78.71000000   140.87000000   25.73410380   99.74762573   2.37522595   0.01030253   
7.26000000   136.32000000   78.71000000   140.87000000   25.73415476   99.73411847   2.18487267   -0.15012214   
7.26000000   136.32000000   78.71000000   140.87000000   25.75613178   99.74174802   2.73316234   -0.14916223   
7.26000000   136.32000000   78.71000000   140.87000000   25.71923498   99.73736042   2.01852325   -0.30347631   
7.26000000   136.32000000   78.71000000   140.87000000   25.72079423   99.75655884   1.59935587   -0.32710721   
7.26000000   136.32000000   78.71000000   140.87000000   25.73370193   99.76175547   1.56471779   -0.29228870   
7.26000000   136.32000000   78.71000000   140.87000000   25.73430063   99.73449199   1.53685491   -0.34006378   
7.26000000   136.32000000   78.71000000   140.87000000   25.72126575   99.75376551   1.41232368   -0.40690059   
7.26000000   136.32000000   78.71000000   140.87000000   25.72299671   99.76490967   1.18237400   -0.24792497   
7.26000000   136.32000000   78.71000000   140.87000000   25.72601675   99.75508036   1.17647062   -0.10313147   
7.26000000   136.32000000   78.71000000   140.87000000   25.71609696   99.74890994   1.55960328   -0.20218066   
7.26000000   136.32000000   78.71000000   140.87000000   25.72464441   99.76556744   1.59449500   -0.13175082   
7.26000000   136.32000000   78.71000000   140.87000000   25.73869763   99.75610704   1.50362732   -0.15358490   
7.26000000   136.32000000   78.71000000   140.87000000   25.74552192   99.74453120   1.30167763   -0.32606281   
7.26000000   136.32000000   78.71000000   140.87000000   25.75582162   99.72736959   1.04945549   -0.46532947   
7.26000000   136.32000000   78.71000000   140.87000000   25.73776801   99.72832321   1.23640744   -0.34549212   
7.26000000   136.32000000   78.71000000   140.87000000   25.74120126   99.75375390   1.25559795   -0.36078651   
7.26000000   136.32000000   78.71000000   140.87000000   25.74235463   99.73100516   1.33721361   -0.41513030   
7.26000000   136.32000000   78.71000000   140.87000000   25.72145987   99.73214580   1.60214036   -0.29345695   
7.26000000   136.32000000   78.71000000   140.87000000   25.72275272   99.73027973   1.74082744   -0.27185523   
7.26000000   136.32000000   78.71000000   140.87000000   25.72575381   99.74303879   2.20343003   -0.38960239   
7.26000000   136.32000000   78.71000000   140.87000000   25.75014494   99.72269319   1.98347489   -0.54723187   
7.26000000   136.32000000   78.71000000   140.87000000   25.76504625   99.72905481   1.16003308   -0.54253707   
7.26000000   136.32000000   78.71000000   140.87000000   25.76169070   99.73116177   1.39695026   -0.76786327   
7.26000000   136.32000000   78.71000000   140.87000000   25.74593455   99.74846537   1.65536696   -0.69731002   
7.26000000   136.32000000   78.71000000   140.87000000   25.74405716   99.74691196   1.62166458   -0.65162881   
7.26000000   136.32000000   78.71000000   140.87000000   25.73293387   99.73974059   1.88217012   -0.57750372   
7.26000000   136.32000000   78.71000000   140.87000000   25.72343682   99.72124365   1.36384108   -0.47710858   
7.26000000   136.32000000   78.71000000   140.87000000   25.71761249   99.72497962   1.20222719   -0.48306876   
7.26000000   136.32000000   78.71000000   140.87000000   25.72549036   99.72388317   1.15873832   -0.32321522   
7.26000000   136.32000000   78.71000000   140.87000000   25.70393770   99.72500941   1.09826578   -0.40179049   
7.26000000   136.32000000   78.71000000   140.87000000   25.70903214   99.71626704   1.24473783   -0.48609704   
7.26000000   136.32000000   78.71000000   140.87000000   25.70422810   99.70677927   1.86140451   -0.55152902   
7.26000000   136.32000000   78.71000000   140.87000000   25.71900339   99.70453145   2.12994903   -0.64623738   
7.26000000   136.32000000   78.71000000   140.87000000   25.74039418   99.73768363   2.12213625   -0.76766087   
7.26000000   136.32000000   78.71000000   140.87000000   25.75085453   99.70556285   1.50585019   -0.57700854   
7.26000000   136.32000000   78.71000000   140.87000000   25.73091630   99.73437271   1.48225680   -0.48995576   
7.26000000   136.32000000   78.71000000   140.87000000   25.69886314   99.75110403   1.48383455   -0.48636380   
7.26000000   136.32000000   78.71000000   140.87000000   25.70350362   99.76757238   1.23477637   -0.49153277   
7.26000000   136.32000000   78.71000000   140.87000000   25.70143190   99.76910974   1.09734738   -0.42360493   
7.26000000   136.32000000   78.71000000   140.87000000   25.73160280   99.74101338   1.12454066   -0.31323462   
7.26000000   136.32000000   78.71000000   140.87000000   25.73492630   99.75384184   1.10446137   -0.37716597   
7.26000000   136.32000000   78.71000000   140.87000000   25.73207569   99.75133069   1.36233561   -0.43424041   
7.26000000   136.32000000   78.71000000   140.87000000   25.75299130   99.73572516   1.40194889   -0.45912055   
7.26000000   136.32000000   78.71000000   140.87000000   25.75008649   99.74588314   1.63361542   -0.41743788   
7.26000000   136.32000000   78.71000000   140.87000000   25.73576329   99.76272527   1.12740964   -0.49540709   
7.26000000   136.32000000   78.71000000   140.87000000   25.75470311   99.73794459   1.10337369   -0.56525818   
7.26000000   136.32000000   78.71000000   140.87000000   25.73330420   99.75735605   1.04157459   -0.60605085   
7.26000000   136.32000000   78.71000000   140.87000000   25.73592778   99.76085290   1.23347331   -0.44606288   
7.26000000   136.32000000   78.71000000   140.87000000   25.72583360   99.73883012   1.74490937   -0.62905533   
7.26000000   136.32000000   78.71000000   140.87000000   25.74458297   99.73546331   1.37523087   -0.49647034   
7.26000000   136.32000000   78.71000000   140.87000000   25.73365067   99.75611130   1.17761709   -0.53271283   
7.26000000   136.32000000   78.71000000   140.87000000   25.73900668   99.73118477   1.08747818   -0.51525426   
7.26000000   136.32000000   78.71000000   140.87000000   25.73968539   99.72666140   1.16279117   -0.63560550   
7.26000000   136.32000000   78.71000000   140.87000000   25.74069775   99.74157270   1.57487584   -0.68814876   
7.26000000   136.32000000   78.71000000   140.87000000   25.73478089   99.74503466   1.71356978   -0.71780885   
7.26000000   136.32000000   78.71000000   140.87000000   25.73138029   99.74920477   1.63162747   -0.65465429   
7.26000000   136.32000000   78.71000000   140.87000000   25.74672880   99.73511994   1.99074434   -0.66249300   
7.26000000   136.32000000   78.71000000   140.87000000   25.70903818   99.72466854   1.04809145   -0.74397700   
7.26000000   136.32000000   78.71000000   140.87000000   25.72623219   99.71998609   1.65413269   -0.79042882   
7.26000000   136.32000000   78.71000000   140.87000000   25.76039706   99.72182653   1.66765534   -0.77395977   
7.26000000   136.32000000   78.71000000   140.87000000   25.73875951   99.71482461   1.39139869   -0.89023703   
7.26000000   136.32000000   78.71000000   140.87000000   25.70690174   99.73347963   1.49624712   -0.92100343   
7.26000000   136.32000000   78.71000000   140.87000000   25.70771129   99.72333119   1.13585271   -0.98994456   
7.26000000   136.32000000   78.71000000   140.87000000   25.73934546   99.71475708   1.31707346   -0.87548542   
7.26000000   136.32000000   78.71000000   140.87000000   25.74450776   99.75191903   1.66385039   -0.74559776   
7.26000000   136.32000000   78.71000000   140.87000000   25.75226898   99.73333355   1.79104695   -0.77907183   
7.26000000   136.32000000   78.71000000   140.87000000   25.74072690   99.73549540   1.49787858   -0.80274931   
7.26000000   136.32000000   78.71000000   140.87000000   25.77656339   99.71151135   1.16469329   -0.92498838   
7.26000000   136.32000000   78.71000000   140.87000000   25.76623161   99.71202970   1.47462308   -0.78012350   
7.26000000   136.32000000   78.71000000   140.87000000   25.76683328   99.73249507   1.50572754   -0.63286630   
7.26000000   136.32000000   78.71000000   140.87000000   25.75198675   99.72156684   1.64685856   -0.65658067   
7.26000000   136.32000000   78.71000000   140.87000000   25.74899446   99.71899422   1.12619650   -0.79508210   
7.26000000   136.32000000   78.71000000   140.87000000   25.74127468   99.73477043   1.36613254   -0.74145035   
7.26000000   136.32000000   78.71000000   140.87000000   25.75307091   99.71937069   1.38839363   -0.64446752   
7.26000000   136.32000000   78.71000000   140.87000000   25.73222075   99.72177538   1.06734313   -0.64053947   
7.26000000   136.32000000   78.71000000   140.87000000   25.73726938   99.72813902   1.34342793   -0.79989511   
7.26000000   136.32000000   78.71000000   140.87000000   25.73118355   99.73036258   1.86533537   -0.81145958   
7.26000000   136.32000000   78.71000000   140.87000000   25.72939795   99.72620271   1.31707316   -0.82619605   
7.26000000   136.32000000   78.71000000   140.87000000   25.73722172   99.75221725   1.10045327   -0.85481429   
7.26000000   136.32000000   78.71000000   140.87000000   25.75031691   99.75163593   1.28106214   -0.80667506   
7.26000000   136.32000000   78.71000000   140.87000000   25.74691945   99.72663733   1.10983679   -0.88211157   
7.26000000   136.32000000   78.71000000   140.87000000   25.73996661   99.72701875   1.74746170   -0.84675554   
7.26000000   136.32000000   78.71000000   140.87000000   25.71112025   99.71296384   1.08657079   -0.83323389   
7.26000000   136.32000000   78.71000000   140.87000000   25.72115914   99.75441809   1.12003194   -0.75394985   
7.26000000   136.32000000   78.71000000   140.87000000   25.72514310   99.75783151   1.23532128   -0.71925055   
7.26000000   136.32000000   78.71000000   140.87000000   25.72654016   99.74282693   1.44882470   -0.68063072   
7.26000000   136.32000000   78.71000000   140.87000000   25.74235208   99.74081995   1.42714370   -0.60839040   
7.26000000   136.32000000   78.71000000   140.87000000   25.76012779   99.72121639   1.12313135   -0.52034026   
7.26000000   136.32000000   78.71000000   140.87000000   25.77207451   99.73365790   1.15713210   -0.68787646   
7.26000000   136.32000000   78.71000000   140.87000000   25.76446686   99.74606953   1.58298069   -0.59545225   
7.26000000   136.32000000   78.71000000   140.87000000   25.75161629   99.75193980   2.07253850   -0.67709130   
7.26000000   136.32000000   78.71000000   140.87000000   25.73980897   99.77609522   1.25558456   -0.54097925   
7.26000000   136.32000000   78.71000000   140.87000000   25.75460682   99.78049182   2.00109324   -0.45722788   
7.26000000   136.32000000   78.71000000   140.87000000   25.75692108   99.76709740   2.36093228   -0.50046762   
7.26000000   136.32000000   78.71000000   140.87000000   25.78100694   99.76187151   1.76495923   -0.37739168   
7.26000000   136.32000000   78.71000000   140.87000000   25.79141742   99.75108578   1.95423563   -0.17212833   
7.26000000   136.32000000   78.71000000   140.87000000   25.78872965   99.73434136   1.72716509   -0.27772040   
7.26000000   136.32000000   78.71000000   140.87000000   25.79645635   99.71579678   2.15915141   -0.38313461   
7.26000000   136.32000000   78.71000000   140.87000000   25.76750754   99.72850362   2.10949844   -0.30648645   
7.26000000   136.32000000   78.71000000   140.87000000   25.75735610   99.73423997   2.62092029   -0.24995147   
7.26000000   136.32000000   78.71000000   140.87000000   25.73567288   99.74025767   2.68393184   -0.36336260   
7.26000000   136.32000000   78.71000000   140.87000000   25.70378875   99.74254003   1.94786374   -0.28260085   
7.26000000   136.32000000   78.71000000   140.87000000   25.72541190   99.73277993   2.14119943   -0.34803943   
7.26000000   136.32000000   78.71000000   140.87000000   25.72907670   99.74448354   1.76694383   -0.45277980   
7.26000000   136.32000000   78.71000000   140.87000000   25.70441362   99.73941333   1.62371397   -0.52676695   
7.26000000   136.32000000   78.71000000   140.87000000   25.71203835   99.73147723   1.28258022   -0.41518173   
7.26000000   136.32000000   78.71000000   140.87000000   25.72287801   99.74812128   1.29034063   -0.50344483   
7.26000000   136.32000000   78.71000000   140.87000000   25.72738832   99.74595994   1.74164404   -0.58270724   
7.26000000   136.32000000   78.71000000   140.87000000   25.73067173   99.72019042   2.10396295   -0.53446736   
7.26000000   136.32000000   78.71000000   140.87000000   25.72409183   99.72579395   2.03427022   -0.53310057   
7.26000000   136.32000000   78.71000000   140.87000000   25.72014417   99.73557574   1.70525987   -0.41694774   
7.26000000   136.32000000   78.71000000   140.87000000   25.70122297   99.74670999   1.15949974   -0.38757230   
7.26000000   136.32000000   78.71000000   140.87000000   25.70528400   99.72424489   1.79168819   -0.37814292   
7.26000000   136.32000000   78.71000000   140.87000000   25.74768236   99.74782291   2.13110808   -0.40573044   
7.26000000   136.32000000   78.71000000   140.87000000   25.74496722   99.73655522   2.74387525   -0.49065947   
7.26000000   136.32000000   78.71000000   140.87000000   25.74162998   99.74228696   2.00022343   -0.40656774   
7.26000000   136.32000000   78.71000000   140.87000000   25.72539342   99.71652095   1.62867850   -0.42458273   
7.26000000   136.32000000   78.71000000   140.87000000   25.72779488   99.74379709   1.58075749   -0.46970921   
7.26000000   136.32000000   78.71000000   140.87000000   25.73520112   99.74254905   1.09023819   -0.42336464   
7.26000000   136.32000000   78.71000000   140.87000000   25.72456958   99.71867301   1.69939573   -0.29207529   
7.26000000   136.32000000   78.71000000   140.87000000   25.73697206   99.73233349   1.62460310   -0.31797362   
7.26000000   136.32000000   78.71000000   140.87000000   25.74802334   99.74211064   1.50365737   -0.35111977   
7.26000000   136.32000000   78.71000000   140.87000000   25.74131110   99.72497254   1.07546060   -0.53870509   
7.26000000   136.32000000   78.71000000   140.87000000   25.75405170   99.73125037   1.68095365   -0.56513308   
7.26000000   136.32000000   78.71000000   140.87000000   25.74726944   99.72114761   1.14058903   -0.55394076   
7.26000000   136.32000000   78.71000000   140.87000000   25.74493735   99.73592573   1.14474972   -0.67579433   
7.26000000   136.32000000   78.71000000   140.87000000   25.73682855   99.72755243   1.23168086   -0.72499446   
7.26000000   136.32000000   78.71000000   140.87000000   25.72770802   99.73660897   1.36437631   -0.65618407   
7.26000000   136.32000000   78.71000000   140.87000000   25.74812848   99.72376775   1.47563291   -0.77410038   
7.26000000   136.32000000   78.71000000   140.87000000   25.75377255   99.73365409   1.22622511   -0.70017143   
7.26000000   136.32000000   78.71000000   140.87000000   25.72199101   99.74097392   1.16875500   -0.75115683   
7.26000000   136.32000000   78.71000000   140.87000000   25.75175905   99.76251764   1.20018111   -0.89368622   
7.26000000   136.32000000   78.71000000   140.87000000   25.75852007   99.73484244   1.54746551   -0.85176654   
7.26000000   136.32000000   78.71000000   140.87000000   25.76759704   99.73892021   1.04445422   -0.80228714   
7.26000000   136.32000000   78.71000000   140.87000000   25.76444577   99.74845724   1.11974156   -0.93601893   
7.26000000   136.32000000   78.71000000   140.87000000   25.78100167   99.72201383   1.09605169   -0.78940037   
7.26000000   136.32000000   78.71000000   140.87000000   25.78506875   99.73354556   1.73082349   -0.75274683   
7.26000000   136.32000000   78.71000000   140.87000000   25.77838186   99.73925226   1.13168252   -0.85489129   
7.26000000   136.32000000   78.71000000   140.87000000   25.77172015   99.74798839   1.11706635   -0.87446687   
7.26000000   136.32000000   78.71000000   140.87000000   25.75917772   99.74314992   1.30003654   -0.82834753   
7.26000000   136.32000000   78.71000000   140.87000000   25.73914376   99.74572415   1.06669843   -0.91412000   
7.26000000   136.32000000   78.71000000   140.87000000   25.75564379   99.72344115   1.36268521   -0.81847883   
7.26000000   136.32000000   78.71000000   140.87000000   25.72374755   99.71356604   1.10712448   -0.96587090   
7.26000000   136.32000000   78.71000000   140.87000000   25.72833567   99.74210041   1.52542060   -0.85255524   
7.26000000   136.32000000   78.71000000   140.87000000   25.74667065   99.73205553   1.36880848   -0.97900217   
7.26000000   136.32000000   78.71000000   140.87000000   25.73990474   99.73319980   1.22524835   -0.97916591   
7.26000000   136.32000000   78.71000000   140.87000000   25.72706046   99.71453455   1.12209789   -0.96113635   
7.26000000   136.32000000   78.71000000   140.87000000   25.74506668   99.72625426   1.32835223   -0.99746112   
7.26000000   136.32000000   78.71000000   140.87000000   25.74335789   99.70512635   1.15387982   -1.09311500   
7.26000000   136.32000000   78.71000000   140.87000000   25.74719802   99.74815364   1.22291878   -1.10992975   
7.26000000   136.32000000   78.71000000   140.87000000   25.74128070   99.72805365   1.47809023   -0.99303104   
7.26000000   136.32000000   78.71000000   140.87000000   25.73522365   99.71178496   1.27298340   -1.07743012   
7.26000000   136.32000000   78.71000000   140.87000000   25.72183530   99.71088726   1.34201316   -1.08037567   
7.26000000   136.32000000   78.71000000   140.87000000   25.70684529   99.71813681   1.40676501   -0.94673830   
7.26000000   136.32000000   78.71000000   140.87000000   25.70860743   99.71875475   1.05441147   -0.96580970   
7.26000000   136.32000000   78.71000000   140.87000000   25.70989871   99.70947996   1.20764379   -0.95723791   
7.26000000   136.32000000   78.71000000   140.87000000   25.70929837   99.72254193   1.06695426   -1.02063424   
7.26000000   136.32000000   78.71000000   140.87000000   25.74211367   99.71933446   1.18334312   -0.92808699   
7.26000000   136.32000000   78.71000000   140.87000000   25.74560026   99.72646518   1.56330740   -0.81833233   
7.26000000   136.32000000   78.71000000   140.87000000   25.73818071   99.73788781   1.37533033   -0.72410627   
7.26000000   136.32000000   78.71000000   140.87000000   25.73391587   99.73843431   1.11672317   -0.57711768   
7.26000000   136.32000000   78.71000000   140.87000000   25.74102593   99.75182515   1.09345651   -0.49591119   
7.26000000   136.32000000   78.71000000   140.87000000   25.75534382   99.74209793   1.12450768   -0.52150356   
7.26000000   136.32000000   78.71000000   140.87000000   25.72805732   99.73600844   1.64190297   -0.39453586   
7.26000000   136.32000000   78.71000000   140.87000000   25.72926178   99.73306323   1.13419620   -0.29324758   
7.26000000   136.32000000   78.71000000   140.87000000   25.72569067   99.74545678   1.73595662   -0.33036639   
7.26000000   136.32000000   78.71000000   140.87000000   25.71248831   99.73625669   1.03909755   -0.28963097   
7.26000000   136.32000000   78.71000000   140.87000000   25.71155294   99.73296523   1.91562918   -0.30273185   
7.26000000   136.32000000   78.71000000   140.87000000   25.72162347   99.73962628   1.82131497   -0.15187326   
7.26000000   136.32000000   78.71000000   140.87000000   25.71405937   99.73560933   1.23861169   -0.12960076   
7.26000000   136.32000000   78.71000000   140.87000000   25.71790429   99.75022808   1.61846115   -0.10818743   
7.26000000   136.32000000   78.71000000   140.87000000   25.71880857   99.76054201   1.40870660   -0.16635212   
7.26000000   136.32000000   78.71000000   140.87000000   25.72477337   99.75220194   1.53481121   -0.07275931   
7.26000000   136.32000000   78.71000000   140.87000000   25.71194709   99.74303854   1.98309367   -0.12932826   
7.26000000   136.32000000   78.71000000   140.87000000   25.73287778   99.73810396   2.00289208   -0.16420918   
7.26000000   136.32000000   78.71000000   140.87000000   25.70928974   99.73750597   1.47229070   -0.16197776   
7.26000000   136.32000000   78.71000000   140.87000000   25.69671621   99.77237977   1.07116272   -0.06461282   
7.26000000   136.32000000   78.71000000   140.87000000   25.70808220   99.75758649   1.71363818   0.07938723   
7.26000000   136.32000000   78.71000000   140.87000000   25.70072945   99.75636930   1.76336981   -0.09693143   
7.26000000   136.32000000   78.71000000   140.87000000   25.70762550   99.72854771   1.75740018   -0.01265862   
7.26000000   136.32000000   78.71000000   140.87000000   25.68164689   99.75218987   1.23724473   0.10153343   
7.26000000   136.32000000   78.71000000   140.87000000   25.68648133   99.74688537   1.17810938   -0.04716225   
7.26000000   136.32000000   78.71000000   140.87000000   25.72669274   99.75157827   2.13886341   -0.07151754   
7.26000000   136.32000000   78.71000000   140.87000000   25.70774939   99.77438480   1.60812872   -0.12437048   
7.26000000   136.32000000   78.71000000   140.87000000   25.71004707   99.77224257   1.61577191   -0.12989955   
7.26000000   136.32000000   78.71000000   140.87000000   25.69523577   99.76834959   1.07905431   -0.05689697   
7.26000000   136.32000000   78.71000000   140.87000000   25.72582041   99.78976887   1.21683040   -0.26793018   
7.26000000   136.32000000   78.71000000   140.87000000   25.74116989   99.77291320   1.79277914   -0.05598665   
7.26000000   136.32000000   78.71000000   140.87000000   25.75835558   99.76046636   1.79169971   -0.16337919   
7.26000000   136.32000000   78.71000000   140.87000000   25.76078605   99.75563826   2.42572704   -0.36123996   
7.26000000   136.32000000   78.71000000   140.87000000   25.75092266   99.75952208   2.16826657   -0.38533237   
7.26000000   136.32000000   78.71000000   140.87000000   25.74688652   99.75935902   2.18033773   -0.38718694   
7.26000000   136.32000000   78.71000000   140.87000000   25.72447223   99.76474513   2.36598997   -0.25617201   
7.26000000   136.32000000   78.71000000   140.87000000   25.72632924   99.74901289   2.38636525   -0.36676425   
7.26000000   136.32000000   78.71000000   140.87000000   25.71614197   99.74714854   2.59310652   -0.33581713   
7.26000000   136.32000000   78.71000000   140.87000000   25.71905217   99.71786299   2.64102866   -0.31247084   
7.26000000   136.32000000   78.71000000   140.87000000   25.71938652   99.71898906   1.97752060   -0.37818379   
7.26000000   136.32000000   78.71000000   140.87000000   25.71709626   99.74235765   1.95304249   -0.30681964   
7.26000000   136.32000000   78.71000000   140.87000000   25.72412295   99.74966278   1.08627486   -0.33428923   
7.26000000   136.32000000   78.71000000   140.87000000   25.71683678   99.73894608   1.23616016   -0.17967247   
7.26000000   136.32000000   78.71000000   140.87000000   25.74828478   99.73929918   1.10433364   -0.22627622   
7.26000000   136.32000000   78.71000000   140.87000000   25.74150130   99.73213387   1.33023792   -0.43825619   
7.26000000   136.32000000   78.71000000   140.87000000   25.74561912   99.74703426   1.43437814   -0.60438067   
7.26000000   136.32000000   78.71000000   140.87000000   25.77497914   99.75084961   1.23877359   -0.56583797   
7.26000000   136.32000000   78.71000000   140.87000000   25.78272708   99.73959300   1.06906358   -0.58982914   
7.26000000   136.32000000   78.71000000   140.87000000   25.76633949   99.71298815   1.22594963   -0.50160995   
7.26000000   136.32000000   78.71000000   140.87000000   25.74556155   99.73511101   1.23702070   -0.55915638   
7.26000000   136.32000000   78.71000000   140.87000000   25.75138250   99.74146686   1.01800348   -0.52857834   
7.26000000   136.32000000   78.71000000   140.87000000   25.73974687   99.72547380   1.19892792   -0.60555623   
7.26000000   136.32000000   78.71000000   140.87000000   25.72953361   99.75434603   1.14061987   -0.52502853   
7.26000000   136.32000000   78.71000000   140.87000000   25.74654712   99.73323657   1.65002412   -0.55017480   
7.26000000   136.32000000   78.71000000   140.87000000   25.74036171   99.73352177   1.27896498   -0.41155382   
7.26000000   136.32000000   78.71000000   140.87000000   25.75816154   99.75301948   1.23556575   -0.47151181   
7.26000000   136.32000000   78.71000000   140.87000000   25.73009448   99.74039263   1.63341930   -0.39129875   
7.26000000   136.32000000   78.71000000   140.87000000   25.72356359   99.73222635   1.73070253   -0.41359637   
7.26000000   136.32000000   78.71000000   140.87000000   25.73285692   99.72197237   1.74352507   -0.45406446   
7.26000000   136.32000000   78.71000000   140.87000000   25.73900664   99.73910961   2.07777452   -0.69497160   
7.26000000   136.32000000   78.71000000   140.87000000   25.73081431   99.72698551   2.06135525   -0.67553551   
7.26000000   136.32000000   78.71000000   140.87000000   25.76594280   99.73720104   1.50862212   -0.69436731   
7.26000000   136.32000000   78.71000000   140.87000000   25.76275731   99.72003509   1.27497724   -0.82907797   
7.26000000   136.32000000   78.71000000   140.87000000   25.73166515   99.75761501   1.26262948   -0.76154165   
7.26000000   136.32000000   78.71000000   140.87000000   25.70651640   99.77815464   1.02297433   -0.64210325   
7.26000000   136.32000000   78.71000000   140.87000000   25.72469731   99.76508135   1.49730457   -0.68245259   
7.26000000   136.32000000   78.71000000   140.87000000   25.70656412   99.75945688   1.20339130   -0.65350290   
7.26000000   136.32000000   78.71000000   140.87000000   25.70924544   99.73985412   1.17793738   -0.71664976   
7.26000000   136.32000000   78.71000000   140.87000000   25.69783031   99.74269866   1.50323186   -0.63883651   
7.26000000   136.32000000   78.71000000   140.87000000   25.69911718   99.74108171   1.70678300   -0.76405947   
