1085.46943470   
1221.52119335   
1224.40549587   
1017.78251885   
1172.66039751   
967.79981937   
1012.02201844   
905.27374279   
898.43772957   
925.90908347   
968.06086531   
934.96917028   
838.22074246   
793.46220435   
876.71809000   
822.48637489   
822.72206457   
719.24227524   
697.12115309   
692.79991183   
763.61064314   
671.43923134   
759.93374036   
697.53843444   
675.90876040   
689.77966108   
687.24521582   
688.25301152   
703.45331481   
687.66896790   
654.84303374   
648.35195483   
653.87448214   
689.40607214   
659.28112722   
662.63529078   
659.11967186   
643.45527452   
667.92585930   
618.42747158   
598.78147006   
592.93002867   
586.06569697   
589.91762883   
581.38040330   
589.34753013   
587.42805128   
591.11636993   
583.35771738   
594.80476269   
608.26303170   
579.60908686   
575.95175561   
582.85595472   
574.16447788   
570.70911014   
581.48334435   
576.30441834   
568.95999358   
582.84367669   
573.47538231   
579.38655815   
572.34683990   
569.38565699   
569.13327825   
580.38857417   
570.69164130   
567.68830619   
561.19392931   
574.15018179   
569.88065629   
561.71191552   
552.63066717   
550.24734763   
548.11624814   
550.40568287   
551.74979668   
548.33053462   
544.35960099   
545.87312790   
559.47463563   
550.52266927   
548.42296098   
546.56156445   
542.27919559   
552.77825169   
545.80158282   
537.66310167   
538.17752656   
541.86300044   
551.41237379   
546.94870543   
537.54799896   
541.41544337   
537.93569800   
541.23816543   
546.90243950   
542.36454751   
549.14997001   
537.86313084   
553.34562602   
547.06649384   
545.74667568   
538.06525745   
531.77588134   
537.42686865   
536.50813335   
534.38918521   
538.94304430   
530.76905658   
540.95056951   
540.12300331   
533.56680526   
532.14225938   
534.95474016   
536.71001414   
529.73937191   
522.65585742   
521.30126308   
524.78447383   
532.72801875   
519.68953705   
537.19635232   
527.46570040   
536.20546931   
520.28295893   
519.58020943   
528.70403919   
524.41164915   
526.04887113   
525.76894252   
526.21757218   
523.36092653   
521.37634862   
527.59435130   
519.80524822   
516.38244067   
516.99030221   
518.61773728   
538.23104046   
518.00219223   
520.81076887   
522.83671925   
520.95640655   
521.37214045   
528.80932061   
547.30099711   
523.41387173   
521.35363114   
534.33309917   
525.15613065   
524.88722588   
522.57153101   
517.33030340   
521.47034761   
523.77112676   
522.31949181   
525.34044769   
540.22579035   
531.25014520   
545.89714375   
519.55803678   
523.13364125   
521.67278972   
521.83017092   
518.51606519   
524.76732552   
525.74733442   
530.14963579   
526.73891077   
518.85776208   
526.61137664   
521.88080270   
518.52752853   
522.19387496   
528.91748716   
518.84366173   
518.56650432   
520.09192469   
520.34506463   
522.45184527   
525.47441601   
529.50572386   
522.69003197   
523.04567103   
522.96094681   
531.08063326   
529.19421936   
520.66586498   
534.04433753   
529.93849335   
523.06209258   
519.29387094   
526.78645711   
526.46904407   
522.22189628   
524.70953933   
526.00874234   
536.41610840   
534.85751045   
524.48567599   
523.37445967   
537.28387922   
521.64015744   
522.35108904   
526.47226289   
522.76142934   
520.32659782   
531.89395610   
527.54765063   
520.75145711   
527.72373827   
532.14609256   
529.70074873   
535.06844247   
522.13941696   
525.96218207   
522.87713017   
527.52541354   
527.50087933   
521.76279106   
536.31293026   
526.09103611   
536.25694661   
520.09226908   
525.24145004   
524.61550612   
531.27108822   
525.88597735   
523.00875534   
522.25612409   
521.01982983   
530.81044207   
535.59185667   
528.52470453   
539.50276702   
517.59656399   
516.23535435   
520.27560694   
521.09569903   
518.40033973   
517.31536377   
525.32073714   
525.34195377   
523.84345752   
529.02229059   
528.06722894   
519.21496086   
521.48344841   
520.63351001   
520.58040490   
535.90189106   
529.55313363   
526.88338292   
525.98299187   
535.28323808   
530.25234267   
534.09070885   
531.57300140   
536.06449908   
518.20209145   
531.98555094   
526.96320321   
522.93720637   
523.81342097   
521.47202414   
525.63900540   
522.53673356   
526.39523676   
522.41779348   
523.38848903   
523.62160036   
527.36399471   
524.22286738   
557.34749876   
537.66796956   
526.49788085   
530.18377338   
530.02419528   
538.05673463   
534.13609481   
528.94650310   
533.67617273   
524.95188576   
527.61729245   
522.67498613   
523.73090998   
521.94695985   
529.47589770   
540.62129064   
531.13596009   
538.48210053   
528.17356745   
524.05515132   
526.32909156   
552.10731521   
530.91616580   
529.73551175   
525.21669993   
528.50730644   
529.12363244   
530.63565270   
527.30538730   
526.91801124   
534.62693988   
528.12752308   
532.21258285   
544.73869216   
532.75781322   
537.92443588   
544.11544926   
528.81078741   
528.29149443   
557.45754603   
541.04454383   
557.47163992   
532.69879128   
533.94628454   
526.82367045   
527.10202793   
525.26630431   
532.48956098   
532.47181589   
533.65581078   
525.24026275   
564.63601977   
528.98366065   
529.29284145   
530.43088619   
541.56732569   
558.48257207   
536.52969741   
537.69789508   
550.17776449   
526.68286661   
532.33848716   
532.23901836   
538.75930743   
527.51446707   
526.56010864   
532.77009910   
523.38768615   
551.57219783   
528.78746355   
531.04603680   
527.29291589   
527.11704485   
526.17296992   
542.56963688   
523.97876427   
524.66511404   
532.47439482   
527.45664442   
524.64393825   
520.85165373   
527.89530431   
523.31230592   
523.75908079   
528.36032592   
521.86017608   
525.50245328   
527.09022137   
529.87527178   
520.46816351   
523.12241232   
526.47239662   
522.96537303   
555.89629777   
523.52255143   
525.03134142   
527.96319487   
525.06058616   
533.95997524   
530.06394222   
523.20550336   
536.88765035   
543.08741860   
526.07795944   
521.66607010   
523.61191064   
521.70078199   
522.53100291   
528.38187617   
531.00270763   
524.99521243   
527.96970351   
532.58499551   
527.04576455   
531.84895450   
523.02472836   
524.19972119   
528.40777123   
532.45405659   
520.36401007   
523.70076518   
525.63013329   
539.28555739   
540.79612588   
539.23009474   
520.94941769   
524.35956510   
522.30111915   
523.08061860   
521.50738564   
531.60110699   
522.39857202   
530.29407930   
548.82517902   
585.55184210   
544.23191763   
533.35910256   
537.61644696   
559.21523224   
528.90242315   
532.48379341   
534.96370300   
531.60417412   
540.89878145   
530.74707423   
529.30765297   
532.22240905   
534.14619296   
531.48145982   
534.80718957   
532.77826338   
535.09747088   
530.34411115   
531.35801008   
533.67094918   
530.79247663   
529.61232537   
528.70423534   
543.25471819   
525.83954075   
521.72937605   
522.69469470   
519.31473302   
516.58856815   
535.86594487   
530.01575069   
519.75038969   
518.88936957   
525.22323488   
523.18197427   
521.70799947   
526.05487906   
529.32782626   
526.16382059   
532.60715899   
517.80146951   
540.36516362   
519.97413338   
516.36296143   
516.74026182   
516.62514781   
525.48540468   
528.29131955   
518.13136005   
540.45026814   
532.17545306   
519.17956769   
522.43449817   
527.20355953   
529.96312595   
541.85428620   
531.41697814   
519.42781015   
517.20451827   
520.42666312   
521.23256839   
523.99769486   
525.56140111   
518.96813998   
535.09536151   
520.56943063   
517.36623900   
533.26686766   
521.94919846   
531.38460917   
526.31477176   
524.47752651   
518.11207366   
535.65626705   
517.70770928   
522.38687284   
524.52622715   
521.98746823   
525.65202289   
523.71249132   
520.82706359   
549.54420317   
527.29384173   
519.24191903   
522.40650519   
516.11055783   
537.82319393   
521.43646694   
521.00467705   
535.04220310   
522.55403698   
531.61824473   
524.32636724   
544.01627613   
522.49216746   
516.98034121   
531.10889004   
519.31110294   
518.19802236   
534.29007132   
519.32630537   
517.78037221   
526.14343545   
522.05338563   
521.00384888   
521.44061202   
519.17536797   
532.24537105   
527.13635561   
539.03911421   
518.61377247   
527.21083723   
526.79654848   
519.43549061   
517.53257062   
534.70368202   
530.84183884   
526.93823501   
519.58914947   
518.82458339   
526.04588644   
517.99980960   
525.22855718   
521.46734488   
523.43880233   
519.19636576   
520.68628006   
521.86594083   
520.14407561   
525.57922880   
533.66368750   
517.95190694   
531.37740519   
519.68332530   
521.09894424   
533.06556292   
520.51794795   
531.77961525   
536.39534883   
538.91512864   
525.44675574   
523.25288790   
525.04307113   
522.66616423   
524.39634036   
523.96565277   
524.75253412   
521.01364354   
526.56697251   
528.01975407   
535.94361785   
523.07435840   
526.31118607   
525.59016846   
521.09926801   
534.71368361   
525.43921053   
530.59517642   
523.12483317   
525.44062178   
523.85889411   
537.29842252   
523.01129532   
543.60772468   
526.73975728   
539.39368181   
529.05746837   
531.93349498   
525.38382660   
523.84673352   
531.22992969   
523.95116636   
530.50389418   
534.22956344   
529.52816327   
526.69936072   
527.15061868   
520.72118907   
521.67339326   
520.79528288   
535.77987803   
521.90340193   
519.92978077   
519.77357993   
526.01808127   
528.38044688   
523.86139037   
523.25447148   
523.20599233   
517.65647112   
518.64664401   
548.61289719   
519.82481363   
525.03172248   
523.34938226   
520.73990224   
527.58269683   
521.39685624   
541.85392660   
533.81611606   
523.70207259   
521.55109070   
529.30801573   
525.63392394   
524.55980400   
545.74701619   
525.03031185   
524.78824075   
529.15477287   
522.23765210   
530.26034597   
526.78472333   
519.27645962   
533.39034810   
518.06927774   
518.16966573   
523.87878055   
520.76959537   
524.81973796   
526.85437188   
529.38420857   
524.86772187   
522.88773080   
535.55926834   
532.45328240   
522.00307940   
528.10797624   
522.92170716   
530.44049119   
527.60952824   
530.54943491   
521.04969880   
539.55098741   
525.83556373   
523.37429297   
517.39897517   
522.49064476   
520.95000851   
518.60051938   
519.56331908   
524.32337285   
520.72177535   
521.30644088   
521.03236638   
526.12172492   
526.45039350   
521.07598628   
525.65387050   
521.52378446   
523.14147747   
532.97233359   
525.96678546   
532.14401703   
523.63813216   
519.33434186   
526.15460672   
530.06906637   
523.40136093   
520.98895435   
521.37913692   
525.33721789   
523.42789722   
521.80113395   
531.25270378   
536.29809312   
519.57815900   
522.94413876   
521.98973728   
537.73620751   
524.75709561   
522.35646562   
524.20429371   
529.65055142   
520.66816831   
526.45487624   
522.38133614   
528.56811354   
526.62631442   
523.77293717   
535.38402954   
529.06551391   
523.01930214   
527.11873956   
522.85222004   
526.31847063   
531.54004764   
529.33164882   
525.74077276   
527.89350939   
538.57970284   
526.18470706   
525.83602118   
524.99874639   
523.50982861   
524.18031749   
530.64653513   
523.82032470   
528.35466844   
530.60695506   
522.92626980   
528.61084311   
520.19649095   
521.98110047   
524.01433344   
521.00199895   
543.78004510   
521.55560073   
536.98241427   
522.34120648   
522.95974622   
521.08973098   
521.58442902   
520.28747012   
530.31831215   
540.69561983   
521.62732768   
529.64636864   
525.26258812   
520.49865788   
518.62752789   
527.97995884   
520.76712640   
523.99834657   
531.27120243   
523.10857926   
519.15588453   
522.58420130   
530.78152487   
524.38381034   
529.04585917   
526.53369721   
523.03462308   
524.10096604   
521.08240113   
550.51171899   
519.88348745   
518.79895209   
518.51508001   
517.31054095   
527.66852653   
522.29164888   
539.49595411   
516.16876949   
529.57166178   
518.59498503   
521.83646245   
533.11089853   
535.36133026   
527.51639437   
534.17795427   
523.50906797   
525.42024343   
518.69163106   
523.74255886   
516.50094494   
520.45049390   
525.08251931   
520.78596952   
517.35509298   
516.88838495   
522.50650514   
524.28214034   
518.42774400   
525.91457636   
522.08186385   
519.09908037   
529.31213338   
518.38626907   
526.39770828   
519.74375334   
522.34743038   
529.20086876   
524.71008383   
520.87591279   
522.40928455   
525.55248608   
525.75952510   
518.79325045   
525.35591770   
536.54281748   
521.68077778   
527.50515975   
527.99502900   
522.46897450   
522.85444555   
523.22094176   
556.08618284   
526.04082329   
526.24778356   
521.69197075   
524.98954412   
522.18614806   
533.78666798   
548.95233968   
542.55039099   
521.83153665   
522.08554172   
527.64088522   
520.65727037   
519.21354188   
524.05704153   
521.45198934   
534.15272249   
522.12786160   
527.77954558   
521.70075376   
525.51946947   
523.26843196   
557.13220802   
525.55230382   
526.90854206   
522.30930273   
523.21682145   
520.15274342   
524.57082688   
521.37439521   
527.32411909   
535.19170656   
523.87110441   
521.29432093   
532.98096630   
530.68006146   
527.31144603   
529.84390987   
536.11340210   
525.90655635   
525.07211255   
522.34414741   
519.63926134   
522.95983030   
519.47276692   
533.59826329   
526.73923742   
522.15387609   
529.78309065   
528.75524865   
528.25084576   
527.48789375   
534.88992771   
534.31284774   
531.81422352   
521.22919437   
536.96436046   
528.92211028   
525.56414373   
531.85907585   
520.90717802   
547.04117795   
526.53192142   
517.32174362   
525.17953625   
525.80666482   
526.42151130   
529.87143192   
525.46957554   
520.74452365   
528.46055007   
524.84082636   
521.45107081   
522.41058395   
523.70136350   
522.15512905   
535.27499670   
519.82302330   
525.93955890   
523.97931270   
526.41361935   
526.93828964   
530.07877234   
525.17963072   
521.13314099   
520.26790492   
523.58934192   
530.74619148   
519.54298525   
522.27423339   
526.91814296   
526.95201365   
522.79265272   
522.08334361   
526.74585583   
529.76936530   
534.89705546   
528.72339448   
521.17358148   
527.73025325   
532.24259141   
550.76124993   
522.12264561   
524.50557965   
525.11217536   
522.22701056   
530.38129780   
529.47866755   
520.10067230   
524.17807390   
533.43609609   
519.68417534   
527.51899433   
519.63621697   
536.53034925   
540.64557326   
531.92794151   
525.21326059   
527.83636488   
520.15523784   
523.33752674   
528.67998903   
523.26152701   
522.12543442   
524.31518555   
522.52188501   
522.22976137   
527.30609874   
528.54947353   
523.26462761   
527.05035432   
539.71205659   
533.69785459   
525.61628646   
524.27874917   
519.95078178   
536.86950291   
537.46552610   
522.30215546   
523.81177726   
543.73772420   
532.55478014   
525.18236594   
528.75133080   
526.44687769   
539.40226717   
521.13506109   
524.02202343   
526.52675568   
527.20360116   
523.83779881   
519.43282848   
518.98994587   
529.31281672   
525.58988607   
530.41510017   
519.47661041   
521.09053904   
532.91602071   
529.17822908   
523.13867991   
525.67519300   
521.41195885   
523.11958607   
525.24169394   
522.22875288   
525.66747771   
522.27000673   
530.83731529   
521.88503129   
531.04825558   
527.19553255   
534.30436834   
519.04647685   
520.07588977   
521.72214113   
523.71229911   
530.66483256   
533.40606390   
519.95506546   
523.14458201   
519.91186396   
539.58379051   
526.62504272   
523.16989687   
525.41880752   
521.37016845   
525.96011105   
540.77087445   
538.10672793   
528.03709181   
528.07002960   
540.27224932   
532.43029750   
527.49008083   
526.78024038   
522.35709908   
520.79658382   
557.11148944   
531.18104575   
526.00589432   
535.00253672   
533.97789485   
520.06383037   
541.19824814   
522.79584176   
517.89073865   
521.28737593   
525.51483770   
521.88571072   
530.84773691   
522.48604667   
518.87623768   
541.18850371   
519.41281026   
529.98191537   
528.56674211   
521.16562501   
523.68025134   
523.25530578   
521.47372707   
520.25726925   
522.01707793   
533.15052695   
522.06431229   
527.88962589   
526.97291474   
525.68773450   
535.11458461   
547.51436813   
526.47012770   
533.16496185   
541.71667863   
536.61771356   
524.78006600   
529.61178947   
522.27697112   
526.70500904   
528.28011564   
524.19701645   
536.48259894   
523.28889154   
523.06961151   
526.60486912   
529.65401317   
530.09471944   
523.10911434   
536.76058834   
523.77767457   
525.52145998   
524.62012435   
520.91705309   
527.15931604   
519.07277797   
519.36036338   
521.50757772   
526.96572419   
526.17439413   
529.97283996   
525.48962840   
521.06268238   
522.60322661   
519.79761379   
519.07357212   
516.82847515   
518.96404947   
517.98969169   
520.56778965   
522.82870674   
524.94240078   
531.18880895   
518.95654909   
527.53469811   
530.78831064   
520.28971034   
523.82168483   
541.55506224   
523.33971186   
516.19497380   
526.46675591   
520.80172174   
528.97489636   
521.78580380   
527.43860469   
521.20827150   
530.10752190   
530.79181261   
521.79558201   
528.05112529   
523.39621041   
542.12394427   
527.21461689   
519.99942170   
524.20157887   
528.02348333   
528.73250810   
529.48537774   
525.03803422   
530.50658192   
522.36100964   
525.96897165   
520.64539098   
537.75111017   
519.17580809   
519.70665623   
532.91623844   
525.68996884   
528.13349941   
529.01126785   
522.18217368   
536.25454973   
523.27132636   
526.38664030   
541.32580046   
525.97005700   
524.39824919   
523.27681708   
523.56636787   
526.50979470   
523.58662146   
540.06805795   
525.61839092   
537.10514742   
520.42678067   
523.99975864   
528.37583290   
526.59614883   
527.69567055   
524.06446878   
519.20617372   
524.51961537   
525.39171783   
525.76148806   
526.04431928   
520.56338008   
523.54817099   
537.16837741   
517.86947654   
531.63945974   
522.63517192   
521.90042842   
527.12320533   
521.74712853   
521.75910756   
523.65339014   
537.70765406   
524.64732816   
533.00688174   
529.84711021   
531.77946009   
540.48328525   
527.46940463   
531.77694230   
531.46847361   
542.24605149   
526.36601577   
524.63876038   
519.28599171   
524.55881441   
516.07012276   
530.30779969   
519.66367017   
520.31675434   
541.58140587   
525.09458939   
527.32796726   
530.26703050   
525.83027892   
526.23000600   
531.18537577   
532.91579261   
532.51203177   
528.22379991   
539.93754099   
530.43724704   
530.69331570   
533.28015953   
528.76745670   
534.84392616   
532.11384975   
554.17262090   
540.09111772   
547.28322802   
541.53046648   
529.39974704   
539.55037567   
533.27260584   
531.68642698   
532.95497465   
531.15965528   
525.13775201   
529.64089876   
537.64743979   
544.27026999   
534.05021724   
544.96845314   
527.35122068   
527.48416512   
533.87907750   
524.98338082   
532.44505712   
528.75659624   
547.97990875   
524.15544127   
524.46050826   
530.47337439   
529.48290072   
540.91458940   
519.68325814   
527.06346499   
528.89844904   
521.25204170   
522.79994172   
520.28290687   
522.11354358   
520.22269193   
529.93948681   
523.11105623   
517.14274816   
519.49365279   
536.99830111   
522.04132428   
526.22051058   
522.29401237   
519.45638468   
534.47202356   
525.96197580   
515.62552641   
528.42760239   
525.33530498   
531.51643675   
528.61061015   
523.54300675   
521.14265628   
521.47276301   
524.88728015   
527.15255568   
519.82570924   
523.11778489   
518.35398835   
521.62064027   
519.45987177   
516.12063252   
526.77679526   
521.19989072   
519.28310185   
525.79503431   
526.52301050   
518.84975223   
527.14992676   
532.20322661   
521.58243618   
519.42463813   
519.03859730   
524.11546425   
522.83653690   
527.35451224   
518.94925754   
522.97653127   
519.95924334   
524.23781562   
520.93879309   
518.70269206   
527.11475660   
521.20954573   
529.82522387   
523.37446451   
530.98731265   
522.59096897   
531.92506447   
535.93365541   
527.72938442   
526.22927236   
546.21705832   
541.96887947   
540.76228362   
535.74465224   
524.82545856   
528.04330359   
528.22823619   
534.01382901   
535.43964837   
540.43780669   
559.96684019   
544.91791676   
527.02859918   
526.00226659   
548.20674771   
530.43696069   
538.55016556   
539.32980832   
525.01030872   
534.22838994   
523.68807467   
535.03525816   
522.55941128   
540.67337392   
517.81130357   
519.15002214   
524.49441405   
522.74773929   
520.50730497   
519.86055691   
526.34471179   
523.46747565   
533.53425632   
527.32449086   
527.49875608   
523.65833376   
525.31603373   
521.38638738   
521.03301483   
538.39843589   
526.29701381   
538.87367059   
524.99679793   
522.07607693   
524.12612996   
522.91340227   
536.76659401   
526.44577238   
522.81707199   
523.99301794   
523.37182764   
525.05052560   
540.21418317   
518.73609242   
553.43040341   
527.01040214   
527.41761672   
532.36140033   
525.38055981   
518.98183575   
530.61311086   
537.37744680   
516.90852228   
526.54270645   
526.78394326   
524.11404563   
523.96892448   
525.05683150   
530.28355330   
517.80785345   
523.81877068   
521.54648424   
527.22142386   
522.20503905   
537.09001367   
527.92146612   
