1085.46943470   
1017.78251885   
967.79981937   
905.27374279   
898.43772957   
838.22074246   
793.46220435   
719.24227524   
697.12115309   
692.79991183   
671.43923134   
675.90876040   
654.84303374   
648.35195483   
643.45527452   
618.42747158   
598.78147006   
592.93002867   
586.06569697   
589.91762883   
581.38040330   
579.60908686   
575.95175561   
574.16447788   
570.70911014   
568.95999358   
569.38565699   
569.13327825   
567.68830619   
561.19392931   
561.71191552   
552.63066717   
550.24734763   
548.11624814   
550.40568287   
548.33053462   
544.35960099   
545.87312790   
546.56156445   
542.27919559   
537.66310167   
538.17752656   
537.54799896   
541.41544337   
537.93569800   
537.86313084   
538.06525745   
531.77588134   
530.76905658   
533.56680526   
532.14225938   
529.73937191   
522.65585742   
521.30126308   
519.68953705   
520.28295893   
519.58020943   
523.36092653   
521.37634862   
519.80524822   
516.38244067   
516.99030221   
518.00219223   
521.35363114   
517.33030340   
521.47034761   
522.31949181   
519.55803678   
523.13364125   
521.67278972   
521.83017092   
518.51606519   
518.85776208   
518.52752853   
518.84366173   
518.56650432   
520.09192469   
520.34506463   
522.96094681   
520.66586498   
523.06209258   
519.29387094   
521.64015744   
522.35108904   
520.32659782   
520.75145711   
522.13941696   
521.76279106   
520.09226908   
521.01982983   
517.59656399   
516.23535435   
520.58040490   
518.20209145   
527.36399471   
524.22286738   
526.49788085   
524.95188576   
527.61729245   
522.67498613   
521.94695985   
524.05515132   
526.32909156   
525.21669993   
528.50730644   
527.30538730   
526.91801124   
532.75781322   
528.81078741   
528.29149443   
526.82367045   
527.10202793   
525.26630431   
525.24026275   
529.29284145   
530.43088619   
526.68286661   
527.51446707   
526.56010864   
523.38768615   
527.29291589   
527.11704485   
526.17296992   
523.97876427   
524.66511404   
524.64393825   
520.85165373   
521.86017608   
520.46816351   
522.96537303   
523.52255143   
523.20550336   
526.07795944   
521.66607010   
521.70078199   
522.53100291   
523.02472836   
524.19972119   
520.36401007   
520.94941769   
521.50738564   
522.39857202   
530.29407930   
533.35910256   
528.90242315   
532.48379341   
531.60417412   
530.74707423   
529.30765297   
530.34411115   
531.35801008   
530.79247663   
529.61232537   
528.70423534   
525.83954075   
521.72937605   
519.31473302   
516.58856815   
518.88936957   
517.80146951   
516.36296143   
516.74026182   
516.62514781   
518.13136005   
519.17956769   
522.43449817   
527.20355953   
529.96312595   
519.42781015   
517.20451827   
517.36623900   
518.11207366   
517.70770928   
521.98746823   
520.82706359   
519.24191903   
516.11055783   
516.98034121   
519.31110294   
518.19802236   
519.32630537   
517.78037221   
519.17536797   
518.61377247   
517.53257062   
517.99980960   
517.95190694   
521.09894424   
520.51794795   
523.96565277   
524.75253412   
521.01364354   
521.09926801   
523.01129532   
526.73975728   
525.38382660   
523.84673352   
523.95116636   
520.72118907   
521.67339326   
520.79528288   
519.92978077   
519.77357993   
517.65647112   
519.82481363   
520.73990224   
521.39685624   
521.55109070   
522.23765210   
519.27645962   
518.06927774   
518.16966573   
522.92170716   
521.04969880   
517.39897517   
518.60051938   
519.56331908   
521.03236638   
521.07598628   
521.52378446   
519.33434186   
519.57815900   
526.62631442   
523.77293717   
523.01930214   
522.85222004   
524.99874639   
523.50982861   
524.18031749   
523.82032470   
522.92626980   
520.19649095   
521.00199895   
521.55560073   
522.34120648   
522.95974622   
521.08973098   
521.58442902   
520.28747012   
520.49865788   
518.62752789   
519.88348745   
518.79895209   
518.51508001   
517.31054095   
516.16876949   
516.50094494   
520.45049390   
520.78596952   
517.35509298   
516.88838495   
518.42774400   
519.09908037   
518.38626907   
518.79325045   
520.65727037   
519.21354188   
521.45198934   
522.12786160   
521.70075376   
523.26843196   
525.55230382   
522.30930273   
523.21682145   
520.15274342   
527.32411909   
523.87110441   
521.29432093   
522.34414741   
519.63926134   
519.47276692   
521.22919437   
520.90717802   
526.53192142   
517.32174362   
520.74452365   
522.41058395   
522.15512905   
519.82302330   
526.93828964   
525.17963072   
521.13314099   
520.26790492   
519.54298525   
526.95201365   
522.79265272   
522.08334361   
521.17358148   
525.11217536   
522.22701056   
520.10067230   
519.68417534   
519.63621697   
520.15523784   
522.22976137   
523.26462761   
525.61628646   
524.27874917   
519.95078178   
521.13506109   
523.83779881   
519.43282848   
518.98994587   
519.47661041   
525.24169394   
522.22875288   
522.27000673   
521.88503129   
519.04647685   
520.07588977   
521.72214113   
523.71229911   
519.95506546   
519.91186396   
521.37016845   
527.49008083   
526.78024038   
522.35709908   
520.79658382   
520.06383037   
517.89073865   
521.88571072   
518.87623768   
521.16562501   
521.47372707   
520.25726925   
522.01707793   
522.06431229   
522.27697112   
523.28889154   
523.06961151   
526.60486912   
523.10911434   
520.91705309   
519.07277797   
519.36036338   
521.50757772   
521.06268238   
519.79761379   
519.07357212   
516.82847515   
518.96404947   
517.98969169   
518.95654909   
520.28971034   
516.19497380   
520.80172174   
528.97489636   
521.78580380   
521.20827150   
521.79558201   
519.99942170   
524.20157887   
525.03803422   
522.36100964   
520.64539098   
519.17580809   
519.70665623   
523.58662146   
525.61839092   
520.42678067   
519.20617372   
523.54817099   
517.86947654   
521.75910756   
523.65339014   
533.00688174   
529.84711021   
527.46940463   
526.36601577   
524.63876038   
519.28599171   
516.07012276   
520.31675434   
525.09458939   
527.32796726   
525.83027892   
528.22379991   
532.11384975   
529.39974704   
531.15965528   
525.13775201   
524.98338082   
524.15544127   
524.46050826   
519.68325814   
520.22269193   
517.14274816   
522.04132428   
519.45638468   
515.62552641   
519.28310185   
518.84975223   
519.42463813   
519.03859730   
518.94925754   
518.70269206   
521.20954573   
523.37446451   
522.59096897   
522.55941128   
517.81130357   
519.15002214   
519.86055691   
521.38638738   
521.03301483   
522.07607693   
522.91340227   
522.81707199   
523.99301794   
523.37182764   
525.05052560   
518.73609242   
518.98183575   
516.90852228   
