5.38000000   54.20000000   54.98000000   68.63000000   25.64607400   99.99131124   14.01596609   0.55046370   
5.38000000   54.20000000   54.98000000   68.63000000   25.67287469   99.98479094   13.63589902   0.67787608   
5.38000000   54.20000000   54.98000000   68.63000000   25.66541192   99.96144772   13.89509958   0.66203427   
5.38000000   54.20000000   54.98000000   68.63000000   25.64342833   99.93985159   13.43477936   0.80765519   
5.38000000   54.20000000   54.98000000   68.63000000   25.66538848   99.94221899   13.36357079   0.75888325   
5.38000000   54.20000000   54.98000000   68.63000000   25.64310929   99.90705923   12.80567387   0.64917916   
5.38000000   54.20000000   54.98000000   68.63000000   25.63525185   99.88745807   12.68787328   0.70996699   
5.38000000   54.20000000   54.98000000   68.63000000   25.65119160   99.85986221   12.20895372   0.77554120   
5.38000000   54.20000000   54.98000000   68.63000000   25.67188350   99.84751859   12.48217616   0.68851024   
5.38000000   54.20000000   54.98000000   68.63000000   25.66790630   99.83917192   12.71405608   0.61301857   
5.38000000   54.20000000   54.98000000   68.63000000   25.69738304   99.82759211   13.18079226   0.54088103   
5.38000000   54.20000000   54.98000000   68.63000000   25.69235061   99.81350413   13.31892035   0.31749417   
5.38000000   54.20000000   54.98000000   68.63000000   25.70221603   99.79905901   13.33328235   0.30889250   
5.38000000   54.20000000   54.98000000   68.63000000   25.71808394   99.78804725   13.92235216   0.17801649   
5.38000000   54.20000000   54.98000000   68.63000000   25.71480466   99.78268723   14.02832455   0.19186243   
5.38000000   54.20000000   54.98000000   68.63000000   25.69128099   99.74168710   13.91595900   0.32908623   
5.38000000   54.20000000   54.98000000   68.63000000   25.73281494   99.74475336   13.36245908   0.25600953   
5.38000000   54.20000000   54.98000000   68.63000000   25.74707082   99.73324965   13.96790087   0.30924955   
5.38000000   54.20000000   54.98000000   68.63000000   25.75833799   99.70194573   14.33764992   0.25681874   
5.38000000   54.20000000   54.98000000   68.63000000   25.75025090   99.71868897   14.27430893   0.30203775   
5.38000000   54.20000000   54.98000000   68.63000000   25.74082959   99.70605411   13.59711621   0.31899721   
5.38000000   54.20000000   54.98000000   68.63000000   25.77998352   99.72265976   12.93236001   0.40098848   
5.38000000   54.20000000   54.98000000   68.63000000   25.76116833   99.72571204   12.53916853   0.38694852   
5.38000000   54.20000000   54.98000000   68.63000000   25.76051158   99.70813245   12.30098508   0.48401470   
5.38000000   54.20000000   54.98000000   68.63000000   25.74975016   99.70307454   11.65542834   0.31898121   
5.38000000   54.20000000   54.98000000   68.63000000   25.74575435   99.70964604   11.19430478   0.26493855   
5.38000000   54.20000000   54.98000000   68.63000000   25.77706174   99.70240786   11.20273102   0.27584499   
5.38000000   54.20000000   54.98000000   68.63000000   25.72682272   99.70583659   10.46029584   0.21456038   
5.38000000   54.20000000   54.98000000   68.63000000   25.71920109   99.72095634   9.37122627   0.07781893   
5.38000000   54.20000000   54.98000000   68.63000000   25.74217434   99.72016845   8.80174219   0.00143723   
5.38000000   54.20000000   54.98000000   68.63000000   25.74544424   99.73267286   8.59366713   -0.12472792   
5.38000000   54.20000000   54.98000000   68.63000000   25.74261889   99.73753421   7.43475011   0.12721109   
5.38000000   54.20000000   54.98000000   68.63000000   25.73601281   99.73643695   7.19353159   -0.01015094   
5.38000000   54.20000000   54.98000000   68.63000000   25.72053924   99.72551333   6.44162876   0.01365301   
5.38000000   54.20000000   54.98000000   68.63000000   25.72783932   99.70069331   6.75576392   -0.02328583   
5.38000000   54.20000000   54.98000000   68.63000000   25.74707735   99.70325732   6.45759745   -0.00667419   
5.38000000   54.20000000   54.98000000   68.63000000   25.75699014   99.72711701   6.16256532   -0.01591671   
5.38000000   54.20000000   54.98000000   68.63000000   25.75791968   99.72601618   5.82357252   -0.06991875   
5.38000000   54.20000000   54.98000000   68.63000000   25.77169404   99.73284670   5.72215631   -0.12366060   
5.38000000   54.20000000   54.98000000   68.63000000   25.73750206   99.75388840   4.96042309   0.08526174   
5.38000000   54.20000000   54.98000000   68.63000000   25.75018720   99.73383060   4.25701651   0.06331774   
5.38000000   54.20000000   54.98000000   68.63000000   25.75141811   99.74304496   4.55364444   0.10485108   
5.38000000   54.20000000   54.98000000   68.63000000   25.73507267   99.73857195   4.27846276   0.20342516   
5.38000000   54.20000000   54.98000000   68.63000000   25.72324174   99.74328823   4.31702564   0.45351906   
5.38000000   54.20000000   54.98000000   68.63000000   25.73227172   99.74234587   3.92461071   0.36848124   
5.38000000   54.20000000   54.98000000   68.63000000   25.73893392   99.72631921   3.66743587   0.27763970   
5.38000000   54.20000000   54.98000000   68.63000000   25.72546018   99.75550670   4.32601565   0.19273304   
5.38000000   54.20000000   54.98000000   68.63000000   25.73197152   99.73688762   3.56768642   0.05699573   
5.38000000   54.20000000   54.98000000   68.63000000   25.73551086   99.73220571   3.56695789   -0.06680158   
5.38000000   54.20000000   54.98000000   68.63000000   25.75559839   99.71261912   3.17988653   -0.17133778   
5.38000000   54.20000000   54.98000000   68.63000000   25.73937644   99.71339020   3.25847576   -0.29243650   
5.38000000   54.20000000   54.98000000   68.63000000   25.75025463   99.75010856   2.79612004   -0.33554759   
5.38000000   54.20000000   54.98000000   68.63000000   25.74055825   99.76423527   1.74763192   -0.32261617   
5.38000000   54.20000000   54.98000000   68.63000000   25.72706346   99.76133185   1.67419556   -0.42622138   
5.38000000   54.20000000   54.98000000   68.63000000   25.73002629   99.76554679   1.21582822   -0.50872145   
5.38000000   54.20000000   54.98000000   68.63000000   25.74964278   99.75715985   1.17505654   -0.56692455   
5.38000000   54.20000000   54.98000000   68.63000000   25.74795418   99.73625823   1.49277660   -0.64761742   
5.38000000   54.20000000   54.98000000   68.63000000   25.72688819   99.72346716   1.93246179   -0.63515523   
5.38000000   54.20000000   54.98000000   68.63000000   25.71686205   99.73232463   1.52764702   -0.73571662   
5.38000000   54.20000000   54.98000000   68.63000000   25.74182372   99.74026046   1.31525430   -0.54785995   
5.38000000   54.20000000   54.98000000   68.63000000   25.72335876   99.73160274   1.14502893   -0.55833393   
5.38000000   54.20000000   54.98000000   68.63000000   25.73635550   99.73535180   1.23379448   -0.71033215   
5.38000000   54.20000000   54.98000000   68.63000000   25.72995953   99.73445308   1.07781785   -0.84489997   
5.38000000   54.20000000   54.98000000   68.63000000   25.74420484   99.73480900   1.27862440   -0.79141332   
5.38000000   54.20000000   54.98000000   68.63000000   25.71818372   99.73383656   1.03879863   -0.70507099   
5.38000000   54.20000000   54.98000000   68.63000000   25.70630514   99.74989299   1.06481391   -0.75916885   
5.38000000   54.20000000   54.98000000   68.63000000   25.70155585   99.72772184   1.03913534   -0.82813626   
5.38000000   54.20000000   54.98000000   68.63000000   25.71664020   99.73104436   1.02714747   -0.86929818   
5.38000000   54.20000000   54.98000000   68.63000000   25.75324641   99.74138894   1.27003580   -0.84253497   
5.38000000   54.20000000   54.98000000   68.63000000   25.74626316   99.71642525   1.43638486   -0.76152264   
5.38000000   54.20000000   54.98000000   68.63000000   25.74732920   99.72204474   1.38495553   -0.81592793   
5.38000000   54.20000000   54.98000000   68.63000000   25.75561751   99.73150380   1.01108871   -0.64745847   
5.38000000   54.20000000   54.98000000   68.63000000   25.75004004   99.74179863   1.00250571   -0.56435562   
5.38000000   54.20000000   54.98000000   68.63000000   25.75602936   99.74196710   1.07283581   -0.58895764   
5.38000000   54.20000000   54.98000000   68.63000000   25.74852446   99.73734618   1.09798885   -0.61756676   
5.38000000   54.20000000   54.98000000   68.63000000   25.72643433   99.71991153   1.11684414   -0.52762307   
5.38000000   54.20000000   54.98000000   68.63000000   25.72185804   99.73821254   1.41453290   -0.34275487   
5.38000000   54.20000000   54.98000000   68.63000000   25.71244515   99.73248818   1.73937583   -0.27782082   
5.38000000   54.20000000   54.98000000   68.63000000   25.69929578   99.74277269   1.47913654   -0.36443615   
5.38000000   54.20000000   54.98000000   68.63000000   25.72111810   99.74931069   1.43247001   -0.39908104   
5.38000000   54.20000000   54.98000000   68.63000000   25.72240805   99.72164794   1.22335768   -0.24548024   
5.38000000   54.20000000   54.98000000   68.63000000   25.72542458   99.73087821   1.18188899   -0.18079843   
5.38000000   54.20000000   54.98000000   68.63000000   25.72552339   99.73302075   1.67765408   -0.19094352   
5.38000000   54.20000000   54.98000000   68.63000000   25.70250005   99.73840711   1.39554107   -0.30513598   
5.38000000   54.20000000   54.98000000   68.63000000   25.72330144   99.75130367   1.48246454   -0.18268966   
5.38000000   54.20000000   54.98000000   68.63000000   25.72913466   99.75923002   1.70243607   -0.29354045   
5.38000000   54.20000000   54.98000000   68.63000000   25.73183755   99.74068287   1.92648333   -0.44721395   
5.38000000   54.20000000   54.98000000   68.63000000   25.72918027   99.75571551   1.51584616   -0.59473515   
5.38000000   54.20000000   54.98000000   68.63000000   25.72611887   99.75408426   1.56551587   -0.53317945   
5.38000000   54.20000000   54.98000000   68.63000000   25.71783182   99.75660831   1.58368612   -0.48450271   
5.38000000   54.20000000   54.98000000   68.63000000   25.72250837   99.73838294   1.16713292   -0.39977991   
5.38000000   54.20000000   54.98000000   68.63000000   25.71933341   99.74509803   1.09739876   -0.36496923   
5.38000000   54.20000000   54.98000000   68.63000000   25.75266165   99.75596812   1.23604170   -0.27755663   
5.38000000   54.20000000   54.98000000   68.63000000   25.72080215   99.75273996   1.09942255   -0.13311354   
5.38000000   54.20000000   54.98000000   68.63000000   25.71489193   99.72500571   1.38586060   -0.06690351   
5.38000000   54.20000000   54.98000000   68.63000000   25.71140948   99.76273738   2.19720040   -0.07408393   
5.38000000   54.20000000   54.98000000   68.63000000   25.72948192   99.76750523   2.15618625   0.01369236   
5.38000000   54.20000000   54.98000000   68.63000000   25.72815018   99.75641400   1.96585036   0.02477143   
5.38000000   54.20000000   54.98000000   68.63000000   25.70033594   99.75270384   2.13690635   0.10357580   
5.38000000   54.20000000   54.98000000   68.63000000   25.72923538   99.75198455   1.59255549   0.00359135   
5.38000000   54.20000000   54.98000000   68.63000000   25.70500476   99.74327905   1.33450491   -0.13220550   
5.38000000   54.20000000   54.98000000   68.63000000   25.71723684   99.72905461   1.91098310   -0.12894383   
5.38000000   54.20000000   54.98000000   68.63000000   25.74071753   99.76804189   2.11915079   -0.10004331   
5.38000000   54.20000000   54.98000000   68.63000000   25.74310063   99.76199328   2.18639098   -0.22141239   
5.38000000   54.20000000   54.98000000   68.63000000   25.74912553   99.75921337   2.46507443   -0.28071569   
5.38000000   54.20000000   54.98000000   68.63000000   25.73856154   99.76159231   2.74824638   -0.06392017   
5.38000000   54.20000000   54.98000000   68.63000000   25.73139728   99.75082118   2.53805131   0.10433967   
5.38000000   54.20000000   54.98000000   68.63000000   25.71737106   99.72736455   3.21991398   0.11423525   
5.38000000   54.20000000   54.98000000   68.63000000   25.73681994   99.73193540   3.08045734   -0.00445529   
5.38000000   54.20000000   54.98000000   68.63000000   25.70702870   99.75396009   2.65873006   -0.13881776   
5.38000000   54.20000000   54.98000000   68.63000000   25.73601550   99.75313103   2.51372900   -0.35691982   
5.38000000   54.20000000   54.98000000   68.63000000   25.74864565   99.73752606   2.38312004   -0.21858098   
5.38000000   54.20000000   54.98000000   68.63000000   25.73474841   99.74060920   2.70242553   -0.16791086   
5.38000000   54.20000000   54.98000000   68.63000000   25.70185660   99.75000453   2.19371767   -0.21451423   
5.38000000   54.20000000   54.98000000   68.63000000   25.69767223   99.73476016   2.63845538   -0.28808790   
5.38000000   54.20000000   54.98000000   68.63000000   25.70645996   99.72061850   2.74448502   -0.33684932   
5.38000000   54.20000000   54.98000000   68.63000000   25.72005461   99.72155049   2.33275736   -0.39553542   
5.38000000   54.20000000   54.98000000   68.63000000   25.72671539   99.71209611   2.03306505   -0.27991306   
5.38000000   54.20000000   54.98000000   68.63000000   25.72502104   99.71426851   2.18395174   -0.26256005   
5.38000000   54.20000000   54.98000000   68.63000000   25.72514182   99.73741819   2.01724445   -0.17523316   
5.38000000   54.20000000   54.98000000   68.63000000   25.73646291   99.71882305   2.21016010   -0.19096564   
5.38000000   54.20000000   54.98000000   68.63000000   25.71176913   99.72706280   2.59314056   -0.11576974   
5.38000000   54.20000000   54.98000000   68.63000000   25.72494645   99.72835267   2.19687267   -0.10717716   
5.38000000   54.20000000   54.98000000   68.63000000   25.72190221   99.72643380   1.96902808   -0.42843241   
5.38000000   54.20000000   54.98000000   68.63000000   25.70881025   99.73182294   1.84722603   -0.30385772   
5.38000000   54.20000000   54.98000000   68.63000000   25.71211572   99.76634108   1.33503460   -0.38926375   
5.38000000   54.20000000   54.98000000   68.63000000   25.74300226   99.74648042   1.48821061   -0.27840507   
5.38000000   54.20000000   54.98000000   68.63000000   25.73332578   99.74292538   1.85558175   -0.36485490   
5.38000000   54.20000000   54.98000000   68.63000000   25.74548693   99.74438950   1.58130586   -0.50682651   
5.38000000   54.20000000   54.98000000   68.63000000   25.72964060   99.75769421   1.71569691   -0.59901248   
5.38000000   54.20000000   54.98000000   68.63000000   25.74746911   99.74650767   1.86084392   -0.62740808   
5.38000000   54.20000000   54.98000000   68.63000000   25.73191743   99.76199964   1.38705103   -0.52510235   
5.38000000   54.20000000   54.98000000   68.63000000   25.72841701   99.77127337   1.41979444   -0.51723625   
5.38000000   54.20000000   54.98000000   68.63000000   25.74357985   99.75652628   1.58149318   -0.50458474   
5.38000000   54.20000000   54.98000000   68.63000000   25.73313217   99.72299632   1.37353833   -0.35686903   
5.38000000   54.20000000   54.98000000   68.63000000   25.71168837   99.76054549   1.71634416   -0.35465322   
5.38000000   54.20000000   54.98000000   68.63000000   25.72200843   99.74783275   2.01930755   -0.39959512   
5.38000000   54.20000000   54.98000000   68.63000000   25.72035941   99.76089712   2.05702807   -0.36160809   
5.38000000   54.20000000   54.98000000   68.63000000   25.70740195   99.75104405   1.62434391   -0.33219795   
5.38000000   54.20000000   54.98000000   68.63000000   25.71007372   99.73484312   1.42841834   -0.36421622   
5.38000000   54.20000000   54.98000000   68.63000000   25.72505227   99.75972041   1.73770639   -0.42170031   
5.38000000   54.20000000   54.98000000   68.63000000   25.72924393   99.72704662   1.86820032   -0.42418911   
5.38000000   54.20000000   54.98000000   68.63000000   25.69997713   99.74929358   2.57771902   -0.34400413   
5.38000000   54.20000000   54.98000000   68.63000000   25.69396458   99.72110327   2.72489237   -0.20984192   
5.38000000   54.20000000   54.98000000   68.63000000   25.72279811   99.72042040   2.82631130   -0.19823761   
5.38000000   54.20000000   54.98000000   68.63000000   25.72679241   99.71682243   3.73721907   -0.11849292   
5.38000000   54.20000000   54.98000000   68.63000000   25.74858066   99.72110374   3.04841779   -0.14313550   
5.38000000   54.20000000   54.98000000   68.63000000   25.75958291   99.73301232   2.79232681   -0.18685085   
5.38000000   54.20000000   54.98000000   68.63000000   25.74559530   99.72668377   2.94728897   -0.27032720   
5.38000000   54.20000000   54.98000000   68.63000000   25.75211225   99.71870716   2.93499284   -0.34005558   
5.38000000   54.20000000   54.98000000   68.63000000   25.74293631   99.71836972   3.67897164   -0.28747913   
5.38000000   54.20000000   54.98000000   68.63000000   25.72616078   99.72228318   3.73578164   -0.35536496   
5.38000000   54.20000000   54.98000000   68.63000000   25.74252952   99.71858243   3.13350670   -0.42672177   
5.38000000   54.20000000   54.98000000   68.63000000   25.72923849   99.74767603   2.99101851   -0.35324386   
5.38000000   54.20000000   54.98000000   68.63000000   25.74681784   99.74429673   2.36703063   -0.28877935   
5.38000000   54.20000000   54.98000000   68.63000000   25.73332930   99.73842142   1.90383249   -0.39080534   
5.38000000   54.20000000   54.98000000   68.63000000   25.73455583   99.73042408   1.35340638   -0.36211876   
5.38000000   54.20000000   54.98000000   68.63000000   25.71569386   99.73396221   1.00888320   -0.44100355   
5.38000000   54.20000000   54.98000000   68.63000000   25.71252168   99.72986851   1.22790825   -0.43339755   
5.38000000   54.20000000   54.98000000   68.63000000   25.71731193   99.74638828   1.18319809   -0.51881193   
5.38000000   54.20000000   54.98000000   68.63000000   25.72701631   99.74375659   1.07812493   -0.60253329   
5.38000000   54.20000000   54.98000000   68.63000000   25.73909390   99.74686856   1.04496513   -0.63480739   
5.38000000   54.20000000   54.98000000   68.63000000   25.73459232   99.74027278   1.10163136   -0.61262284   
5.38000000   54.20000000   54.98000000   68.63000000   25.72502166   99.75615364   1.17794482   -0.63327835   
5.38000000   54.20000000   54.98000000   68.63000000   25.71138892   99.75202485   1.22697028   -0.60581018   
5.38000000   54.20000000   54.98000000   68.63000000   25.71160494   99.74706015   1.41321692   -0.67305342   
5.38000000   54.20000000   54.98000000   68.63000000   25.69063877   99.71950007   1.21005664   -0.67638254   
5.38000000   54.20000000   54.98000000   68.63000000   25.69022631   99.71234676   1.28833220   -0.53756728   
5.38000000   54.20000000   54.98000000   68.63000000   25.70993000   99.73387489   1.21717137   -0.52247586   
5.38000000   54.20000000   54.98000000   68.63000000   25.73266339   99.73771451   1.06788876   -0.74786459   
5.38000000   54.20000000   54.98000000   68.63000000   25.71734822   99.72795756   1.17354505   -0.70535169   
5.38000000   54.20000000   54.98000000   68.63000000   25.72873116   99.75252458   1.11036645   -0.60897728   
5.38000000   54.20000000   54.98000000   68.63000000   25.73200362   99.75810300   1.21947848   -0.48059292   
5.38000000   54.20000000   54.98000000   68.63000000   25.72850285   99.74171109   2.20570144   -0.44251453   
5.38000000   54.20000000   54.98000000   68.63000000   25.70900380   99.72934869   1.61649049   -0.54810004   
5.38000000   54.20000000   54.98000000   68.63000000   25.71171025   99.73468116   1.01458133   -0.38717964   
5.38000000   54.20000000   54.98000000   68.63000000   25.71328871   99.73250724   1.18718484   -0.56832107   
5.38000000   54.20000000   54.98000000   68.63000000   25.71479379   99.74682390   1.03035503   -0.57589136   
5.38000000   54.20000000   54.98000000   68.63000000   25.73720725   99.74287791   1.46169726   -0.60054749   
5.38000000   54.20000000   54.98000000   68.63000000   25.71405904   99.73888155   1.03881923   -0.60337569   
5.38000000   54.20000000   54.98000000   68.63000000   25.75095304   99.72822250   1.04869085   -0.49176659   
5.38000000   54.20000000   54.98000000   68.63000000   25.71352345   99.72650868   1.22855831   -0.57936460   
5.38000000   54.20000000   54.98000000   68.63000000   25.72999742   99.73834308   1.51318363   -0.48354131   
5.38000000   54.20000000   54.98000000   68.63000000   25.74267705   99.73474142   1.17604685   -0.46244022   
5.38000000   54.20000000   54.98000000   68.63000000   25.71512512   99.75139386   1.12440695   -0.40843625   
5.38000000   54.20000000   54.98000000   68.63000000   25.74365241   99.74774775   1.08854780   -0.39407920   
5.38000000   54.20000000   54.98000000   68.63000000   25.74151631   99.74789930   1.09402842   -0.34632910   
5.38000000   54.20000000   54.98000000   68.63000000   25.74657104   99.73949086   1.35918640   -0.28625488   
5.38000000   54.20000000   54.98000000   68.63000000   25.72281144   99.75212676   1.47302677   -0.14766851   
5.38000000   54.20000000   54.98000000   68.63000000   25.69996705   99.76935282   1.42998233   -0.11583430   
5.38000000   54.20000000   54.98000000   68.63000000   25.70156492   99.73993593   1.42744714   -0.09931303   
5.38000000   54.20000000   54.98000000   68.63000000   25.72247600   99.75656622   1.48328565   -0.06199239   
5.38000000   54.20000000   54.98000000   68.63000000   25.74750256   99.74542348   1.56185941   -0.28661660   
5.38000000   54.20000000   54.98000000   68.63000000   25.71752620   99.73546118   1.83742092   -0.45978048   
5.38000000   54.20000000   54.98000000   68.63000000   25.71753296   99.71828971   2.61754435   -0.48598330   
5.38000000   54.20000000   54.98000000   68.63000000   25.74002591   99.71423569   2.09003161   -0.41910704   
5.38000000   54.20000000   54.98000000   68.63000000   25.71887564   99.72244395   2.15030815   -0.42655525   
5.38000000   54.20000000   54.98000000   68.63000000   25.72798540   99.72330004   1.87943586   -0.29294684   
5.38000000   54.20000000   54.98000000   68.63000000   25.72832365   99.73431077   1.51868373   -0.27201661   
5.38000000   54.20000000   54.98000000   68.63000000   25.70853901   99.75775897   1.71847028   -0.33053362   
5.38000000   54.20000000   54.98000000   68.63000000   25.70380786   99.72651193   1.15475293   -0.31807124   
5.38000000   54.20000000   54.98000000   68.63000000   25.70993356   99.75285646   1.37267656   -0.27347400   
5.38000000   54.20000000   54.98000000   68.63000000   25.72738583   99.73139716   1.52014908   -0.35280218   
5.38000000   54.20000000   54.98000000   68.63000000   25.72382114   99.76049150   1.11057119   -0.45824495   
5.38000000   54.20000000   54.98000000   68.63000000   25.70894078   99.74680674   1.53801449   -0.25691083   
5.38000000   54.20000000   54.98000000   68.63000000   25.73604107   99.74191418   1.38904266   -0.15927687   
5.38000000   54.20000000   54.98000000   68.63000000   25.72578673   99.74938072   1.37855093   -0.03008561   
5.38000000   54.20000000   54.98000000   68.63000000   25.71625698   99.74835821   1.21281465   0.07806078   
5.38000000   54.20000000   54.98000000   68.63000000   25.70693102   99.74086106   1.33162959   -0.08410877   
5.38000000   54.20000000   54.98000000   68.63000000   25.71246391   99.73767965   1.23476569   -0.11169527   
5.38000000   54.20000000   54.98000000   68.63000000   25.71691055   99.74127577   1.09717133   -0.24918142   
5.38000000   54.20000000   54.98000000   68.63000000   25.73069058   99.75917671   1.11694641   -0.23733845   
5.38000000   54.20000000   54.98000000   68.63000000   25.71921071   99.76971950   1.63568236   -0.28920951   
5.38000000   54.20000000   54.98000000   68.63000000   25.72051938   99.75726473   1.53423785   -0.18253314   
5.38000000   54.20000000   54.98000000   68.63000000   25.73306805   99.73911742   1.21924464   -0.35031945   
5.38000000   54.20000000   54.98000000   68.63000000   25.70979920   99.76115733   1.12901581   -0.26955782   
5.38000000   54.20000000   54.98000000   68.63000000   25.70922520   99.75357312   1.21025043   -0.16429324   
5.38000000   54.20000000   54.98000000   68.63000000   25.71836830   99.75143413   1.62338846   -0.19244434   
5.38000000   54.20000000   54.98000000   68.63000000   25.70617371   99.73923717   1.45996221   -0.21261684   
5.38000000   54.20000000   54.98000000   68.63000000   25.72488576   99.72708702   1.25587663   -0.19548015   
5.38000000   54.20000000   54.98000000   68.63000000   25.73282037   99.76481479   1.06118773   -0.21266833   
5.38000000   54.20000000   54.98000000   68.63000000   25.73412937   99.75946180   1.20561951   -0.13435738   
5.38000000   54.20000000   54.98000000   68.63000000   25.72674864   99.77931943   1.60030613   0.14577458   
5.38000000   54.20000000   54.98000000   68.63000000   25.70835836   99.78241579   1.14531601   0.04967275   
5.38000000   54.20000000   54.98000000   68.63000000   25.74209087   99.74316635   1.45885816   -0.09714946   
5.38000000   54.20000000   54.98000000   68.63000000   25.74104360   99.76392483   1.32441235   -0.16451939   
5.38000000   54.20000000   54.98000000   68.63000000   25.75874042   99.74958119   1.21793503   -0.15128501   
5.38000000   54.20000000   54.98000000   68.63000000   25.75612089   99.76023689   1.04653693   -0.14916025   
5.38000000   54.20000000   54.98000000   68.63000000   25.75498745   99.76616643   1.09937128   -0.20275972   
5.38000000   54.20000000   54.98000000   68.63000000   25.74868744   99.77225402   1.07521698   -0.38466790   
5.38000000   54.20000000   54.98000000   68.63000000   25.75131106   99.75065707   1.66195701   -0.13527446   
5.38000000   54.20000000   54.98000000   68.63000000   25.73240790   99.74378309   1.38964122   -0.19550413   
5.38000000   54.20000000   54.98000000   68.63000000   25.73265714   99.74203389   1.68035629   -0.14692786   
5.38000000   54.20000000   54.98000000   68.63000000   25.72875165   99.73610323   2.11291269   -0.37573820   
5.38000000   54.20000000   54.98000000   68.63000000   25.74005981   99.73554447   2.10480468   -0.30460854   
5.38000000   54.20000000   54.98000000   68.63000000   25.72204099   99.73168508   1.94744831   -0.27686918   
5.38000000   54.20000000   54.98000000   68.63000000   25.74363535   99.73454564   1.60832646   -0.27092003   
5.38000000   54.20000000   54.98000000   68.63000000   25.74459291   99.75454749   1.42688379   -0.24741360   
5.38000000   54.20000000   54.98000000   68.63000000   25.74166536   99.75165083   1.39892256   -0.24861929   
5.38000000   54.20000000   54.98000000   68.63000000   25.69977043   99.75592773   1.05557287   -0.20269622   
5.38000000   54.20000000   54.98000000   68.63000000   25.73256193   99.75980963   1.24209177   -0.34953946   
5.38000000   54.20000000   54.98000000   68.63000000   25.74023939   99.76103288   1.11465334   -0.32934330   
5.38000000   54.20000000   54.98000000   68.63000000   25.74512740   99.74197075   1.09133983   -0.38403916   
5.38000000   54.20000000   54.98000000   68.63000000   25.71104273   99.72722143   1.00045222   -0.50924321   
5.38000000   54.20000000   54.98000000   68.63000000   25.72298124   99.73208379   1.24090882   -0.57430414   
5.38000000   54.20000000   54.98000000   68.63000000   25.72151287   99.73742961   1.12276983   -0.49740867   
5.38000000   54.20000000   54.98000000   68.63000000   25.72734261   99.72601900   1.12235536   -0.71351906   
5.38000000   54.20000000   54.98000000   68.63000000   25.71882319   99.73748957   1.51102714   -0.62200457   
5.38000000   54.20000000   54.98000000   68.63000000   25.71771989   99.72284287   1.70760755   -0.62070041   
5.38000000   54.20000000   54.98000000   68.63000000   25.72966804   99.72177035   1.23068275   -0.60019597   
5.38000000   54.20000000   54.98000000   68.63000000   25.71643828   99.72872545   1.13162007   -0.72217423   
5.38000000   54.20000000   54.98000000   68.63000000   25.71741391   99.73048566   1.24638687   -0.76581778   
5.38000000   54.20000000   54.98000000   68.63000000   25.75309351   99.72144601   1.18927780   -0.83596125   
5.38000000   54.20000000   54.98000000   68.63000000   25.73032671   99.72317291   1.09299706   -0.90251929   
5.38000000   54.20000000   54.98000000   68.63000000   25.74279320   99.73669703   1.14311824   -0.82204102   
5.38000000   54.20000000   54.98000000   68.63000000   25.75369874   99.71863526   1.18353907   -0.61717347   
5.38000000   54.20000000   54.98000000   68.63000000   25.73372122   99.73123596   1.42545544   -0.52886803   
5.38000000   54.20000000   54.98000000   68.63000000   25.75036813   99.73111468   1.63840817   -0.58853985   
5.38000000   54.20000000   54.98000000   68.63000000   25.75975985   99.71531748   1.10525721   -0.65606939   
5.38000000   54.20000000   54.98000000   68.63000000   25.74287352   99.71207447   1.32426060   -0.76675414   
5.38000000   54.20000000   54.98000000   68.63000000   25.76534534   99.72450466   1.30313742   -0.73022123   
5.38000000   54.20000000   54.98000000   68.63000000   25.76730010   99.74057194   1.42933528   -0.54767721   
5.38000000   54.20000000   54.98000000   68.63000000   25.74827137   99.71642127   1.51235094   -0.73624384   
5.38000000   54.20000000   54.98000000   68.63000000   25.74446726   99.73296582   1.81898128   -0.75338355   
5.38000000   54.20000000   54.98000000   68.63000000   25.74059633   99.71676757   1.47050442   -0.84900838   
5.38000000   54.20000000   54.98000000   68.63000000   25.75988053   99.70845853   1.89857639   -0.85836541   
5.38000000   54.20000000   54.98000000   68.63000000   25.73279911   99.74415417   1.81781065   -0.66908556   
5.38000000   54.20000000   54.98000000   68.63000000   25.74231727   99.73643035   1.70250701   -0.74305415   
5.38000000   54.20000000   54.98000000   68.63000000   25.74570436   99.74906124   1.73496758   -0.72329227   
5.38000000   54.20000000   54.98000000   68.63000000   25.75682727   99.73068361   1.19770076   -0.67640332   
5.38000000   54.20000000   54.98000000   68.63000000   25.75436426   99.73395382   1.24608669   -0.85055424   
5.38000000   54.20000000   54.98000000   68.63000000   25.73093056   99.74664671   1.36558531   -0.71925926   
5.38000000   54.20000000   54.98000000   68.63000000   25.73544207   99.74729314   1.59019672   -0.72447890   
5.38000000   54.20000000   54.98000000   68.63000000   25.73886078   99.74335238   2.01454063   -0.84092935   
5.38000000   54.20000000   54.98000000   68.63000000   25.72253205   99.74038771   1.00269328   -0.80923080   
5.38000000   54.20000000   54.98000000   68.63000000   25.73651071   99.73945871   1.49907839   -0.73267295   
5.38000000   54.20000000   54.98000000   68.63000000   25.75672941   99.73399891   1.41658359   -0.75731148   
5.38000000   54.20000000   54.98000000   68.63000000   25.72843965   99.73928150   1.64446520   -0.79191770   
5.38000000   54.20000000   54.98000000   68.63000000   25.72144547   99.73465963   1.67949268   -0.70152009   
5.38000000   54.20000000   54.98000000   68.63000000   25.69087187   99.73130881   1.29425030   -0.59189221   
5.38000000   54.20000000   54.98000000   68.63000000   25.70442547   99.72541969   1.69303950   -0.59747747   
5.38000000   54.20000000   54.98000000   68.63000000   25.73155632   99.74394249   1.54764650   -0.64816524   
5.38000000   54.20000000   54.98000000   68.63000000   25.73366765   99.72294259   1.73181791   -0.71109161   
5.38000000   54.20000000   54.98000000   68.63000000   25.70781850   99.73140949   1.21358159   -0.68179011   
5.38000000   54.20000000   54.98000000   68.63000000   25.71465865   99.71025666   1.92572527   -0.79587609   
5.38000000   54.20000000   54.98000000   68.63000000   25.70942191   99.73201566   1.07942380   -0.96905153   
5.38000000   54.20000000   54.98000000   68.63000000   25.72189842   99.72350074   1.23140945   -1.04056435   
5.38000000   54.20000000   54.98000000   68.63000000   25.75822132   99.71685107   1.10947624   -0.96502371   
5.38000000   54.20000000   54.98000000   68.63000000   25.73838768   99.70526445   1.28039699   -1.07998056   
5.38000000   54.20000000   54.98000000   68.63000000   25.74585879   99.71863438   1.14554311   -1.17935541   
5.38000000   54.20000000   54.98000000   68.63000000   25.74314598   99.72459404   1.19092536   -1.01639178   
5.38000000   54.20000000   54.98000000   68.63000000   25.73323428   99.73227441   1.14281515   -1.01742003   
5.38000000   54.20000000   54.98000000   68.63000000   25.74122861   99.73810702   1.12910906   -0.94194310   
5.38000000   54.20000000   54.98000000   68.63000000   25.75239846   99.73972698   1.01315636   -0.86303818   
5.38000000   54.20000000   54.98000000   68.63000000   25.73066368   99.71549151   1.35613172   -0.88970820   
5.38000000   54.20000000   54.98000000   68.63000000   25.74993942   99.73614687   1.55013779   -0.90220440   
5.38000000   54.20000000   54.98000000   68.63000000   25.74251939   99.75441235   1.30277048   -0.85043613   
5.38000000   54.20000000   54.98000000   68.63000000   25.76574271   99.71743238   1.26805619   -0.75696596   
5.38000000   54.20000000   54.98000000   68.63000000   25.75216504   99.75056207   1.14485669   -0.63080827   
5.38000000   54.20000000   54.98000000   68.63000000   25.75422292   99.71796347   1.03163030   -0.68395480   
5.38000000   54.20000000   54.98000000   68.63000000   25.75125779   99.70864663   1.54470773   -0.73144612   
5.38000000   54.20000000   54.98000000   68.63000000   25.72596443   99.74573643   1.05343788   -0.87305190   
5.38000000   54.20000000   54.98000000   68.63000000   25.73342353   99.73109074   1.13659788   -0.96979709   
5.38000000   54.20000000   54.98000000   68.63000000   25.72259888   99.71725619   1.15220268   -0.81771970   
5.38000000   54.20000000   54.98000000   68.63000000   25.72076046   99.70609551   1.74732253   -0.89303238   
5.38000000   54.20000000   54.98000000   68.63000000   25.74574775   99.71814868   1.47106244   -0.92354025   
5.38000000   54.20000000   54.98000000   68.63000000   25.75765110   99.71591597   1.31097194   -0.80710499   
5.38000000   54.20000000   54.98000000   68.63000000   25.75428899   99.72952628   1.68527702   -0.70326754   
5.38000000   54.20000000   54.98000000   68.63000000   25.72152552   99.74013488   1.38150410   -0.58685130   
5.38000000   54.20000000   54.98000000   68.63000000   25.72507725   99.72912008   1.41375528   -0.56682449   
5.38000000   54.20000000   54.98000000   68.63000000   25.70670858   99.72807725   1.32959455   -0.62078037   
5.38000000   54.20000000   54.98000000   68.63000000   25.70702898   99.71816550   1.41232898   -0.62120878   
5.38000000   54.20000000   54.98000000   68.63000000   25.72586493   99.72916694   1.49809967   -0.52429953   
5.38000000   54.20000000   54.98000000   68.63000000   25.74213710   99.74354139   1.33270597   -0.58014731   
5.38000000   54.20000000   54.98000000   68.63000000   25.73340806   99.74578869   1.63932016   -0.80192529   
5.38000000   54.20000000   54.98000000   68.63000000   25.73931066   99.73429269   2.56707739   -0.72962613   
5.38000000   54.20000000   54.98000000   68.63000000   25.72485169   99.72882640   2.35423912   -0.66536141   
5.38000000   54.20000000   54.98000000   68.63000000   25.74487920   99.74682310   1.58140497   -0.66568989   
5.38000000   54.20000000   54.98000000   68.63000000   25.75466159   99.75430631   1.20030031   -0.68652144   
5.38000000   54.20000000   54.98000000   68.63000000   25.74381117   99.75172120   1.04140237   -0.72189551   
5.38000000   54.20000000   54.98000000   68.63000000   25.73097458   99.75088360   1.14214296   -0.66001723   
5.38000000   54.20000000   54.98000000   68.63000000   25.74586704   99.74630600   1.37754580   -0.62300746   
5.38000000   54.20000000   54.98000000   68.63000000   25.73502757   99.72202535   1.14685359   -0.42559470   
5.38000000   54.20000000   54.98000000   68.63000000   25.75122566   99.71763015   1.10727458   -0.59852722   
5.38000000   54.20000000   54.98000000   68.63000000   25.70906987   99.71368085   1.00634474   -0.71885609   
5.38000000   54.20000000   54.98000000   68.63000000   25.73744922   99.72954608   1.33707012   -0.76472004   
5.38000000   54.20000000   54.98000000   68.63000000   25.73029236   99.75936675   1.36567620   -0.55156102   
5.38000000   54.20000000   54.98000000   68.63000000   25.71125490   99.75281323   1.54235998   -0.59761148   
5.38000000   54.20000000   54.98000000   68.63000000   25.74822754   99.73006101   2.05278047   -0.62355855   
5.38000000   54.20000000   54.98000000   68.63000000   25.76329929   99.73456468   1.39304626   -0.73751820   
5.38000000   54.20000000   54.98000000   68.63000000   25.73226970   99.73024999   1.36934428   -0.87143261   
5.38000000   54.20000000   54.98000000   68.63000000   25.74178885   99.74139805   1.80608701   -0.84833867   
5.38000000   54.20000000   54.98000000   68.63000000   25.76073361   99.72466913   1.53283480   -0.81885335   
5.38000000   54.20000000   54.98000000   68.63000000   25.75803944   99.74940354   1.13170090   -0.73349599   
5.38000000   54.20000000   54.98000000   68.63000000   25.74464853   99.74593278   1.12094186   -0.53890656   
5.38000000   54.20000000   54.98000000   68.63000000   25.73912604   99.72148669   1.27261007   -0.57756056   
5.38000000   54.20000000   54.98000000   68.63000000   25.71460938   99.71615395   1.74788063   -0.56000071   
5.38000000   54.20000000   54.98000000   68.63000000   25.71797907   99.73153849   1.70180179   -0.63518369   
5.38000000   54.20000000   54.98000000   68.63000000   25.74062086   99.73207383   1.57376359   -0.61694543   
5.38000000   54.20000000   54.98000000   68.63000000   25.73843452   99.73258712   1.32742093   -0.60465418   
5.38000000   54.20000000   54.98000000   68.63000000   25.71775059   99.73350025   1.11424904   -0.55596167   
5.38000000   54.20000000   54.98000000   68.63000000   25.74609574   99.75275020   1.14358982   -0.39692467   
5.38000000   54.20000000   54.98000000   68.63000000   25.71987934   99.75396511   1.05518127   -0.43998373   
5.38000000   54.20000000   54.98000000   68.63000000   25.73334218   99.74454298   1.34879619   -0.55072112   
5.38000000   54.20000000   54.98000000   68.63000000   25.74621088   99.73443373   1.25734526   -0.54325927   
5.38000000   54.20000000   54.98000000   68.63000000   25.72255719   99.74082805   1.01380460   -0.53799511   
5.38000000   54.20000000   54.98000000   68.63000000   25.72914939   99.75576269   1.26195179   -0.50426568   
5.38000000   54.20000000   54.98000000   68.63000000   25.76649200   99.76182193   1.32962300   -0.49970817   
5.38000000   54.20000000   54.98000000   68.63000000   25.73341330   99.76973633   1.14039205   -0.55265377   
5.38000000   54.20000000   54.98000000   68.63000000   25.75532691   99.75121122   1.01217070   -0.69760474   
5.38000000   54.20000000   54.98000000   68.63000000   25.75021786   99.74329904   1.32572267   -0.61150677   
5.38000000   54.20000000   54.98000000   68.63000000   25.72578677   99.75172630   1.11710479   -0.77075652   
5.38000000   54.20000000   54.98000000   68.63000000   25.74112217   99.71893527   1.78449289   -0.74147534   
5.38000000   54.20000000   54.98000000   68.63000000   25.72425218   99.73125847   1.89769364   -0.78153376   
5.38000000   54.20000000   54.98000000   68.63000000   25.73363289   99.71955114   1.60787218   -0.93602196   
5.38000000   54.20000000   54.98000000   68.63000000   25.71531027   99.72871486   1.07788863   -0.95446618   
5.38000000   54.20000000   54.98000000   68.63000000   25.73563596   99.72192441   1.04533685   -0.97751633   
5.38000000   54.20000000   54.98000000   68.63000000   25.73004725   99.71713165   1.10155665   -0.95131866   
5.38000000   54.20000000   54.98000000   68.63000000   25.72374242   99.70775363   1.06162448   -1.00093104   
5.38000000   54.20000000   54.98000000   68.63000000   25.72922901   99.71110408   1.47565262   -1.09749956   
5.38000000   54.20000000   54.98000000   68.63000000   25.74128708   99.73610611   1.01618085   -0.99793979   
5.38000000   54.20000000   54.98000000   68.63000000   25.73218278   99.71315887   1.20362889   -0.87826867   
5.38000000   54.20000000   54.98000000   68.63000000   25.76003707   99.71854365   1.26092581   -0.82485742   
5.38000000   54.20000000   54.98000000   68.63000000   25.73787622   99.72542648   1.09193569   -0.92413221   
5.38000000   54.20000000   54.98000000   68.63000000   25.70461478   99.72044991   1.20038589   -0.76620233   
5.38000000   54.20000000   54.98000000   68.63000000   25.71558848   99.73053399   1.26655689   -0.86826940   
5.38000000   54.20000000   54.98000000   68.63000000   25.72711970   99.77192487   1.16844028   -0.99111380   
5.38000000   54.20000000   54.98000000   68.63000000   25.76765693   99.74795996   1.53269776   -0.94929568   
5.38000000   54.20000000   54.98000000   68.63000000   25.77253381   99.73811669   1.58878245   -0.85491239   
5.38000000   54.20000000   54.98000000   68.63000000   25.76180701   99.74756135   1.62607165   -0.82582263   
5.38000000   54.20000000   54.98000000   68.63000000   25.76342143   99.72330483   1.48218156   -0.76210818   
5.38000000   54.20000000   54.98000000   68.63000000   25.72813513   99.72683628   1.29741161   -0.58277184   
5.38000000   54.20000000   54.98000000   68.63000000   25.72435203   99.74394335   1.03262619   -0.38997255   
5.38000000   54.20000000   54.98000000   68.63000000   25.73087275   99.75305271   1.69920393   -0.51639167   
5.38000000   54.20000000   54.98000000   68.63000000   25.74704322   99.71091100   2.01451364   -0.56920226   
5.38000000   54.20000000   54.98000000   68.63000000   25.72166731   99.71761106   2.29597690   -0.50638309   
5.38000000   54.20000000   54.98000000   68.63000000   25.74510525   99.73505255   2.70757099   -0.58383638   
5.38000000   54.20000000   54.98000000   68.63000000   25.74454071   99.73630056   3.06384430   -0.35967743   
5.38000000   54.20000000   54.98000000   68.63000000   25.76456621   99.74657446   3.22761537   -0.46469734   
5.38000000   54.20000000   54.98000000   68.63000000   25.76470343   99.72843015   2.58132273   -0.44468979   
5.38000000   54.20000000   54.98000000   68.63000000   25.77658026   99.74853183   1.40870627   -0.46755286   
5.38000000   54.20000000   54.98000000   68.63000000   25.75995043   99.72514057   1.06558043   -0.28679804   
5.38000000   54.20000000   54.98000000   68.63000000   25.75628163   99.75922675   1.57496805   -0.28037208   
5.38000000   54.20000000   54.98000000   68.63000000   25.73507853   99.75878730   1.80783263   -0.32620614   
5.38000000   54.20000000   54.98000000   68.63000000   25.76268203   99.75990871   1.20347306   -0.49385536   
5.38000000   54.20000000   54.98000000   68.63000000   25.74160922   99.74309415   1.30028477   -0.41874706   
5.38000000   54.20000000   54.98000000   68.63000000   25.74015862   99.73428488   1.72352559   -0.48998629   
5.38000000   54.20000000   54.98000000   68.63000000   25.72153567   99.75731638   1.23623518   -0.45284078   
5.38000000   54.20000000   54.98000000   68.63000000   25.71640538   99.72415868   1.38487755   -0.53296568   
5.38000000   54.20000000   54.98000000   68.63000000   25.71863121   99.72989106   1.48878749   -0.55053197   
5.38000000   54.20000000   54.98000000   68.63000000   25.72508670   99.73072150   1.08145533   -0.58933613   
5.38000000   54.20000000   54.98000000   68.63000000   25.73010419   99.73576044   1.63782620   -0.69347960   
5.38000000   54.20000000   54.98000000   68.63000000   25.72659734   99.73903157   1.35218819   -0.43047564   
5.38000000   54.20000000   54.98000000   68.63000000   25.74352948   99.72976711   1.17639199   -0.40192073   
5.38000000   54.20000000   54.98000000   68.63000000   25.72128797   99.73432934   1.43780306   -0.39253820   
5.38000000   54.20000000   54.98000000   68.63000000   25.72988675   99.74475098   1.32259345   -0.36429689   
5.38000000   54.20000000   54.98000000   68.63000000   25.73088783   99.73659382   1.29416328   -0.49116207   
5.38000000   54.20000000   54.98000000   68.63000000   25.72841381   99.71379657   1.09186860   -0.51050423   
5.38000000   54.20000000   54.98000000   68.63000000   25.70961503   99.71948006   1.38503827   -0.60129864   
5.38000000   54.20000000   54.98000000   68.63000000   25.69955948   99.75256157   1.03653808   -0.67689166   
5.38000000   54.20000000   54.98000000   68.63000000   25.70647499   99.75622233   1.01417249   -0.74165886   
5.38000000   54.20000000   54.98000000   68.63000000   25.73004297   99.71810973   1.08217839   -0.76812923   
5.38000000   54.20000000   54.98000000   68.63000000   25.73487055   99.71763984   1.07791112   -0.80979591   
5.38000000   54.20000000   54.98000000   68.63000000   25.74805988   99.72952702   1.39530531   -0.75354646   
5.38000000   54.20000000   54.98000000   68.63000000   25.75079550   99.72003175   1.53523000   -0.74530641   
5.38000000   54.20000000   54.98000000   68.63000000   25.76208931   99.74188540   1.12773650   -0.83060665   
5.38000000   54.20000000   54.98000000   68.63000000   25.74155368   99.74080591   1.51464815   -0.84907048   
5.38000000   54.20000000   54.98000000   68.63000000   25.75628180   99.73303584   1.53644335   -0.71567693   
5.38000000   54.20000000   54.98000000   68.63000000   25.73754814   99.70984229   1.58209334   -0.86710953   
5.38000000   54.20000000   54.98000000   68.63000000   25.71775312   99.71080951   1.44595331   -0.89288799   
5.38000000   54.20000000   54.98000000   68.63000000   25.72168112   99.72921718   1.46378850   -0.96372176   
5.38000000   54.20000000   54.98000000   68.63000000   25.73088449   99.74843101   1.02993085   -1.07863938   
5.38000000   54.20000000   54.98000000   68.63000000   25.71911575   99.74431130   1.18255377   -0.77769595   
5.38000000   54.20000000   54.98000000   68.63000000   25.73814490   99.72837170   1.00743044   -0.96699724   
5.38000000   54.20000000   54.98000000   68.63000000   25.73340393   99.73984947   1.21596152   -0.66641866   
