100.5149151418639 25.80991475630776
100.514813690031 25.81114670118573
100.5143044774046 25.81216785466377
100.5137227928398 25.81169702038226
100.5131649890177 25.81125376181489
100.5128228850526 25.81074553180763
100.5124832189617 25.8111039242602
100.5120851955101 25.81176399061362
100.5120870866942 25.8125265081671
100.5120883316939 25.81343863146642
100.5120328467815 25.81419815512896
100.5119205185894 25.81450309428326
100.5115262158405 25.81471133226608
100.5105664771623 25.81502693702243
100.5107381810527 25.81563326136888
100.5101701691416 25.81523017096376
100.5099958326602 25.8147640241979
100.5098232615859 25.81370557555081
100.5098221030645 25.81355112780681
100.5098197339541 25.81289172566966
100.5087928096653 25.81172151292595
100.5079482974392 25.81303712108846
100.5074377949818 25.81282629334226
100.5074348926658 25.81227905398416
100.5074311780031 25.81157356260937
100.5078244716315 25.81085970277195
100.5070849921891 25.81045476423726
100.5067497617446 25.81137219705376
100.506295106476 25.81117010118966
100.5051032938977 25.81091949777297
100.5035108442293 25.81083148798851
100.5025007050411 25.8120026354735
100.5014178718679 25.81216850655237
100.5011020062615 25.81290854638828
100.5004915001109 25.81294791567054
100.4999638917964 25.812715819694
100.4979876994115 25.81205448018726
100.4963411036816 25.81406365844907
100.4960028965512 25.81375940796498
100.4970649454401 25.8119281740672
100.497168264649 25.81122133842161
100.4986095087312 25.81087662224625
100.4997019612885 25.81039040476743
100.5001644163529 25.80966425877583
100.5005539811337 25.80879675063412
100.5012848848735 25.8082341927100
100.5017340009076 25.8078252357703
100.502634644078 25.80582731404275
100.502859049695 25.80526437069539
100.5030258581232 25.80454852113833
100.5037570402554 25.80398315538065
100.5039215525888 25.80321491748368
100.5034683800371 25.80286003940049
100.5030724029979 25.8028112243765
100.5024019844925 25.80286837496442
100.5033485522556 25.8019395976252
100.5031175837781 25.80117373744003
100.5024946746595 25.8004649755076
100.5019805026983 25.80010819864208
100.5015243480932 25.79985397914692
100.5008550341946 25.80016997435208
100.5004661359086 25.80037960277928
100.500014593063 25.80038222996503
100.4999997453175 25.79966164149069
100.4998773300474 25.79924906986632
100.4989694855432 25.7989473624879
100.4985763549869 25.79890058226174
100.4981729023355 25.79818561693041
100.4987913028567 25.79817903969963
100.4996427998504 25.79827742014099
100.5002627138881 25.79811833433593
100.5003779143629 25.79776327791632
100.5008862983372 25.79775866874747
100.501002615161 25.79806373831639
100.5016818803842 25.79811190419175
100.5017397348456 25.7984687436407
100.5026485000205 25.79846495211474
100.5029892096778 25.79826035830123
100.5028730654087 25.79769896814877
100.5027006665993 25.79708797317742
100.5024737732964 25.79653164930417
100.502077347144 25.79592652922369
100.5029835759083 25.79571908721902
100.503610382528 25.79632909965235
100.5036718226577 25.79694443827374
100.5036741305579 25.79755501277221
100.5036188456019 25.79806340394844
100.5041930767014 25.79873137541744
100.5044226146605 25.7995441764284
100.5047586561634 25.80029563505643
100.5052169123557 25.8010085845458
100.506127041052 25.80121063586797
100.5064711399141 25.80182302707235
100.5074356886182 25.80156318413422
100.5078294203664 25.80095431627245
100.5082259090503 25.80090245023744
100.5087360574746 25.80074518450892
100.5091270853864 25.80008613666538
100.5092332830316 25.79896745347978
100.5091158298977 25.79836019935738
100.50945295407 25.79784818889392
100.5098548542333 25.79850284342714
100.5102046454672 25.79946137862817
100.5110478064392 25.79885191918212
100.5116163026946 25.79956584552151
100.5109998014004 25.79981680790438
100.5105551014854 25.80078435735089
100.5106715027379 25.80129502217496
100.5114657238347 25.80108694642662
100.5120785045873 25.80083680997346
100.5118650507907 25.80139195042105
100.5114701264094 25.80190501132993
100.5119272302589 25.80241440160591
100.5123749389243 25.80261983279682
100.512724934635 25.80271752247864
100.5133516796249 25.80297044740177
100.5150346965913 25.80220099925442
100.5149805590575 25.8030180856147
100.5144869794284 25.80388670286862
100.5143787898008 25.80465382333452
100.5146611045627 25.80495906861701
100.5148297360598 25.80541763638357
100.5148294557464 25.80597867453128
100.5148278742402 25.80648791344976
100.5142705551637 25.80659514579147
100.5134813275621 25.80649830910915
100.5132005604983 25.80690897519889
100.5129232066329 25.80783174225274
100.5129260750608 25.80844530376319
100.5134912258122 25.80874647955156
100.514096796838 25.80893474166203
100.5145680999411 25.8096569685411
100.5149151418639 25.80991475630776
