1773.59867754   
1770.91663878   
1639.76758567   
1591.07952050   
1566.00274691   
1488.66211425   
1487.26180355   
1460.22766887   
1419.58812323   
1381.66922316   
1366.48221851   
1359.78957998   
1343.20424703   
1316.23702039   
1283.15990168   
1258.02281244   
1243.24545597   
1244.68582371   
1253.18306302   
1228.47579601   
1218.41169717   
1207.30592018   
1203.55890558   
1201.53371625   
1199.51003916   
1194.28916268   
1191.79634712   
1190.08909203   
1191.57767262   
1192.84560637   
1182.94048046   
1182.28589811   
1178.17759362   
1175.47338409   
1176.72964652   
1176.84641496   
1177.14418862   
1166.00834254   
1164.55079257   
1165.86488595   
1160.81246939   
1161.75879786   
1166.24580799   
1170.66198704   
1174.19339411   
1176.73971181   
1170.90728926   
1168.24651819   
1170.41640371   
1168.84422563   
1171.37211385   
1169.21788699   
1166.37037825   
1166.46126094   
1164.35957760   
1165.24446284   
1164.12681622   
1166.30431339   
1165.97339968   
1168.13069953   
1166.10730092   
1167.60693970   
1163.93476685   
1163.47707870   
1168.51722214   
1171.01885128   
1169.38136671   
1169.39942436   
1163.57305011   
1163.69492059   
1165.17124977   
1168.98595344   
1174.36708560   
1171.63762062   
1169.92735510   
1170.85405020   
1169.88849958   
1169.24830443   
1169.47755828   
1169.89602365   
1168.87583267   
1166.88621288   
1163.19490441   
1163.14816809   
1163.38278279   
1160.53802194   
1160.79058453   
1159.50059979   
1163.59112988   
1167.19102359   
1169.87738294   
1167.66121555   
1163.68601154   
1165.02077279   
1165.14602016   
1162.69983091   
1162.41492818   
1164.86366747   
1167.17878338   
1166.97392223   
1163.63925629   
1163.62697726   
1163.85622608   
1167.38696935   
1171.81303108   
1169.04109345   
1169.68536654   
1167.01533665   
1170.76890040   
1169.77472087   
1168.95201420   
1169.82340007   
1162.19676247   
1161.97521606   
1162.38860214   
1162.88910891   
1166.76586241   
1170.32204549   
1169.55934246   
1164.32502420   
1161.83744696   
1162.52421773   
1164.05123106   
1162.58744611   
1164.14044753   
1162.19111109   
1165.72585624   
1165.73896932   
1161.92687365   
1164.53062941   
1162.87362094   
1164.15931629   
1164.02687792   
1164.64967390   
1165.31698636   
1165.41678395   
1162.95038881   
1162.64454696   
1167.22739615   
1168.24702538   
1166.51978606   
1172.55867915   
1171.79692816   
1167.11415840   
1167.59806518   
1164.53007184   
1164.50629815   
