1715.41295476   
1655.39489505   
1625.92792872   
1567.23580287   
1483.79806258   
1429.87985473   
1418.59883729   
1398.93351591   
1338.48610711   
1279.84917399   
1229.99858741   
1217.10466768   
1207.09580048   
1179.16917799   
1176.74550037   
1177.08538691   
1166.33403814   
1161.69237870   
1162.20323028   
1162.03864768   
1162.74326708   
1163.97030777   
1164.08457271   
1166.62693570   
1170.01887865   
1166.67276985   
1167.75642415   
1166.05600840   
1176.35658838   
1170.18997820   
1173.57979149   
1172.66333414   
1168.47484884   
1169.41161045   
1161.52834622   
1162.86489240   
1163.52972771   
1164.35822715   
1164.10185524   
1163.70779986   
1165.99556740   
1166.77645142   
1166.90758725   
1166.23305306   
1164.93688062   
1164.94226675   
1169.95418791   
1168.54009856   
1172.99883378   
1161.88854241   
1170.43884535   
1170.77298260   
1168.24004156   
1164.76489190   
1163.70827475   
1167.92307560   
1164.71409772   
1170.90744206   
1164.19470294   
1162.99985979   
1172.24292836   
1162.93497897   
1162.75398134   
1164.35029799   
1165.08428473   
1163.42678873   
1165.21308548   
1161.37713292   
1162.35875914   
1164.61747631   
1163.18824459   
1162.86669944   
1162.29541922   
1163.40748615   
1164.07503737   
1163.62825278   
1163.88079151   
1163.83221706   
1162.56145533   
1169.95788681   
1169.70712454   
1169.90656458   
1165.79284493   
1164.28695200   
1161.32529137   
1162.56041001   
1165.29395670   
1165.17325041   
1162.55086356   
1162.37622465   
1164.77216435   
1164.47784103   
1162.47772279   
1169.24070609   
1172.96460251   
1166.82338443   
1166.77870129   
1164.57153467   
1165.14475023   
1164.19798663   
1159.09730272   
1163.07215724   
1161.18489568   
1163.19519766   
1164.87754813   
1163.73554536   
1163.22251256   
1165.66262738   
1165.96003941   
1163.66031604   
1163.36330664   
1168.16751286   
1164.44793148   
1166.62734269   
1166.34771421   
1163.53874698   
1165.66964254   
1166.08434544   
1163.68905010   
1161.80492566   
1161.31343551   
1159.78105520   
