817.71958008   
731.27840426   
722.19816273   
673.02047499   
670.64848272   
665.38762344   
657.73295777   
635.12798889   
599.30605709   
584.58607656   
582.99306047   
583.53562842   
580.77544926   
576.95874555   
576.42994528   
573.98413086   
575.45155267   
573.05676016   
575.64339087   
575.99147097   
573.89861052   
576.78218019   
575.57899684   
574.93948628   
575.38374816   
570.54277715   
570.78534897   
575.32097285   
575.70469301   
574.85415666   
571.94374898   
573.56094952   
571.88307571   
565.67995341   
565.45469380   
563.74619688   
565.15402476   
563.03924949   
563.58074741   
567.89527615   
566.21849230   
563.81587028   
562.98551199   
560.84638353   
560.60746180   
568.66165142   
563.19894928   
561.79421644   
558.91508786   
557.52574109   
559.91012595   
559.49197101   
558.11552880   
563.78920124   
564.34258262   
565.51166130   
565.27857275   
562.90030281   
567.93309332   
570.37889296   
576.03446097   
572.02515306   
570.94157045   
578.23566589   
566.76380796   
565.59609898   
563.14940916   
562.74862212   
557.44683518   
555.41300762   
555.14038163   
555.87127536   
551.31368424   
549.83206175   
551.08381640   
551.21569400   
549.33486221   
551.98029589   
552.40907259   
554.01496023   
554.74479324   
553.68484763   
556.87658439   
553.41015284   
552.36711202   
553.31860594   
552.74029312   
551.33929336   
547.79489783   
547.05261506   
545.72814194   
542.27498281   
542.48044027   
542.41626478   
542.34523383   
540.30197145   
537.25711492   
536.95037524   
541.37521262   
541.15481218   
540.84266374   
534.32256971   
532.89088006   
529.27839850   
528.42147205   
524.44247364   
527.58665390   
529.15689512   
529.47197664   
531.29453731   
533.39076893   
534.44846811   
534.57095258   
532.02941493   
530.74968531   
529.61109879   
528.95987400   
530.52623849   
524.45099606   
523.75032285   
525.34017270   
530.62581291   
531.67820843   
530.47321351   
531.08630159   
524.07662007   
524.03412401   
523.25505405   
524.46023547   
523.65193204   
526.91100085   
527.49751915   
529.50275103   
526.88166035   
525.44439147   
522.54025334   
520.66544247   
521.88775089   
521.32636573   
519.59623182   
519.83800245   
518.45774954   
519.39980848   
523.28720865   
521.55333314   
521.87102157   
522.73643788   
524.82551950   
524.73354143   
523.64677944   
520.87352206   
522.48099840   
520.53887512   
521.43641818   
517.89752708   
521.85245193   
525.07813568   
520.69301279   
521.07236143   
519.52932045   
522.79878065   
522.03588416   
522.53041529   
524.48875658   
526.33802706   
528.90249912   
529.46132430   
527.77380397   
527.61397610   
529.88457928   
536.32899752   
531.96623864   
531.87101655   
530.81696871   
529.57789686   
530.92054205   
530.21337596   
529.11593245   
530.45365457   
529.81966682   
531.12116766   
522.60016111   
525.37380011   
530.09220224   
536.94159025   
530.64929896   
522.42273495   
523.97212071   
523.29673522   
522.42263185   
522.01731798   
521.35465719   
521.58319158   
521.99583134   
523.06269277   
523.30639372   
527.89729311   
534.77891788   
538.16122958   
528.83095270   
524.21006164   
523.89580896   
520.12248630   
522.47364427   
519.86791952   
519.02671284   
519.54601189   
517.57429625   
520.05670437   
523.68961451   
523.46414531   
524.03290535   
525.21246593   
522.44168696   
518.68924363   
517.11315682   
518.84859342   
517.88711971   
518.94823383   
519.15680105   
519.31225171   
519.86776065   
518.38763332   
516.91154796   
519.91498691   
519.85508624   
520.58775414   
518.90220605   
525.85804148   
524.70190973   
523.26343535   
524.82199299   
523.82687735   
522.11394276   
523.23020727   
524.35176747   
524.27642140   
525.88886905   
525.19616991   
523.03568045   
522.97160247   
525.06943280   
524.46370641   
524.60635449   
520.18212636   
525.64734267   
529.71671457   
522.08938255   
521.65006796   
523.93981134   
522.53657270   
523.93068621   
525.68738377   
528.56718321   
525.54309254   
528.18823408   
523.83151495   
525.60497617   
525.41160293   
522.62795436   
519.44924159   
517.50332745   
518.30736386   
520.45757989   
519.09067512   
518.08940495   
520.33786465   
521.05960356   
522.43291665   
526.34086311   
521.27152084   
516.59887773   
517.94009979   
520.65827311   
516.72697738   
520.62911896   
520.30956585   
516.96306755   
517.05665397   
521.66659224   
523.56391669   
523.48574779   
519.32826766   
517.54007164   
518.27657048   
517.16974082   
521.34371144   
519.03539750   
516.99606220   
518.89648522   
520.41837253   
517.03882044   
516.66357246   
518.36174845   
519.65730848   
519.31759049   
520.89434382   
521.48213809   
521.15403705   
521.99517028   
517.86799337   
516.89648493   
518.91431901   
518.37706111   
516.52643043   
523.39799263   
529.49529389   
530.16217497   
543.08434344   
540.31403644   
539.89964961   
539.21518226   
526.13894553   
532.84573860   
532.26817541   
532.62278426   
535.84038655   
534.88454367   
534.09151370   
528.98362331   
530.40180956   
529.67902928   
530.91888244   
530.73867370   
525.00686602   
522.29836974   
519.56917453   
519.35210504   
520.11652800   
520.18176502   
519.95124342   
522.30717099   
516.18030873   
519.35602242   
520.69939339   
524.07107958   
523.30054174   
521.85248909   
522.81356915   
521.01053910   
521.36907025   
523.48867924   
523.39479606   
522.03278336   
520.09257628   
516.45474010   
518.67930879   
516.95407382   
517.56217002   
516.28659920   
518.40680245   
519.60420414   
521.80171311   
521.72881203   
520.79947976   
518.53226389   
520.71318350   
521.12368795   
526.61662031   
526.41948288   
525.14793483   
529.19509655   
525.70170399   
522.56126268   
520.51217288   
518.81291781   
521.10357501   
522.19485986   
519.59409596   
521.81658234   
517.16062656   
521.43881472   
521.20218638   
521.48885617   
521.76055206   
525.44433231   
525.25245604   
522.46246780   
524.61745759   
524.93784224   
524.48676071   
521.71281791   
526.10726247   
523.72436047   
516.77110794   
520.50626166   
521.86702799   
520.10309242   
519.77772088   
521.12400867   
519.76310039   
520.02304419   
520.38269294   
521.75264540   
517.97957824   
520.04885654   
520.72300644   
518.32832124   
520.26355406   
520.65475116   
520.70791164   
519.33732748   
521.95805005   
521.11492328   
517.70399558   
518.80006080   
521.81270281   
522.55993944   
522.28307166   
520.46656622   
521.06812271   
526.19298145   
526.95660995   
524.85991966   
528.19822311   
520.94603649   
519.27359636   
522.52964114   
521.04180815   
522.11856193   
521.28394038   
517.13568842   
516.77324151   
518.39178304   
519.36768185   
521.25795145   
523.73229872   
520.28471433   
525.34793158   
521.76934377   
520.69152675   
519.97662128   
523.26579092   
522.38664702   
520.24895861   
518.52451403   
520.21502499   
517.87003207   
517.95990010   
520.41539791   
519.80508908   
519.37287843   
518.68515257   
516.62773759   
523.10612353   
522.53862395   
517.47204926   
521.21125262   
517.91450723   
517.26750727   
518.20788769   
518.40231706   
518.42157036   
