817.71958008   
907.99610758   
886.48393524   
731.27840426   
738.29125509   
760.04304488   
764.17018651   
722.19816273   
724.59840309   
722.92535012   
673.02047499   
670.64848272   
719.43633015   
689.30412880   
684.38093960   
665.38762344   
657.73295777   
692.50631521   
661.68631663   
675.43878688   
660.49209924   
679.92311703   
635.12798889   
672.31338351   
650.66317087   
647.22199750   
599.30605709   
584.58607656   
582.99306047   
583.53562842   
580.77544926   
583.66804357   
576.95874555   
581.63388406   
581.71704888   
576.42994528   
579.57967201   
577.31041589   
573.98413086   
575.45155267   
573.05676016   
576.41053458   
577.00786406   
574.90900948   
574.43205883   
574.66092070   
575.64339087   
575.99147097   
588.70822301   
573.89861052   
576.78218019   
578.92187728   
587.22007702   
575.57899684   
576.10464215   
579.00526926   
582.41080021   
579.28019366   
578.77995904   
580.60320011   
578.53120567   
580.84196242   
574.93948628   
575.38374816   
570.54277715   
570.78534897   
580.89337308   
575.32097285   
575.70469301   
581.59033498   
574.85415666   
586.92446682   
571.94374898   
582.51096413   
573.56094952   
571.88307571   
565.67995341   
565.45469380   
563.74619688   
574.83945579   
565.15402476   
572.39557182   
570.90394284   
570.90509556   
563.03924949   
568.32681291   
575.28730372   
563.58074741   
565.90918070   
571.97623327   
579.60032558   
565.77472118   
564.44570543   
572.26388995   
572.92897127   
574.22301578   
567.89527615   
587.16950268   
576.78250832   
566.21849230   
563.81587028   
562.98551199   
566.59958678   
560.84638353   
567.68166678   
560.60746180   
564.81820534   
568.66165142   
563.19894928   
574.57482701   
561.79421644   
558.91508786   
557.52574109   
570.77877221   
559.91012595   
559.49197101   
558.11552880   
562.64517592   
569.68044734   
559.16158079   
563.78920124   
564.34258262   
565.51166130   
565.27857275   
562.90030281   
567.93309332   
570.37889296   
575.47499019   
581.31839359   
579.58060292   
582.03076367   
572.74177692   
583.72663342   
575.64331712   
576.03446097   
578.22529470   
572.02515306   
570.94157045   
580.70036008   
586.02194538   
578.23566589   
584.46357802   
583.77618665   
566.76380796   
567.51953671   
565.59609898   
566.21687752   
579.46825497   
567.78869731   
572.16278351   
583.29608113   
572.29477132   
567.53590814   
572.64455914   
575.26441950   
584.22197053   
563.14940916   
577.95243200   
597.00264607   
573.09263651   
566.73045372   
573.16329486   
562.74862212   
570.64446870   
570.76933667   
557.44683518   
555.41300762   
561.38478515   
571.18881162   
555.14038163   
555.87127536   
563.74950709   
551.31368424   
549.83206175   
558.31472869   
557.79776718   
560.49642113   
551.08381640   
558.46843608   
554.38615652   
553.35466270   
553.91143338   
555.54394266   
558.47155104   
551.21569400   
556.28016327   
574.27186079   
555.77421941   
549.33486221   
551.98029589   
552.40907259   
554.01496023   
558.76100176   
556.27422789   
558.53713478   
558.79214354   
554.74479324   
562.88686266   
560.09822167   
553.68484763   
556.87658439   
560.77139180   
553.41015284   
566.56209725   
552.36711202   
553.31860594   
552.74029312   
564.96969981   
551.33929336   
547.79489783   
547.05261506   
545.72814194   
552.32366572   
542.27498281   
544.65284506   
547.32717643   
543.57624274   
547.92694256   
548.41307643   
542.48044027   
545.08914068   
546.76320626   
543.82766707   
548.70901886   
552.85451998   
548.64704955   
549.15947159   
542.41626478   
542.34523383   
540.30197145   
547.43896290   
541.73097731   
537.25711492   
547.68353989   
542.45433116   
536.95037524   
548.15090237   
559.84158463   
541.37521262   
541.15481218   
551.91195784   
540.84266374   
548.07785797   
547.29716873   
534.32256971   
545.19684587   
541.07706280   
532.89088006   
547.89548783   
529.27839850   
536.98119756   
528.42147205   
532.19094569   
534.56813153   
524.44247364   
528.47223605   
530.13447588   
528.64920307   
536.59620668   
533.90893147   
525.39358751   
540.16094283   
530.53339899   
538.37887146   
531.51618356   
527.58665390   
529.15689512   
531.17429800   
548.06320874   
541.91407780   
529.47197664   
531.81218269   
538.29400357   
531.29453731   
545.70574343   
542.29081085   
532.66207356   
537.06930838   
533.39076893   
541.01517467   
534.44846811   
534.57095258   
532.02941493   
530.74968531   
537.06509017   
549.68942330   
539.02266769   
529.61109879   
528.95987400   
530.52623849   
532.55878557   
524.45099606   
540.67048205   
531.25339280   
529.70326176   
523.75032285   
525.34017270   
532.32383624   
532.64870583   
530.62581291   
537.05709798   
543.10104359   
531.67820843   
536.13015279   
530.47321351   
542.20274038   
534.70276960   
531.08630159   
524.07662007   
524.03412401   
546.37656289   
529.58191193   
523.25505405   
524.46023547   
523.65193204   
526.91100085   
527.38966068   
527.49751915   
529.50275103   
526.88166035   
525.44439147   
522.54025334   
520.66544247   
529.27524683   
523.14999955   
529.42959581   
521.88775089   
532.41611261   
524.41582500   
521.32636573   
526.96665327   
522.48309116   
519.59623182   
519.83800245   
525.65917391   
518.45774954   
519.39980848   
525.82774345   
523.28720865   
531.21845782   
527.89300940   
538.24590008   
530.97354905   
533.01296654   
525.65817033   
521.55333314   
521.87102157   
522.73643788   
524.82551950   
524.73354143   
523.64677944   
526.36423168   
529.79343079   
529.19784808   
527.00525414   
525.16251359   
520.87352206   
526.46939581   
529.01312513   
523.55353058   
523.01440681   
522.48099840   
531.35203519   
520.53887512   
530.80963335   
521.43641818   
528.62236875   
530.93010745   
517.89752708   
520.10013096   
521.85245193   
525.79084910   
534.08883358   
525.07813568   
532.90454967   
530.31415821   
520.69301279   
524.33382400   
521.07236143   
538.43388122   
525.95442176   
522.31031108   
521.79593716   
523.88957632   
523.78509432   
534.00357658   
519.52932045   
527.06528060   
522.79878065   
526.96074338   
525.12169143   
523.64908744   
529.84985991   
525.66894713   
525.28179632   
525.30517333   
525.95264162   
525.18000520   
522.03588416   
522.56917842   
529.84730966   
525.01641258   
522.53041529   
525.05916467   
525.32150514   
524.48875658   
526.33802706   
532.73797718   
528.90249912   
529.46132430   
538.90050602   
537.00321453   
547.19869530   
527.77380397   
527.61397610   
529.88457928   
536.16830917   
542.81242995   
536.32899752   
531.96623864   
544.82908241   
538.35944351   
534.34680081   
536.60130724   
531.87101655   
550.92227495   
530.81696871   
541.38168529   
529.57789686   
534.85885079   
530.92054205   
535.42875289   
539.24414742   
536.38471463   
530.21337596   
534.63024141   
532.80041531   
532.63359946   
535.45494738   
529.11593245   
538.03887207   
534.57113918   
535.18240215   
533.74638469   
534.62611723   
537.05171962   
533.92966813   
533.15108902   
542.29157625   
536.24949657   
547.00544447   
535.88123329   
540.91024830   
539.72219688   
539.29603874   
530.16914518   
530.27807168   
536.50102758   
535.62141585   
534.68574409   
545.98744624   
530.45365457   
531.74176461   
539.56984539   
529.81966682   
539.68780985   
531.12116766   
532.51647399   
522.60016111   
526.05997704   
532.27134052   
525.37380011   
530.09220224   
536.60469538   
538.23280957   
537.45829467   
536.94159025   
530.64929896   
522.42273495   
525.94473817   
523.97212071   
523.29673522   
522.42263185   
522.01731798   
527.90981666   
529.71458535   
521.35465719   
529.04468870   
535.68159583   
527.67823355   
521.58319158   
521.99583134   
525.30185844   
523.74550581   
523.06269277   
533.97716466   
523.30639372   
524.98054874   
528.51523962   
528.62920605   
534.00667548   
534.79889643   
528.45240485   
524.43942859   
527.89729311   
535.68366999   
537.49973983   
531.07473397   
558.86284417   
545.50195599   
534.77891788   
543.58224106   
538.16122958   
542.18907903   
547.28456952   
528.83095270   
545.05381609   
533.41415334   
538.18782913   
524.21006164   
523.89580896   
520.12248630   
524.13358971   
529.38043152   
526.31190849   
530.80113192   
522.47364427   
524.86687829   
539.30354038   
519.86791952   
521.73930719   
519.02671284   
519.54601189   
527.65759021   
517.57429625   
520.84792266   
525.82170781   
522.13614394   
520.05670437   
528.86716785   
525.53176006   
525.34706753   
523.77593627   
522.51859710   
520.52413531   
526.86807185   
530.91554866   
528.01944562   
541.15427692   
523.68961451   
530.31153371   
523.46414531   
528.31158834   
526.12758461   
524.03290535   
526.56415707   
526.55858814   
526.48389039   
527.95034838   
525.21246593   
522.44168696   
518.68924363   
525.02639840   
525.45084576   
527.69444856   
524.54355167   
517.11315682   
521.26326192   
525.47549762   
555.27416968   
518.06275604   
519.54766232   
518.84859342   
527.90546608   
525.14103467   
522.56733917   
523.12003979   
529.51934888   
528.07395963   
524.54026471   
519.97331727   
521.23791769   
520.42413741   
517.88711971   
521.14350109   
518.94823383   
522.51262704   
522.39255370   
522.49387861   
530.11233326   
524.74278416   
519.15680105   
546.01026760   
523.11412974   
531.33698535   
523.91667805   
540.91193560   
523.50013530   
526.46534613   
523.37339303   
523.00872578   
530.96612588   
519.31225171   
523.90619175   
521.79341639   
526.00023114   
529.63768686   
520.32091802   
540.78093877   
526.97854131   
529.19237203   
519.86776065   
522.82222450   
518.38763332   
537.67585243   
519.78994578   
539.09361994   
531.74116775   
523.61505583   
523.97003175   
526.22372186   
521.62826143   
524.43982447   
526.48338313   
527.79894314   
516.91154796   
523.34014529   
526.03059858   
534.89172539   
520.06835901   
522.45132436   
522.65996128   
522.04757314   
519.91498691   
537.35372935   
519.85508624   
533.70508033   
532.41085135   
527.50338247   
530.87537837   
522.22104404   
525.26833263   
521.58356002   
521.54142256   
526.23936262   
520.58775414   
524.82769665   
518.90220605   
525.85804148   
536.92629616   
524.70190973   
530.59596971   
534.10013500   
536.93306490   
542.64707685   
531.46212145   
527.60807094   
531.74149032   
535.93266521   
531.40556349   
550.80067790   
565.75681054   
523.26343535   
524.82199299   
525.35473423   
529.69105991   
523.82687735   
529.54310929   
529.00314214   
529.22172751   
526.39754354   
537.25191991   
526.17601985   
522.11394276   
528.14351599   
523.23020727   
524.35176747   
541.67063618   
531.78857513   
528.35667452   
524.27642140   
540.26621897   
541.35883696   
535.03194581   
525.88886905   
525.19616991   
527.81659745   
529.49245016   
548.40324335   
527.93370087   
523.03568045   
527.29450232   
547.29228114   
540.41625008   
526.09258606   
534.11053352   
525.43074805   
531.42899489   
522.97160247   
524.73221980   
525.06943280   
536.21961308   
531.21780298   
538.83940560   
524.46370641   
527.80347882   
524.60635449   
520.18212636   
525.64734267   
528.87396492   
529.71671457   
532.95272477   
535.54775158   
522.08938255   
521.65006796   
528.97654253   
535.74190740   
523.93981134   
527.20808782   
530.91262426   
526.24536179   
522.53657270   
523.93068621   
532.62642953   
531.05870593   
524.31888210   
525.68738377   
527.57395403   
528.64632396   
528.97437539   
528.56718321   
532.60678070   
532.29368975   
541.18494978   
525.54309254   
545.93774877   
548.31534840   
537.88442033   
531.99796534   
535.48546787   
538.43642089   
537.79239696   
528.18823408   
523.83151495   
537.11015041   
533.90146464   
533.88040985   
537.01832928   
536.51516566   
530.77485838   
525.60497617   
530.17051618   
529.88899829   
530.79705148   
541.25510991   
535.86184112   
528.59029024   
525.41160293   
531.35269503   
522.62795436   
526.31348176   
533.28428713   
532.08377740   
528.29476094   
519.44924159   
517.50332745   
518.30736386   
523.93204252   
521.39350095   
524.34836085   
538.33213401   
523.26584067   
523.59002804   
520.45757989   
524.21922483   
540.58727342   
533.74115398   
525.43889569   
551.48328430   
519.09067512   
518.08940495   
547.87721379   
520.33786465   
521.05960356   
524.61738612   
522.43291665   
526.34086311   
521.27152084   
516.59887773   
528.34047307   
517.94009979   
522.33815842   
522.23819716   
522.43593084   
529.04943418   
528.48112656   
520.65827311   
536.85675398   
526.89137447   
516.72697738   
521.76133571   
520.62911896   
520.30956585   
523.57211563   
516.96306755   
517.05665397   
524.83839799   
521.66659224   
527.25472675   
524.20908937   
523.56391669   
523.48574779   
519.32826766   
517.54007164   
527.77591600   
518.27657048   
517.16974082   
527.24103401   
525.39644912   
521.45740182   
526.75390370   
525.11103903   
518.94988859   
521.34371144   
525.93402848   
539.15468178   
528.42458254   
526.70408810   
526.17782600   
540.06862460   
531.07326907   
539.13669395   
522.33085637   
526.49336096   
529.66282245   
519.03539750   
516.99606220   
532.89001595   
526.10379681   
520.61467373   
522.63071948   
524.61585930   
519.48227953   
519.57171097   
522.92430662   
528.21900751   
526.70800889   
526.82009011   
529.18321542   
520.35386907   
518.79972891   
530.87970740   
520.49635688   
518.89648522   
535.70234652   
520.41837253   
533.73324045   
524.71695892   
534.03335511   
530.06763104   
517.03882044   
527.12525698   
521.37142531   
524.68508601   
521.48428967   
524.22101193   
533.46022327   
531.66188461   
516.66357246   
519.43104627   
518.36174845   
531.00208438   
519.65730848   
525.39967391   
525.26566331   
531.77032456   
523.39938005   
536.75818141   
519.31759049   
522.69196004   
533.92442924   
520.89434382   
536.74221155   
522.46953517   
532.42762527   
544.97202974   
533.48532295   
527.29140810   
532.63902562   
530.76073750   
521.86596140   
552.43566166   
527.52153658   
528.33122516   
531.98561454   
551.55289069   
524.35408085   
521.48213809   
521.15403705   
526.48263652   
521.99517028   
517.86799337   
522.72282886   
519.80461321   
516.89648493   
517.68394924   
518.22309973   
526.91943431   
524.63920597   
523.05914214   
518.91431901   
525.88562771   
530.10169713   
518.37706111   
529.71117596   
516.52643043   
531.35682136   
523.39799263   
526.40293083   
527.91544389   
524.79971938   
548.63788495   
529.49529389   
536.04216435   
534.63644447   
530.16217497   
543.08434344   
540.31403644   
539.89964961   
539.21518226   
526.13894553   
532.84573860   
532.26817541   
541.15298632   
532.62278426   
535.84038655   
554.92870600   
534.88454367   
547.04216265   
545.57180531   
540.50453631   
534.09151370   
570.43568663   
528.98362331   
539.43891444   
530.40180956   
531.14923008   
542.21644117   
531.62844383   
529.67902928   
530.91888244   
530.73867370   
545.08904537   
525.00686602   
522.29836974   
534.31834329   
519.56917453   
522.17410308   
532.92451300   
519.35210504   
522.42394009   
523.71125682   
520.37935813   
524.93069805   
545.36325371   
533.13729028   
520.11652800   
526.80376606   
528.73301088   
520.18176502   
528.18539651   
526.07090716   
525.77677030   
529.39449954   
525.97626518   
519.95124342   
522.30717099   
530.78642115   
516.18030873   
520.65858480   
521.70728671   
527.88842376   
517.51297761   
525.19559054   
525.49150039   
522.06391711   
519.35602242   
526.02319100   
520.69939339   
526.82603783   
524.07107958   
523.30054174   
528.79282235   
525.29243492   
527.54434933   
527.13387351   
526.40689487   
521.85248909   
522.81356915   
521.01053910   
526.87703731   
521.36907025   
523.48867924   
527.07790349   
531.70360258   
523.39479606   
522.03278336   
532.27130703   
525.19178184   
536.32814264   
529.64261877   
523.97821985   
520.09257628   
516.45474010   
519.89718321   
535.67844640   
525.49175796   
521.42362016   
519.54220293   
518.67930879   
522.87341828   
516.95407382   
524.78639374   
530.80823179   
520.78064702   
517.56217002   
524.08373744   
522.25479519   
518.09984679   
516.28659920   
522.93290054   
529.35461100   
522.50769853   
518.40680245   
527.65877686   
532.69183925   
527.23762788   
520.28235396   
527.03440066   
519.60420414   
523.52013261   
521.80171311   
521.72881203   
523.66887453   
520.79947976   
531.81680486   
518.53226389   
525.27216405   
522.09565258   
528.91633641   
524.43663391   
520.15658113   
534.74878888   
521.91777131   
523.72941299   
520.37293644   
531.69909605   
524.12580214   
523.38991605   
526.19299990   
525.63716524   
523.75066427   
523.84411476   
529.46164515   
520.13053626   
527.80863747   
520.71318350   
521.12368795   
526.61662031   
526.41948288   
563.37815075   
529.43957204   
534.32183503   
525.14793483   
536.88158428   
546.08210533   
534.66022513   
529.19509655   
544.99175232   
538.97600918   
525.70170399   
546.89974615   
522.56126268   
520.51217288   
527.89185564   
518.81291781   
521.19659088   
521.10357501   
522.19485986   
536.19991091   
528.13731776   
533.98149714   
519.59409596   
522.73387260   
526.98195730   
522.96571581   
521.70440668   
525.30769831   
522.66987291   
533.22833573   
524.49106844   
533.44338539   
529.82478525   
521.81658234   
540.21071042   
528.68264988   
523.08698118   
540.90974514   
537.83284218   
535.07308317   
533.79221095   
528.21746473   
539.15350837   
539.85710148   
526.55167115   
527.51244836   
517.16062656   
527.57095957   
530.74833145   
521.05640258   
523.16455888   
519.43110017   
519.37310257   
521.66729105   
521.43881472   
521.20218638   
534.33672224   
543.75364577   
530.26937955   
521.48885617   
521.76055206   
523.42703938   
525.44433231   
525.25245604   
538.50855281   
522.46246780   
523.74756956   
525.95811925   
529.55046360   
524.61745759   
524.93784224   
532.97299369   
530.30437658   
524.48676071   
529.69004483   
533.13626065   
533.04276980   
521.71281791   
526.10726247   
523.72436047   
516.77110794   
528.94807791   
520.50626166   
523.05346721   
520.99933812   
521.86702799   
520.10309242   
519.77772088   
523.21115834   
521.12400867   
526.58542796   
534.94921865   
519.76310039   
520.02304419   
520.38269294   
535.25377814   
541.73389198   
527.91491322   
521.75264540   
528.24213307   
529.79838381   
517.97957824   
520.94683933   
527.73358267   
530.56320850   
524.02716003   
523.29390431   
521.52902775   
521.33219626   
524.33792455   
536.39215782   
520.04885654   
525.99935991   
523.57452319   
520.72300644   
518.32832124   
525.66890179   
520.26355406   
523.14074162   
525.61106938   
526.28849776   
520.65475116   
526.26056269   
520.70791164   
522.02342360   
535.99779650   
531.16078860   
528.00743583   
519.33732748   
523.78635030   
529.28763560   
521.95805005   
531.81286412   
523.09558003   
524.44059618   
527.28584012   
542.22868080   
521.11492328   
525.72970109   
549.07553129   
547.75901667   
529.72627284   
525.19657084   
531.13523485   
527.61009446   
517.70399558   
530.61526112   
518.80006080   
521.81270281   
522.55993944   
524.54525722   
523.22678088   
525.77161652   
525.58680650   
522.28307166   
530.61958739   
523.20807303   
528.09293323   
520.46656622   
521.06812271   
526.78520075   
526.19298145   
561.32937044   
541.09213528   
539.99450443   
526.95660995   
524.85991966   
540.17887100   
528.19822311   
535.23579026   
520.94603649   
554.53774202   
519.27359636   
521.89408235   
526.68974168   
526.70912009   
527.20205691   
523.25063894   
523.34685352   
523.93399584   
522.52964114   
525.02124187   
539.88359165   
535.63563469   
521.04180815   
526.88148596   
528.74780476   
522.11856193   
521.28394038   
534.09922346   
541.78901952   
517.13568842   
519.03255274   
521.66427584   
521.20865816   
516.77324151   
518.39178304   
522.39669448   
537.50644097   
524.91831545   
523.42913559   
519.36768185   
524.45681447   
527.39194608   
527.16219771   
522.45056669   
521.25795145   
529.37179064   
527.24609564   
527.55885718   
545.14809529   
529.23033247   
523.73229872   
527.15901874   
520.28471433   
525.34793158   
526.52901344   
521.76934377   
520.69152675   
519.97662128   
523.26579092   
527.30364225   
528.97063204   
529.76308335   
522.38664702   
523.79513102   
520.24895861   
521.88627124   
524.50376101   
518.52451403   
523.89570848   
525.77589158   
519.26860769   
522.88540770   
531.86177427   
520.21502499   
528.89398127   
517.87003207   
528.98849781   
517.95990010   
523.41826410   
530.83396676   
537.13622223   
523.93776466   
522.90301152   
524.38989588   
520.41539791   
519.80508908   
519.37287843   
520.98785641   
518.68515257   
523.66317736   
520.57959937   
521.96242609   
527.50826658   
520.89799550   
525.48662416   
519.91048148   
525.92404813   
525.02843687   
534.23200575   
528.85769291   
536.19067560   
530.91067373   
533.25628541   
516.62773759   
525.26343571   
523.66613485   
529.95175820   
522.86126770   
523.10612353   
522.53862395   
531.84007175   
533.57514009   
517.47204926   
524.29886065   
524.73086642   
520.60336491   
534.21926445   
529.27578287   
521.71460206   
521.21125262   
517.91450723   
521.95588439   
519.92323281   
520.83269617   
528.85876875   
527.20441395   
517.26750727   
525.11106499   
525.58889780   
522.92617191   
522.26693010   
533.09392322   
520.03983079   
520.37026694   
521.91493729   
519.84641400   
518.20788769   
521.98498160   
520.14666171   
523.12213955   
547.81901396   
522.98055011   
534.88437490   
524.53295752   
519.62473158   
518.40231706   
521.93086091   
527.86203461   
518.42157036   
531.05538043   
535.38400527   
