5.67000000   162.43000000   77.93000000   177.32000000   25.84486363   99.90546024   14.17414233   0.85314631   
5.67000000   162.43000000   77.93000000   177.32000000   25.83118843   99.86259683   14.14950175   0.83601531   
5.67000000   162.43000000   77.93000000   177.32000000   25.85065619   99.85303483   13.71209937   0.94994766   
5.67000000   162.43000000   77.93000000   177.32000000   25.84699147   99.81743915   13.35399006   0.97113266   
5.67000000   162.43000000   77.93000000   177.32000000   25.84826793   99.81518675   13.37950026   1.17120629   
5.67000000   162.43000000   77.93000000   177.32000000   25.86126993   99.79745956   12.59952454   1.26322831   
5.67000000   162.43000000   77.93000000   177.32000000   25.84184204   99.81131285   12.47358853   1.18191755   
5.67000000   162.43000000   77.93000000   177.32000000   25.83609085   99.79296414   12.24862711   1.06340017   
5.67000000   162.43000000   77.93000000   177.32000000   25.79942712   99.77578750   11.71760295   1.02264546   
5.67000000   162.43000000   77.93000000   177.32000000   25.77277927   99.75635035   12.67630706   1.14402406   
5.67000000   162.43000000   77.93000000   177.32000000   25.77033616   99.75022612   12.66650060   1.13339483   
5.67000000   162.43000000   77.93000000   177.32000000   25.76129234   99.74900280   12.85191539   1.06474973   
5.67000000   162.43000000   77.93000000   177.32000000   25.74674341   99.75265128   12.46079834   1.13026973   
5.67000000   162.43000000   77.93000000   177.32000000   25.75170599   99.75208582   11.47340941   1.06929716   
5.67000000   162.43000000   77.93000000   177.32000000   25.73963125   99.71446717   10.96459781   1.09797161   
5.67000000   162.43000000   77.93000000   177.32000000   25.73664769   99.71645080   11.05038636   1.05706500   
5.67000000   162.43000000   77.93000000   177.32000000   25.76259473   99.71676522   11.55150371   0.96911082   
5.67000000   162.43000000   77.93000000   177.32000000   25.76521146   99.71445218   11.00443014   0.92307057   
5.67000000   162.43000000   77.93000000   177.32000000   25.76413885   99.70628020   11.30781866   0.90844163   
5.67000000   162.43000000   77.93000000   177.32000000   25.74854995   99.74494082   11.97708450   0.76868906   
5.67000000   162.43000000   77.93000000   177.32000000   25.75635949   99.71666599   12.27500779   0.63560752   
5.67000000   162.43000000   77.93000000   177.32000000   25.73333093   99.71346551   12.62272711   0.55639215   
5.67000000   162.43000000   77.93000000   177.32000000   25.76311402   99.72775766   12.71139897   0.56110787   
5.67000000   162.43000000   77.93000000   177.32000000   25.77230283   99.71327236   12.64421957   0.66201258   
5.67000000   162.43000000   77.93000000   177.32000000   25.78733764   99.72237868   11.29611577   0.58889279   
5.67000000   162.43000000   77.93000000   177.32000000   25.76984574   99.71283638   11.37282005   0.54331356   
5.67000000   162.43000000   77.93000000   177.32000000   25.73901799   99.71370357   11.52091917   0.69859183   
5.67000000   162.43000000   77.93000000   177.32000000   25.72575315   99.71322490   11.81215788   0.68730405   
5.67000000   162.43000000   77.93000000   177.32000000   25.73200780   99.70858394   11.78430798   0.89446175   
5.67000000   162.43000000   77.93000000   177.32000000   25.72909243   99.72005581   11.38768855   1.02994544   
5.67000000   162.43000000   77.93000000   177.32000000   25.73599905   99.74722788   11.22660932   0.95199155   
5.67000000   162.43000000   77.93000000   177.32000000   25.73171157   99.76013828   10.44168818   1.02410655   
5.67000000   162.43000000   77.93000000   177.32000000   25.71872365   99.77169823   9.72665330   0.91250633   
5.67000000   162.43000000   77.93000000   177.32000000   25.71796227   99.76035974   9.20585670   0.87310143   
5.67000000   162.43000000   77.93000000   177.32000000   25.74718695   99.77092583   8.69763030   0.76954787   
5.67000000   162.43000000   77.93000000   177.32000000   25.75034962   99.75607112   9.14611108   0.80488375   
5.67000000   162.43000000   77.93000000   177.32000000   25.72799250   99.73267461   9.34649655   0.84575188   
5.67000000   162.43000000   77.93000000   177.32000000   25.73695418   99.72741103   9.60589997   0.74956771   
5.67000000   162.43000000   77.93000000   177.32000000   25.73250668   99.73408068   9.52802421   0.81666063   
5.67000000   162.43000000   77.93000000   177.32000000   25.76756092   99.75831219   9.07638787   0.84332805   
5.67000000   162.43000000   77.93000000   177.32000000   25.75149523   99.72413472   9.27057841   0.90898846   
5.67000000   162.43000000   77.93000000   177.32000000   25.75594157   99.74656938   8.68370987   0.90944957   
5.67000000   162.43000000   77.93000000   177.32000000   25.74510959   99.75197258   8.28298188   0.87929482   
5.67000000   162.43000000   77.93000000   177.32000000   25.73495119   99.75104317   8.27729075   0.86219742   
5.67000000   162.43000000   77.93000000   177.32000000   25.74591783   99.75336582   8.32275437   0.71572010   
5.67000000   162.43000000   77.93000000   177.32000000   25.74002659   99.77072717   8.83570401   0.84109695   
5.67000000   162.43000000   77.93000000   177.32000000   25.73039038   99.75487568   9.16677508   0.68637111   
5.67000000   162.43000000   77.93000000   177.32000000   25.71988729   99.75690635   8.71902158   0.65749815   
5.67000000   162.43000000   77.93000000   177.32000000   25.72502329   99.72778742   8.70377597   0.61798720   
5.67000000   162.43000000   77.93000000   177.32000000   25.73143102   99.74443066   8.16982607   0.72779533   
5.67000000   162.43000000   77.93000000   177.32000000   25.74454573   99.75634142   8.27932997   0.72541460   
5.67000000   162.43000000   77.93000000   177.32000000   25.74067901   99.73514436   8.50571391   0.73264490   
5.67000000   162.43000000   77.93000000   177.32000000   25.73838030   99.72682254   8.21503741   0.78003373   
5.67000000   162.43000000   77.93000000   177.32000000   25.72125116   99.75740124   8.33306292   0.99128664   
5.67000000   162.43000000   77.93000000   177.32000000   25.71130377   99.77572559   7.61134345   0.92384819   
5.67000000   162.43000000   77.93000000   177.32000000   25.73611795   99.76419407   7.61361579   1.13650160   
5.67000000   162.43000000   77.93000000   177.32000000   25.74103848   99.73940171   7.30998318   1.08121022   
5.67000000   162.43000000   77.93000000   177.32000000   25.73990137   99.75220177   7.41742902   1.07136456   
5.67000000   162.43000000   77.93000000   177.32000000   25.74644241   99.75655425   7.51870682   1.17472923   
5.67000000   162.43000000   77.93000000   177.32000000   25.73495556   99.76152897   7.73923737   1.32776526   
5.67000000   162.43000000   77.93000000   177.32000000   25.70562352   99.73640591   8.63959045   1.29462707   
5.67000000   162.43000000   77.93000000   177.32000000   25.71481978   99.75636446   8.84194217   1.24032001   
5.67000000   162.43000000   77.93000000   177.32000000   25.73833898   99.73888890   8.65949310   1.19845678   
5.67000000   162.43000000   77.93000000   177.32000000   25.72741489   99.71021807   9.14656036   1.19590125   
5.67000000   162.43000000   77.93000000   177.32000000   25.71085076   99.74286318   8.35738204   1.05515894   
5.67000000   162.43000000   77.93000000   177.32000000   25.70234745   99.75972327   8.23932746   1.05501887   
5.67000000   162.43000000   77.93000000   177.32000000   25.70529329   99.76576009   7.63114896   1.01609274   
5.67000000   162.43000000   77.93000000   177.32000000   25.71216618   99.77045286   7.61488679   0.91495751   
5.67000000   162.43000000   77.93000000   177.32000000   25.71673798   99.77299873   6.72461715   0.84586656   
5.67000000   162.43000000   77.93000000   177.32000000   25.70633912   99.75518630   5.95240977   0.90025377   
5.67000000   162.43000000   77.93000000   177.32000000   25.72112473   99.77909412   5.31825025   0.88147483   
5.67000000   162.43000000   77.93000000   177.32000000   25.72228917   99.74607413   5.60764537   0.96053694   
5.67000000   162.43000000   77.93000000   177.32000000   25.71575819   99.75008357   5.54022940   0.77474076   
5.67000000   162.43000000   77.93000000   177.32000000   25.71230779   99.75258288   5.59905660   0.76990710   
5.67000000   162.43000000   77.93000000   177.32000000   25.70393275   99.75968308   4.90068288   0.85911584   
5.67000000   162.43000000   77.93000000   177.32000000   25.71074316   99.76452478   4.45320700   0.89867469   
5.67000000   162.43000000   77.93000000   177.32000000   25.72107412   99.76310091   4.47297748   0.81972534   
5.67000000   162.43000000   77.93000000   177.32000000   25.72448598   99.74346526   4.68201443   0.84731168   
5.67000000   162.43000000   77.93000000   177.32000000   25.74569626   99.75531212   4.91302900   0.78502076   
5.67000000   162.43000000   77.93000000   177.32000000   25.71168883   99.76874048   5.62957957   0.89768744   
5.67000000   162.43000000   77.93000000   177.32000000   25.70885545   99.77256842   5.91726488   0.84160489   
5.67000000   162.43000000   77.93000000   177.32000000   25.69045525   99.78236734   4.62403153   0.76125586   
5.67000000   162.43000000   77.93000000   177.32000000   25.68449163   99.78208285   4.89294711   0.75089236   
5.67000000   162.43000000   77.93000000   177.32000000   25.70796474   99.77751640   5.39758845   0.75972997   
5.67000000   162.43000000   77.93000000   177.32000000   25.72124658   99.77924460   5.31559053   0.64430412   
5.67000000   162.43000000   77.93000000   177.32000000   25.69872049   99.77787806   5.03332341   0.76655279   
5.67000000   162.43000000   77.93000000   177.32000000   25.69916844   99.74271437   4.84227147   0.78312427   
5.67000000   162.43000000   77.93000000   177.32000000   25.70124682   99.74400778   5.62776212   0.72494372   
5.67000000   162.43000000   77.93000000   177.32000000   25.72345567   99.75829468   5.36437682   0.60368253   
5.67000000   162.43000000   77.93000000   177.32000000   25.71528510   99.74303523   6.09598883   0.46348798   
5.67000000   162.43000000   77.93000000   177.32000000   25.72252156   99.74060319   5.24462933   0.59747231   
5.67000000   162.43000000   77.93000000   177.32000000   25.72786477   99.74865255   4.98888550   0.44337883   
5.67000000   162.43000000   77.93000000   177.32000000   25.73049044   99.74725624   4.43749744   0.50137407   
5.67000000   162.43000000   77.93000000   177.32000000   25.74281825   99.76297850   4.56472634   0.42025877   
5.67000000   162.43000000   77.93000000   177.32000000   25.74271840   99.73965847   5.08631190   0.32462481   
5.67000000   162.43000000   77.93000000   177.32000000   25.71726047   99.74166159   4.26885899   0.34178832   
5.67000000   162.43000000   77.93000000   177.32000000   25.71607986   99.76289933   3.38752272   0.44722142   
5.67000000   162.43000000   77.93000000   177.32000000   25.72191394   99.75122133   3.81734139   0.38377691   
5.67000000   162.43000000   77.93000000   177.32000000   25.72381557   99.73755829   4.09293144   0.45947146   
5.67000000   162.43000000   77.93000000   177.32000000   25.70651456   99.73478783   4.25245267   0.26025790   
5.67000000   162.43000000   77.93000000   177.32000000   25.71351400   99.73533401   4.33956168   0.28185998   
5.67000000   162.43000000   77.93000000   177.32000000   25.70898927   99.74773774   3.05755590   0.33530919   
5.67000000   162.43000000   77.93000000   177.32000000   25.70025074   99.74240988   1.54432443   0.34975447   
5.67000000   162.43000000   77.93000000   177.32000000   25.71739514   99.73317028   1.19715133   0.21981831   
5.67000000   162.43000000   77.93000000   177.32000000   25.72623556   99.76954525   1.11286691   0.35073150   
5.67000000   162.43000000   77.93000000   177.32000000   25.72715236   99.76802395   1.13097942   0.19915963   
5.67000000   162.43000000   77.93000000   177.32000000   25.72942145   99.78278501   1.10938822   0.24729871   
5.67000000   162.43000000   77.93000000   177.32000000   25.72266594   99.78184598   1.67580783   0.31638130   
5.67000000   162.43000000   77.93000000   177.32000000   25.71265573   99.78315924   1.44617336   0.37035437   
5.67000000   162.43000000   77.93000000   177.32000000   25.73515841   99.76130498   2.14675873   0.36872568   
5.67000000   162.43000000   77.93000000   177.32000000   25.75208716   99.76734744   2.10733297   0.29365070   
5.67000000   162.43000000   77.93000000   177.32000000   25.75481378   99.75215078   1.90191078   0.25017959   
5.67000000   162.43000000   77.93000000   177.32000000   25.74386396   99.76753011   2.26119502   0.31270347   
5.67000000   162.43000000   77.93000000   177.32000000   25.73276697   99.74636018   1.84338490   0.32976266   
5.67000000   162.43000000   77.93000000   177.32000000   25.72110831   99.74946917   1.81475015   0.31681676   
5.67000000   162.43000000   77.93000000   177.32000000   25.72580069   99.75807074   2.33274096   0.22488717   
5.67000000   162.43000000   77.93000000   177.32000000   25.69864268   99.77657998   1.39147014   0.18592905   
5.67000000   162.43000000   77.93000000   177.32000000   25.72579847   99.78287555   2.19915929   0.03533271   
5.67000000   162.43000000   77.93000000   177.32000000   25.70235189   99.77010285   1.54178695   0.04302881   
5.67000000   162.43000000   77.93000000   177.32000000   25.70299165   99.75608505   1.25076771   0.01574548   
5.67000000   162.43000000   77.93000000   177.32000000   25.71020713   99.76845015   1.29911821   0.17069642   
5.67000000   162.43000000   77.93000000   177.32000000   25.70082702   99.76104965   1.78080803   0.34178865   
5.67000000   162.43000000   77.93000000   177.32000000   25.70162830   99.76691167   2.09576356   0.37056402   
5.67000000   162.43000000   77.93000000   177.32000000   25.72678203   99.75138722   2.69336847   0.28386132   
5.67000000   162.43000000   77.93000000   177.32000000   25.74174673   99.77152825   2.50478982   0.05039670   
5.67000000   162.43000000   77.93000000   177.32000000   25.72272047   99.74052946   1.71850584   0.08708770   
5.67000000   162.43000000   77.93000000   177.32000000   25.71366435   99.74004367   1.58537638   0.02468894   
5.67000000   162.43000000   77.93000000   177.32000000   25.73141632   99.72848876   1.12585598   -0.07586882   
5.67000000   162.43000000   77.93000000   177.32000000   25.75141887   99.75525806   1.30287249   -0.11246761   
5.67000000   162.43000000   77.93000000   177.32000000   25.74721639   99.76664982   1.67098840   -0.19250354   
5.67000000   162.43000000   77.93000000   177.32000000   25.75515916   99.76022938   1.87801285   -0.12515385   
5.67000000   162.43000000   77.93000000   177.32000000   25.75368870   99.74569806   2.15744144   -0.08337427   
5.67000000   162.43000000   77.93000000   177.32000000   25.76020925   99.76306378   1.84420066   -0.10301670   
5.67000000   162.43000000   77.93000000   177.32000000   25.74765672   99.76647512   1.78481847   -0.15519781   
5.67000000   162.43000000   77.93000000   177.32000000   25.75527467   99.75559386   1.69301192   -0.21758295   
5.67000000   162.43000000   77.93000000   177.32000000   25.72623375   99.74141368   1.86589596   -0.25958235   
5.67000000   162.43000000   77.93000000   177.32000000   25.71795823   99.74103533   1.66960547   -0.23174038   
5.67000000   162.43000000   77.93000000   177.32000000   25.69235715   99.74748937   1.14605267   -0.25535535   
5.67000000   162.43000000   77.93000000   177.32000000   25.71563340   99.73966272   1.25055561   -0.30163780   
5.67000000   162.43000000   77.93000000   177.32000000   25.71610477   99.74871953   1.51708738   -0.24159274   
5.67000000   162.43000000   77.93000000   177.32000000   25.72677950   99.73096688   1.21054194   -0.19515820   
5.67000000   162.43000000   77.93000000   177.32000000   25.72645070   99.74375518   1.16726766   -0.22801818   
5.67000000   162.43000000   77.93000000   177.32000000   25.73041027   99.74138983   1.58118394   -0.27254071   
5.67000000   162.43000000   77.93000000   177.32000000   25.73783776   99.74083970   2.03015525   -0.10372481   
5.67000000   162.43000000   77.93000000   177.32000000   25.75140104   99.73953574   1.24486189   -0.17731592   
5.67000000   162.43000000   77.93000000   177.32000000   25.72721255   99.76551086   1.63715394   -0.11887921   
5.67000000   162.43000000   77.93000000   177.32000000   25.73721824   99.73918035   1.76608484   -0.26679146   
5.67000000   162.43000000   77.93000000   177.32000000   25.71905945   99.71866761   1.26808983   -0.14227508   
5.67000000   162.43000000   77.93000000   177.32000000   25.72691242   99.72793193   2.10915058   -0.19891724   
5.67000000   162.43000000   77.93000000   177.32000000   25.72994241   99.72338790   1.83166057   -0.26491424   
5.67000000   162.43000000   77.93000000   177.32000000   25.73923218   99.73536469   1.69361225   -0.28324673   
5.67000000   162.43000000   77.93000000   177.32000000   25.75077392   99.74634380   1.08783589   -0.11831975   
5.67000000   162.43000000   77.93000000   177.32000000   25.72269188   99.73726237   1.38510411   -0.25088531   
5.67000000   162.43000000   77.93000000   177.32000000   25.70805048   99.73975246   1.28528411   -0.19503145   
5.67000000   162.43000000   77.93000000   177.32000000   25.73109844   99.76016044   1.12916459   -0.20695681   
5.67000000   162.43000000   77.93000000   177.32000000   25.72281803   99.76766468   1.69953006   -0.24020265   
5.67000000   162.43000000   77.93000000   177.32000000   25.72552059   99.74578760   2.59417864   -0.25458554   
5.67000000   162.43000000   77.93000000   177.32000000   25.71401480   99.75759405   1.68448031   -0.27807595   
5.67000000   162.43000000   77.93000000   177.32000000   25.70909583   99.75026480   1.58385891   -0.29382084   
5.67000000   162.43000000   77.93000000   177.32000000   25.73634695   99.74167598   1.73456040   -0.32214045   
5.67000000   162.43000000   77.93000000   177.32000000   25.71959624   99.74667757   1.84012707   -0.11774615   
5.67000000   162.43000000   77.93000000   177.32000000   25.72322106   99.73791382   1.15258275   -0.03773937   
5.67000000   162.43000000   77.93000000   177.32000000   25.71988684   99.76852111   1.16769544   0.10892803   
5.67000000   162.43000000   77.93000000   177.32000000   25.70722620   99.77197386   1.71686444   0.07359271   
5.67000000   162.43000000   77.93000000   177.32000000   25.73527159   99.77166464   1.32016997   0.10375688   
5.67000000   162.43000000   77.93000000   177.32000000   25.74494012   99.76640400   1.61634711   0.19256894   
5.67000000   162.43000000   77.93000000   177.32000000   25.74198551   99.75601663   1.91167077   0.19076624   
5.67000000   162.43000000   77.93000000   177.32000000   25.73587960   99.74907652   2.11515000   0.15453932   
5.67000000   162.43000000   77.93000000   177.32000000   25.73178932   99.73933473   2.59758360   0.05358069   
5.67000000   162.43000000   77.93000000   177.32000000   25.75617731   99.73981632   2.05081107   0.06239314   
5.67000000   162.43000000   77.93000000   177.32000000   25.76649185   99.76827852   1.95238582   0.11901675   
5.67000000   162.43000000   77.93000000   177.32000000   25.74148086   99.79888188   1.06206704   0.02062834   
5.67000000   162.43000000   77.93000000   177.32000000   25.75359654   99.77966014   1.81351961   0.06133182   
5.67000000   162.43000000   77.93000000   177.32000000   25.74202134   99.78099145   1.88817012   -0.09051680   
5.67000000   162.43000000   77.93000000   177.32000000   25.72379101   99.77195454   2.47921625   0.06294130   
5.67000000   162.43000000   77.93000000   177.32000000   25.73764298   99.75076379   2.76259595   0.14834775   
5.67000000   162.43000000   77.93000000   177.32000000   25.71955253   99.73646382   2.39818357   0.12749800   
5.67000000   162.43000000   77.93000000   177.32000000   25.71977851   99.74600451   2.66653309   0.24890612   
5.67000000   162.43000000   77.93000000   177.32000000   25.72151960   99.76710129   2.36750304   0.24370300   
5.67000000   162.43000000   77.93000000   177.32000000   25.72100133   99.77440821   2.32065521   0.04611709   
5.67000000   162.43000000   77.93000000   177.32000000   25.75863100   99.73002989   2.39950520   -0.03610151   
5.67000000   162.43000000   77.93000000   177.32000000   25.72235769   99.73631075   1.67206627   -0.04553908   
5.67000000   162.43000000   77.93000000   177.32000000   25.71174085   99.75624971   2.15499972   -0.00574608   
5.67000000   162.43000000   77.93000000   177.32000000   25.69025652   99.76122382   1.97163568   -0.10199428   
5.67000000   162.43000000   77.93000000   177.32000000   25.66455702   99.74820255   1.66843237   -0.19056436   
5.67000000   162.43000000   77.93000000   177.32000000   25.67752085   99.74813719   1.52274563   -0.21196867   
5.67000000   162.43000000   77.93000000   177.32000000   25.70066363   99.77162654   1.16691314   -0.10912695   
5.67000000   162.43000000   77.93000000   177.32000000   25.70024789   99.75213781   1.64071716   -0.01949228   
5.67000000   162.43000000   77.93000000   177.32000000   25.72890637   99.76029641   2.20005446   -0.04500397   
5.67000000   162.43000000   77.93000000   177.32000000   25.69752020   99.74830852   1.07523242   -0.16463542   
5.67000000   162.43000000   77.93000000   177.32000000   25.69593208   99.74580906   1.10641197   -0.03603007   
5.67000000   162.43000000   77.93000000   177.32000000   25.73543569   99.74614638   1.48949580   -0.11475338   
5.67000000   162.43000000   77.93000000   177.32000000   25.73772910   99.75236658   1.66375326   -0.11903077   
5.67000000   162.43000000   77.93000000   177.32000000   25.73476380   99.73275494   1.49699949   -0.15383746   
5.67000000   162.43000000   77.93000000   177.32000000   25.74756708   99.74548638   1.21194933   -0.04997152   
5.67000000   162.43000000   77.93000000   177.32000000   25.74153595   99.74013477   1.22696615   -0.04505216   
5.67000000   162.43000000   77.93000000   177.32000000   25.75084360   99.72573743   1.65006178   -0.08789508   
5.67000000   162.43000000   77.93000000   177.32000000   25.77204344   99.74492778   1.22843459   0.05268110   
5.67000000   162.43000000   77.93000000   177.32000000   25.75960218   99.72178726   1.42013978   0.08871007   
5.67000000   162.43000000   77.93000000   177.32000000   25.70628479   99.72282628   1.17965866   0.04864241   
5.67000000   162.43000000   77.93000000   177.32000000   25.70673252   99.73297674   1.61118528   -0.03321064   
5.67000000   162.43000000   77.93000000   177.32000000   25.73419274   99.73196402   1.00602869   -0.02181875   
5.67000000   162.43000000   77.93000000   177.32000000   25.71441256   99.76470372   1.21904962   0.01261034   
5.67000000   162.43000000   77.93000000   177.32000000   25.73610737   99.77109843   1.01015527   0.03002952   
5.67000000   162.43000000   77.93000000   177.32000000   25.73481545   99.74515639   1.20677110   -0.13601348   
5.67000000   162.43000000   77.93000000   177.32000000   25.71258518   99.75410458   1.02594514   -0.11435655   
5.67000000   162.43000000   77.93000000   177.32000000   25.71597725   99.76648176   1.14808148   -0.16558891   
5.67000000   162.43000000   77.93000000   177.32000000   25.72183873   99.75211742   1.10356306   -0.19527801   
5.67000000   162.43000000   77.93000000   177.32000000   25.72507621   99.75004331   1.01056991   -0.00921716   
5.67000000   162.43000000   77.93000000   177.32000000   25.70452698   99.73859762   1.49103135   -0.01247335   
5.67000000   162.43000000   77.93000000   177.32000000   25.72727044   99.75541205   1.96520751   -0.06692579   
5.67000000   162.43000000   77.93000000   177.32000000   25.72505955   99.72680511   1.76750324   -0.13794786   
5.67000000   162.43000000   77.93000000   177.32000000   25.71727732   99.72437110   1.67972245   -0.15581976   
5.67000000   162.43000000   77.93000000   177.32000000   25.69679988   99.75027576   1.44270102   -0.10782483   
5.67000000   162.43000000   77.93000000   177.32000000   25.72003592   99.75963760   1.12666774   -0.18341166   
5.67000000   162.43000000   77.93000000   177.32000000   25.71167951   99.75340207   1.19590673   -0.17482461   
5.67000000   162.43000000   77.93000000   177.32000000   25.72480093   99.73527467   1.15031814   -0.21062077   
5.67000000   162.43000000   77.93000000   177.32000000   25.71402354   99.74056262   1.17605108   -0.35270267   
5.67000000   162.43000000   77.93000000   177.32000000   25.73164268   99.73684023   1.43181837   -0.51358774   
5.67000000   162.43000000   77.93000000   177.32000000   25.74622017   99.73557296   1.74469350   -0.57827130   
5.67000000   162.43000000   77.93000000   177.32000000   25.74359440   99.76106419   1.15265626   -0.55072062   
5.67000000   162.43000000   77.93000000   177.32000000   25.71193538   99.74724350   1.21844813   -0.76880934   
5.67000000   162.43000000   77.93000000   177.32000000   25.72471908   99.74396182   1.03212298   -0.79807700   
5.67000000   162.43000000   77.93000000   177.32000000   25.72411372   99.73521839   1.04524589   -0.78067040   
5.67000000   162.43000000   77.93000000   177.32000000   25.72329180   99.74350934   1.05415161   -0.86541123   
5.67000000   162.43000000   77.93000000   177.32000000   25.74493879   99.72925513   1.20604018   -1.01700667   
5.67000000   162.43000000   77.93000000   177.32000000   25.74943498   99.70760422   1.18128341   -0.90685871   
5.67000000   162.43000000   77.93000000   177.32000000   25.72225623   99.73107172   1.13135290   -0.93360986   
5.67000000   162.43000000   77.93000000   177.32000000   25.73319947   99.73479798   1.66084168   -1.07281753   
5.67000000   162.43000000   77.93000000   177.32000000   25.76400169   99.73453601   1.55444276   -0.95344277   
5.67000000   162.43000000   77.93000000   177.32000000   25.72603037   99.71417610   1.35027048   -0.95957988   
5.67000000   162.43000000   77.93000000   177.32000000   25.71175814   99.71117901   1.55396815   -0.90564475   
5.67000000   162.43000000   77.93000000   177.32000000   25.74367757   99.72064527   1.76513473   -0.82964743   
5.67000000   162.43000000   77.93000000   177.32000000   25.73750481   99.72115186   2.09317333   -0.69591460   
5.67000000   162.43000000   77.93000000   177.32000000   25.73593335   99.74543034   1.49117207   -0.84467143   
5.67000000   162.43000000   77.93000000   177.32000000   25.74196175   99.75992246   1.64087692   -0.66466197   
5.67000000   162.43000000   77.93000000   177.32000000   25.73737890   99.76093889   1.61171313   -0.65618699   
5.67000000   162.43000000   77.93000000   177.32000000   25.72730160   99.74275482   1.91432229   -0.79382893   
5.67000000   162.43000000   77.93000000   177.32000000   25.74073772   99.74259487   1.60574237   -0.96285666   
5.67000000   162.43000000   77.93000000   177.32000000   25.75136577   99.74444014   1.02431183   -1.03935424   
5.67000000   162.43000000   77.93000000   177.32000000   25.74737999   99.72233266   1.29941832   -1.03215772   
5.67000000   162.43000000   77.93000000   177.32000000   25.76998958   99.72423845   1.24040079   -1.11303602   
5.67000000   162.43000000   77.93000000   177.32000000   25.76483206   99.73236178   1.22226809   -1.12143728   
5.67000000   162.43000000   77.93000000   177.32000000   25.77435992   99.72303387   1.07357994   -1.01839598   
5.67000000   162.43000000   77.93000000   177.32000000   25.74404792   99.73156016   1.07917257   -1.02486598   
5.67000000   162.43000000   77.93000000   177.32000000   25.75680491   99.73536716   1.48000781   -1.00844792   
5.67000000   162.43000000   77.93000000   177.32000000   25.76068010   99.71719856   1.94739240   -1.14965912   
5.67000000   162.43000000   77.93000000   177.32000000   25.74261581   99.70975554   1.14637935   -1.15515248   
5.67000000   162.43000000   77.93000000   177.32000000   25.74559780   99.73207462   1.08539857   -1.13703669   
5.67000000   162.43000000   77.93000000   177.32000000   25.71642023   99.71265991   1.01316989   -1.12923274   
5.67000000   162.43000000   77.93000000   177.32000000   25.71812247   99.71342040   1.20502159   -1.08791442   
5.67000000   162.43000000   77.93000000   177.32000000   25.71744698   99.71327611   1.22017922   -1.16153614   
5.67000000   162.43000000   77.93000000   177.32000000   25.72486207   99.70820100   1.24090447   -1.21005975   
5.67000000   162.43000000   77.93000000   177.32000000   25.76258049   99.71661970   1.72198708   -1.20819987   
5.67000000   162.43000000   77.93000000   177.32000000   25.74076766   99.71573697   1.03452815   -1.33538761   
5.67000000   162.43000000   77.93000000   177.32000000   25.74690568   99.73102931   1.23202152   -1.35301436   
5.67000000   162.43000000   77.93000000   177.32000000   25.75032000   99.70317571   1.15198234   -1.19899074   
5.67000000   162.43000000   77.93000000   177.32000000   25.72961876   99.70536023   1.63900441   -1.11260363   
5.67000000   162.43000000   77.93000000   177.32000000   25.70435366   99.72256091   1.16045774   -1.01989974   
5.67000000   162.43000000   77.93000000   177.32000000   25.72084826   99.72400612   1.26853587   -0.93756726   
5.67000000   162.43000000   77.93000000   177.32000000   25.73136508   99.75149856   1.22160319   -0.78632011   
5.67000000   162.43000000   77.93000000   177.32000000   25.74479828   99.73205635   1.13473399   -0.81670702   
5.67000000   162.43000000   77.93000000   177.32000000   25.73809375   99.73260602   1.09606207   -0.83369565   
5.67000000   162.43000000   77.93000000   177.32000000   25.72199323   99.74507134   1.00680971   -0.89109738   
5.67000000   162.43000000   77.93000000   177.32000000   25.73024252   99.74417338   1.05744191   -0.83859161   
5.67000000   162.43000000   77.93000000   177.32000000   25.73641482   99.74361415   1.01971267   -0.72664507   
5.67000000   162.43000000   77.93000000   177.32000000   25.72555442   99.75151413   1.21647377   -0.80189783   
5.67000000   162.43000000   77.93000000   177.32000000   25.71006613   99.74428561   1.01028205   -0.81299878   
5.67000000   162.43000000   77.93000000   177.32000000   25.72350446   99.71318804   1.08187455   -0.96437669   
5.67000000   162.43000000   77.93000000   177.32000000   25.74084832   99.74975244   1.48708161   -0.88149827   
5.67000000   162.43000000   77.93000000   177.32000000   25.73126345   99.73980871   1.36314314   -0.82187123   
5.67000000   162.43000000   77.93000000   177.32000000   25.71922189   99.73485100   1.14538636   -0.61926836   
5.67000000   162.43000000   77.93000000   177.32000000   25.74151783   99.72253110   1.18706887   -0.55090332   
5.67000000   162.43000000   77.93000000   177.32000000   25.75461471   99.75263424   1.03528186   -0.60653890   
5.67000000   162.43000000   77.93000000   177.32000000   25.73171162   99.73539112   1.20777304   -0.69796226   
5.67000000   162.43000000   77.93000000   177.32000000   25.70302601   99.73273005   1.05708501   -0.65861909   
5.67000000   162.43000000   77.93000000   177.32000000   25.71488080   99.71654447   1.14472934   -0.58388066   
5.67000000   162.43000000   77.93000000   177.32000000   25.71773777   99.72881868   1.19281792   -0.67017661   
5.67000000   162.43000000   77.93000000   177.32000000   25.71030307   99.75209442   1.20545549   -0.48183527   
5.67000000   162.43000000   77.93000000   177.32000000   25.74741983   99.71468604   1.54486986   -0.57487838   
5.67000000   162.43000000   77.93000000   177.32000000   25.73579630   99.74125337   1.81162451   -0.66932256   
5.67000000   162.43000000   77.93000000   177.32000000   25.76109101   99.74173459   1.40768061   -0.68374747   
5.67000000   162.43000000   77.93000000   177.32000000   25.72534491   99.72617887   1.31297066   -0.53476314   
5.67000000   162.43000000   77.93000000   177.32000000   25.71495640   99.74452497   1.22838953   -0.51948103   
5.67000000   162.43000000   77.93000000   177.32000000   25.71280655   99.73357497   1.13136717   -0.53483402   
5.67000000   162.43000000   77.93000000   177.32000000   25.72082872   99.73257402   1.01907393   -0.55533385   
5.67000000   162.43000000   77.93000000   177.32000000   25.75738477   99.72843517   1.26719284   -0.59146192   
5.67000000   162.43000000   77.93000000   177.32000000   25.72258358   99.74893492   1.00204228   -0.71057374   
5.67000000   162.43000000   77.93000000   177.32000000   25.72770515   99.75117917   1.22153329   -0.59366135   
5.67000000   162.43000000   77.93000000   177.32000000   25.72837783   99.75312644   1.05976159   -0.62346684   
5.67000000   162.43000000   77.93000000   177.32000000   25.71447563   99.75723529   1.18948374   -0.65131097   
5.67000000   162.43000000   77.93000000   177.32000000   25.73044539   99.73931657   1.08443734   -0.78381788   
5.67000000   162.43000000   77.93000000   177.32000000   25.73512008   99.73227532   1.12703355   -0.82405259   
5.67000000   162.43000000   77.93000000   177.32000000   25.74167475   99.74382972   1.13469278   -0.87276914   
5.67000000   162.43000000   77.93000000   177.32000000   25.74030612   99.75158148   1.05143946   -0.77957253   
5.67000000   162.43000000   77.93000000   177.32000000   25.71143477   99.73725163   1.20261936   -0.82026545   
5.67000000   162.43000000   77.93000000   177.32000000   25.72807954   99.76006652   1.12912654   -0.75669598   
5.67000000   162.43000000   77.93000000   177.32000000   25.72132580   99.75758422   1.15181008   -0.71930580   
5.67000000   162.43000000   77.93000000   177.32000000   25.75252214   99.73179726   1.38468088   -0.54164162   
5.67000000   162.43000000   77.93000000   177.32000000   25.75373581   99.73414568   1.56709164   -0.43647127   
5.67000000   162.43000000   77.93000000   177.32000000   25.72927613   99.75366491   1.04477879   -0.51364578   
5.67000000   162.43000000   77.93000000   177.32000000   25.73083705   99.75109832   1.10155578   -0.50661331   
5.67000000   162.43000000   77.93000000   177.32000000   25.73730013   99.73663632   1.29813519   -0.56487059   
5.67000000   162.43000000   77.93000000   177.32000000   25.73821167   99.71834710   1.08923865   -0.68832785   
5.67000000   162.43000000   77.93000000   177.32000000   25.72987099   99.73835412   1.01665840   -0.60565664   
5.67000000   162.43000000   77.93000000   177.32000000   25.70643170   99.72866238   1.58263006   -0.71003870   
5.67000000   162.43000000   77.93000000   177.32000000   25.69088852   99.71564485   1.45352668   -0.77631709   
5.67000000   162.43000000   77.93000000   177.32000000   25.69954599   99.70025844   1.49746445   -0.64342092   
5.67000000   162.43000000   77.93000000   177.32000000   25.67812865   99.73108302   2.58536271   -0.70800286   
5.67000000   162.43000000   77.93000000   177.32000000   25.69595292   99.73495704   2.92209290   -0.73759693   
5.67000000   162.43000000   77.93000000   177.32000000   25.70074962   99.72462861   3.30558323   -0.60572736   
5.67000000   162.43000000   77.93000000   177.32000000   25.68825462   99.72431225   3.16460918   -0.46819332   
5.67000000   162.43000000   77.93000000   177.32000000   25.72323431   99.72120310   2.39899125   -0.46136439   
5.67000000   162.43000000   77.93000000   177.32000000   25.70470582   99.74734270   2.87424354   -0.27074560   
5.67000000   162.43000000   77.93000000   177.32000000   25.69984970   99.73171881   3.15635046   -0.17169390   
5.67000000   162.43000000   77.93000000   177.32000000   25.75288214   99.72608496   3.52340279   -0.11037085   
5.67000000   162.43000000   77.93000000   177.32000000   25.75911372   99.73282665   4.05126837   -0.05110408   
5.67000000   162.43000000   77.93000000   177.32000000   25.74295734   99.74529790   4.18950771   -0.03543558   
5.67000000   162.43000000   77.93000000   177.32000000   25.74361976   99.77282513   3.15212072   -0.05352220   
5.67000000   162.43000000   77.93000000   177.32000000   25.73878183   99.72365947   3.04001073   -0.15124220   
5.67000000   162.43000000   77.93000000   177.32000000   25.72067935   99.72441452   3.54558411   -0.13194055   
5.67000000   162.43000000   77.93000000   177.32000000   25.75138885   99.75161959   3.07072740   -0.18164290   
5.67000000   162.43000000   77.93000000   177.32000000   25.76196486   99.71984363   2.19126490   -0.23200203   
5.67000000   162.43000000   77.93000000   177.32000000   25.76528617   99.73518274   1.84270085   -0.13848471   
5.67000000   162.43000000   77.93000000   177.32000000   25.74905069   99.73879587   1.62208868   -0.08977832   
5.67000000   162.43000000   77.93000000   177.32000000   25.74361562   99.75133850   1.37140491   -0.18902847   
5.67000000   162.43000000   77.93000000   177.32000000   25.74340933   99.72549974   1.12365577   -0.37338378   
5.67000000   162.43000000   77.93000000   177.32000000   25.72461206   99.72518307   1.42467968   -0.52825116   
5.67000000   162.43000000   77.93000000   177.32000000   25.74424794   99.72804776   1.54984684   -0.53388192   
5.67000000   162.43000000   77.93000000   177.32000000   25.73669660   99.71474027   1.27880839   -0.67207225   
5.67000000   162.43000000   77.93000000   177.32000000   25.72530355   99.71553431   1.57525459   -0.62789114   
5.67000000   162.43000000   77.93000000   177.32000000   25.70460994   99.74250410   1.39765630   -0.47344210   
5.67000000   162.43000000   77.93000000   177.32000000   25.72400102   99.74998289   1.21241209   -0.44495703   
5.67000000   162.43000000   77.93000000   177.32000000   25.72624591   99.75068695   1.44843357   -0.42150660   
5.67000000   162.43000000   77.93000000   177.32000000   25.72216221   99.75420497   1.49633431   -0.39261500   
5.67000000   162.43000000   77.93000000   177.32000000   25.71510913   99.73066343   1.79487374   -0.40149352   
5.67000000   162.43000000   77.93000000   177.32000000   25.72546867   99.74704987   1.94821916   -0.48179833   
5.67000000   162.43000000   77.93000000   177.32000000   25.73462354   99.70960758   1.59099194   -0.59655315   
5.67000000   162.43000000   77.93000000   177.32000000   25.74564187   99.72476515   2.11195903   -0.45292234   
5.67000000   162.43000000   77.93000000   177.32000000   25.72846189   99.71976592   1.61435031   -0.46768311   
5.67000000   162.43000000   77.93000000   177.32000000   25.70669661   99.74031152   1.57762158   -0.50411060   
5.67000000   162.43000000   77.93000000   177.32000000   25.72320476   99.72849518   1.85276109   -0.60743785   
5.67000000   162.43000000   77.93000000   177.32000000   25.74394196   99.71570310   1.91406771   -0.60416622   
5.67000000   162.43000000   77.93000000   177.32000000   25.73789592   99.72972064   2.20831409   -0.48056963   
5.67000000   162.43000000   77.93000000   177.32000000   25.73272270   99.74697147   1.26600507   -0.45345291   
5.67000000   162.43000000   77.93000000   177.32000000   25.71490156   99.74844344   1.06386833   -0.36474386   
5.67000000   162.43000000   77.93000000   177.32000000   25.71186215   99.74362699   1.22832763   -0.31345459   
5.67000000   162.43000000   77.93000000   177.32000000   25.73829288   99.73511573   1.01203695   -0.68554736   
5.67000000   162.43000000   77.93000000   177.32000000   25.72326724   99.73730508   1.21308314   -0.67221107   
5.67000000   162.43000000   77.93000000   177.32000000   25.73353932   99.74713938   1.10854704   -0.51422952   
5.67000000   162.43000000   77.93000000   177.32000000   25.73166729   99.74561562   1.44282040   -0.45486484   
5.67000000   162.43000000   77.93000000   177.32000000   25.72772593   99.74075494   1.30004508   -0.67510313   
5.67000000   162.43000000   77.93000000   177.32000000   25.73507702   99.71040918   1.35431111   -0.78167350   
5.67000000   162.43000000   77.93000000   177.32000000   25.74475786   99.72316283   1.46748065   -0.68998569   
5.67000000   162.43000000   77.93000000   177.32000000   25.73787117   99.74786691   1.64452365   -0.68476717   
5.67000000   162.43000000   77.93000000   177.32000000   25.73075527   99.74222519   1.20352506   -0.81780681   
5.67000000   162.43000000   77.93000000   177.32000000   25.71685248   99.71399931   1.08543739   -0.73787487   
5.67000000   162.43000000   77.93000000   177.32000000   25.71525543   99.72412479   1.05615685   -0.91414919   
5.67000000   162.43000000   77.93000000   177.32000000   25.71843759   99.72426150   1.52514604   -1.09342207   
5.67000000   162.43000000   77.93000000   177.32000000   25.72679587   99.70329348   1.07746288   -1.27437435   
5.67000000   162.43000000   77.93000000   177.32000000   25.73579057   99.71880606   1.05472522   -1.28385097   
5.67000000   162.43000000   77.93000000   177.32000000   25.71020848   99.71465408   1.01772799   -1.25299382   
5.67000000   162.43000000   77.93000000   177.32000000   25.72767336   99.73528137   1.16488068   -1.22390718   
5.67000000   162.43000000   77.93000000   177.32000000   25.74206146   99.73119448   1.11550713   -1.13407424   
5.67000000   162.43000000   77.93000000   177.32000000   25.73182692   99.73557222   1.07375983   -1.00338103   
5.67000000   162.43000000   77.93000000   177.32000000   25.72550918   99.72803741   1.18515616   -0.90684932   
5.67000000   162.43000000   77.93000000   177.32000000   25.75194292   99.73840890   1.01262511   -0.97130020   
5.67000000   162.43000000   77.93000000   177.32000000   25.73436636   99.73398056   1.32529608   -0.87111003   
5.67000000   162.43000000   77.93000000   177.32000000   25.72017235   99.74365610   1.02908694   -0.80486504   
5.67000000   162.43000000   77.93000000   177.32000000   25.70796632   99.73789183   1.13599834   -0.85015119   
5.67000000   162.43000000   77.93000000   177.32000000   25.73589024   99.72727430   1.00894738   -0.81686524   
5.67000000   162.43000000   77.93000000   177.32000000   25.76939495   99.73224083   1.19215697   -0.77600793   
5.67000000   162.43000000   77.93000000   177.32000000   25.76284710   99.72774294   1.23750825   -0.58814365   
5.67000000   162.43000000   77.93000000   177.32000000   25.75457336   99.71769583   1.05669221   -0.52452321   
5.67000000   162.43000000   77.93000000   177.32000000   25.75137712   99.72395723   1.25075021   -0.45640002   
5.67000000   162.43000000   77.93000000   177.32000000   25.74925297   99.71138671   1.14661582   -0.38177893   
5.67000000   162.43000000   77.93000000   177.32000000   25.75177733   99.71743135   1.43252835   -0.38062337   
5.67000000   162.43000000   77.93000000   177.32000000   25.75798240   99.73040639   1.38366559   -0.55278533   
5.67000000   162.43000000   77.93000000   177.32000000   25.74601589   99.71501189   1.97142917   -0.59536279   
5.67000000   162.43000000   77.93000000   177.32000000   25.74785182   99.71626756   2.04630732   -0.67036370   
5.67000000   162.43000000   77.93000000   177.32000000   25.75103689   99.71382794   2.07012767   -0.60476682   
5.67000000   162.43000000   77.93000000   177.32000000   25.74733757   99.71421795   1.41550704   -0.74896709   
5.67000000   162.43000000   77.93000000   177.32000000   25.75867623   99.71538589   1.97788814   -0.73968972   
5.67000000   162.43000000   77.93000000   177.32000000   25.73505710   99.73017067   2.23684298   -0.79561106   
5.67000000   162.43000000   77.93000000   177.32000000   25.72414948   99.73535973   1.22279656   -0.74799001   
5.67000000   162.43000000   77.93000000   177.32000000   25.70930047   99.74868207   1.21603598   -0.68816766   
5.67000000   162.43000000   77.93000000   177.32000000   25.72093100   99.75314584   1.59302373   -0.62698504   
5.67000000   162.43000000   77.93000000   177.32000000   25.73784679   99.73037048   1.64035898   -0.72152159   
5.67000000   162.43000000   77.93000000   177.32000000   25.71757490   99.72834606   1.69214168   -0.61991540   
5.67000000   162.43000000   77.93000000   177.32000000   25.71676642   99.72570421   1.48060474   -0.58016167   
5.67000000   162.43000000   77.93000000   177.32000000   25.72002074   99.73363358   1.71958178   -0.50633588   
5.67000000   162.43000000   77.93000000   177.32000000   25.74480783   99.73468276   1.25873226   -0.67429216   
5.67000000   162.43000000   77.93000000   177.32000000   25.76093632   99.73080310   1.19086914   -0.72801990   
5.67000000   162.43000000   77.93000000   177.32000000   25.76680757   99.73686651   1.17617546   -0.77412708   
5.67000000   162.43000000   77.93000000   177.32000000   25.74292273   99.74256237   1.07817019   -0.78979291   
5.67000000   162.43000000   77.93000000   177.32000000   25.73053665   99.74101130   1.53716068   -0.73356315   
5.67000000   162.43000000   77.93000000   177.32000000   25.71646324   99.72185064   1.51832465   -0.68721395   
5.67000000   162.43000000   77.93000000   177.32000000   25.71318183   99.72546339   1.14637745   -0.65409047   
5.67000000   162.43000000   77.93000000   177.32000000   25.70455789   99.74392716   1.01920267   -0.75237669   
5.67000000   162.43000000   77.93000000   177.32000000   25.72736854   99.72685412   1.31180362   -0.71495835   
5.67000000   162.43000000   77.93000000   177.32000000   25.73251986   99.72192184   1.73399927   -0.73966772   
5.67000000   162.43000000   77.93000000   177.32000000   25.72216478   99.73412613   1.73293516   -0.63360622   
5.67000000   162.43000000   77.93000000   177.32000000   25.74592030   99.72466862   1.69968439   -0.37587861   
5.67000000   162.43000000   77.93000000   177.32000000   25.73288345   99.75755608   1.55010853   -0.44602817   
5.67000000   162.43000000   77.93000000   177.32000000   25.72143300   99.74960872   1.19034842   -0.28893055   
5.67000000   162.43000000   77.93000000   177.32000000   25.74797910   99.74419920   1.03237990   -0.35877486   
5.67000000   162.43000000   77.93000000   177.32000000   25.74082341   99.75451924   1.29815974   -0.15617018   
5.67000000   162.43000000   77.93000000   177.32000000   25.72695854   99.76799072   1.44724566   -0.12077148   
5.67000000   162.43000000   77.93000000   177.32000000   25.74294318   99.75078412   1.21862900   -0.05818322   
5.67000000   162.43000000   77.93000000   177.32000000   25.73294031   99.75087253   1.64992293   -0.10556038   
5.67000000   162.43000000   77.93000000   177.32000000   25.73895574   99.74910144   1.59519279   -0.23667111   
5.67000000   162.43000000   77.93000000   177.32000000   25.75061296   99.77911568   1.16320845   -0.16078108   
5.67000000   162.43000000   77.93000000   177.32000000   25.75628481   99.76697983   1.38722306   -0.41873521   
5.67000000   162.43000000   77.93000000   177.32000000   25.75808572   99.75666791   1.53780295   -0.38014827   
5.67000000   162.43000000   77.93000000   177.32000000   25.77152375   99.73722946   1.29481270   -0.31283415   
5.67000000   162.43000000   77.93000000   177.32000000   25.73655206   99.75822471   1.44968441   -0.22057399   
5.67000000   162.43000000   77.93000000   177.32000000   25.70139261   99.73671453   1.23257112   -0.38068517   
5.67000000   162.43000000   77.93000000   177.32000000   25.70795324   99.73112605   1.65543796   -0.57950065   
5.67000000   162.43000000   77.93000000   177.32000000   25.72417716   99.72279177   1.33361525   -0.68969461   
5.67000000   162.43000000   77.93000000   177.32000000   25.71608174   99.70929571   1.04511095   -0.71560425   
5.67000000   162.43000000   77.93000000   177.32000000   25.70275756   99.75138261   1.05129308   -0.58811843   
5.67000000   162.43000000   77.93000000   177.32000000   25.71812984   99.73812245   1.10110865   -0.58044461   
5.67000000   162.43000000   77.93000000   177.32000000   25.72313393   99.73455102   1.01585990   -0.46542528   
5.67000000   162.43000000   77.93000000   177.32000000   25.71666063   99.72980032   1.14976573   -0.50725653   
5.67000000   162.43000000   77.93000000   177.32000000   25.70714831   99.75394465   1.24605276   -0.52781894   
5.67000000   162.43000000   77.93000000   177.32000000   25.69934756   99.72996618   1.00977351   -0.62647175   
5.67000000   162.43000000   77.93000000   177.32000000   25.72124232   99.70214632   1.07659075   -0.57069606   
5.67000000   162.43000000   77.93000000   177.32000000   25.70079497   99.73309902   1.05859072   -0.59564271   
5.67000000   162.43000000   77.93000000   177.32000000   25.70449062   99.72532120   1.30804065   -0.62779515   
5.67000000   162.43000000   77.93000000   177.32000000   25.71362393   99.75597989   1.03364210   -0.69506413   
5.67000000   162.43000000   77.93000000   177.32000000   25.73461493   99.73267276   1.30914177   -0.85621953   
5.67000000   162.43000000   77.93000000   177.32000000   25.72885611   99.72412161   1.27449404   -0.74460020   
5.67000000   162.43000000   77.93000000   177.32000000   25.71784688   99.71134193   1.44765180   -0.88083867   
5.67000000   162.43000000   77.93000000   177.32000000   25.71228080   99.72928641   1.42863097   -0.61379384   
5.67000000   162.43000000   77.93000000   177.32000000   25.72701115   99.72689627   1.58386201   -0.48795036   
5.67000000   162.43000000   77.93000000   177.32000000   25.72091888   99.73012130   1.56180875   -0.51696847   
5.67000000   162.43000000   77.93000000   177.32000000   25.73947046   99.73992026   1.53940547   -0.61200022   
5.67000000   162.43000000   77.93000000   177.32000000   25.75292332   99.72452065   1.04397073   -0.74998741   
5.67000000   162.43000000   77.93000000   177.32000000   25.74719704   99.72703478   1.22910319   -0.59778325   
5.67000000   162.43000000   77.93000000   177.32000000   25.74876373   99.73890216   1.37526527   -0.48595946   
5.67000000   162.43000000   77.93000000   177.32000000   25.73400486   99.73626041   1.59401338   -0.54654388   
5.67000000   162.43000000   77.93000000   177.32000000   25.72593135   99.74024806   1.58649090   -0.51208362   
5.67000000   162.43000000   77.93000000   177.32000000   25.70435851   99.73458638   1.04722645   -0.39967747   
5.67000000   162.43000000   77.93000000   177.32000000   25.72542264   99.73844190   1.14144454   -0.46133111   
5.67000000   162.43000000   77.93000000   177.32000000   25.71687075   99.75434288   1.73648596   -0.65086635   
5.67000000   162.43000000   77.93000000   177.32000000   25.71788982   99.74335522   1.56379664   -0.77725273   
5.67000000   162.43000000   77.93000000   177.32000000   25.72246061   99.73757946   1.00773214   -0.76133030   
5.67000000   162.43000000   77.93000000   177.32000000   25.75667250   99.75259003   1.24236584   -0.69811527   
5.67000000   162.43000000   77.93000000   177.32000000   25.74965026   99.74122694   1.19861668   -0.71314667   
5.67000000   162.43000000   77.93000000   177.32000000   25.73062464   99.74446055   1.04459414   -0.67935050   
5.67000000   162.43000000   77.93000000   177.32000000   25.73372426   99.73957446   1.22978948   -0.74774480   
5.67000000   162.43000000   77.93000000   177.32000000   25.73181208   99.72213445   1.12075248   -0.71022217   
5.67000000   162.43000000   77.93000000   177.32000000   25.72739948   99.72438919   1.09610000   -0.73872040   
