1826.23188332   
1789.45940513   
1766.46100076   
1687.30837603   
1635.81479595   
1628.67723348   
1600.72044321   
1530.91784614   
1464.05599827   
1433.56655699   
1385.93308583   
1361.50196974   
1327.81863211   
1311.29241252   
1268.04589872   
1264.65408502   
1244.93519952   
1242.54441366   
1234.92606270   
1230.16111176   
1215.52994551   
1213.82281678   
1215.35706082   
1209.52294151   
1204.36447821   
1205.00195193   
1204.11412420   
1202.41984058   
1201.91965320   
1201.69088597   
1199.48730923   
1189.04561769   
1188.41684101   
1184.72062130   
1176.64439209   
1176.74088164   
1176.53066717   
1178.43353616   
1176.90050913   
1178.43796989   
1175.40734483   
1174.10778838   
1174.45459418   
1175.00142541   
1164.35688128   
1166.73851935   
1164.83727427   
1169.15235043   
1168.72585570   
1168.30175045   
1164.23273367   
1164.00460868   
1163.46802851   
1165.49849738   
1164.17108015   
1166.20051178   
1167.39873878   
1167.24957071   
1166.59100150   
1163.58777337   
1161.57212142   
1163.49303844   
1162.80290628   
1166.07938616   
1167.20819124   
1168.10174053   
1168.15582791   
1165.95149096   
1163.72703539   
1166.20067353   
1163.31766894   
1169.29879485   
1168.69654446   
1177.98580763   
1182.02357292   
1174.42115234   
1175.22329273   
1175.25855895   
1169.00927542   
1174.54708159   
1170.79876525   
1170.17097858   
1168.64626757   
1163.70398813   
1173.03965838   
1173.44456543   
1165.99553730   
1169.27867696   
1168.88738072   
1174.05100287   
1176.69232048   
1170.00989845   
1169.11661638   
1176.09664845   
1173.33100148   
1170.32925742   
1169.46781224   
1168.96025633   
1170.20127262   
1170.18216275   
1172.52224794   
1171.14326892   
1168.47169823   
1161.55275910   
1166.85305427   
1163.87802295   
1163.77201427   
1161.35762060   
1164.34873180   
1160.21148327   
1162.61161653   
1162.26840071   
1166.44714640   
1165.36012474   
1168.08196252   
1168.09564051   
1168.53242440   
1168.95743955   
1166.66520698   
1172.79341064   
1169.27518926   
1169.46989622   
1171.10757493   
1174.10837117   
1159.93814793   
1160.49241383   
1171.26699234   
1172.45089519   
1169.95745846   
1173.08645894   
1166.62128643   
1166.46179006   
1165.33064431   
1165.28404082   
1163.57593735   
1162.63130109   
1164.15637418   
1163.23112779   
1160.35785611   
1160.47887553   
1162.55885384   
1163.08634066   
1163.55770621   
1163.60812049   
1165.46260885   
1163.02290919   
1164.45096638   
1164.05349099   
1164.27477072   
1164.81867546   
1165.88117486   
1168.81256290   
1167.67596574   
1163.21419815   
1160.97675766   
1171.74775581   
1173.87159669   
1166.96771890   
1162.18442466   
1164.77437111   
