7.45000000   236.73000000   82.25000000   -47.96000000   25.52868282   99.93654734   5.40211770   -1.10474294   
7.45000000   236.73000000   82.25000000   -47.96000000   25.53037237   99.93211643   5.67578697   -0.96737570   
7.45000000   236.73000000   82.25000000   -47.96000000   25.49549557   99.90538513   5.46473979   -0.90794982   
7.45000000   236.73000000   82.25000000   -47.96000000   25.49689720   99.88956022   4.92354038   -0.95018828   
7.45000000   236.73000000   82.25000000   -47.96000000   25.52631244   99.89874260   4.54143107   -0.87495012   
7.45000000   236.73000000   82.25000000   -47.96000000   25.53268893   99.85597872   3.96928607   -0.78945465   
7.45000000   236.73000000   82.25000000   -47.96000000   25.55756358   99.85229593   4.88638782   -0.87278228   
7.45000000   236.73000000   82.25000000   -47.96000000   25.53305581   99.80673283   4.90191505   -0.81216853   
7.45000000   236.73000000   82.25000000   -47.96000000   25.56258242   99.79965922   5.40848232   -0.80720360   
7.45000000   236.73000000   82.25000000   -47.96000000   25.59850162   99.79968473   5.61898630   -0.87964127   
7.45000000   236.73000000   82.25000000   -47.96000000   25.60753636   99.77221803   5.83957441   -0.97979075   
7.45000000   236.73000000   82.25000000   -47.96000000   25.61387773   99.75311202   6.09664522   -0.95521925   
7.45000000   236.73000000   82.25000000   -47.96000000   25.62918504   99.77399832   6.39407879   -0.91585397   
7.45000000   236.73000000   82.25000000   -47.96000000   25.63101113   99.76336839   6.56702959   -0.74992110   
7.45000000   236.73000000   82.25000000   -47.96000000   25.63635706   99.73785546   6.82090633   -0.77866715   
7.45000000   236.73000000   82.25000000   -47.96000000   25.66698452   99.73185509   7.05079986   -0.92049708   
7.45000000   236.73000000   82.25000000   -47.96000000   25.70998358   99.73524577   7.44756646   -0.71551199   
7.45000000   236.73000000   82.25000000   -47.96000000   25.71437352   99.70486876   7.99076259   -0.64643077   
7.45000000   236.73000000   82.25000000   -47.96000000   25.75285049   99.73195397   8.83935371   -0.29324837   
7.45000000   236.73000000   82.25000000   -47.96000000   25.72406708   99.73161173   7.72427626   -0.35366293   
7.45000000   236.73000000   82.25000000   -47.96000000   25.73850017   99.72741289   7.01541345   -0.38771161   
7.45000000   236.73000000   82.25000000   -47.96000000   25.73789037   99.71758136   7.24799590   -0.24800767   
7.45000000   236.73000000   82.25000000   -47.96000000   25.75189532   99.72623812   7.08948923   -0.26615454   
7.45000000   236.73000000   82.25000000   -47.96000000   25.75924721   99.72564626   7.45945842   -0.18094292   
7.45000000   236.73000000   82.25000000   -47.96000000   25.74219913   99.72449918   7.17542457   -0.15910930   
7.45000000   236.73000000   82.25000000   -47.96000000   25.73077587   99.73495104   6.70474989   -0.12813603   
7.45000000   236.73000000   82.25000000   -47.96000000   25.75105707   99.73655666   5.58341250   0.03584651   
7.45000000   236.73000000   82.25000000   -47.96000000   25.75887020   99.73212313   5.94225099   0.08358735   
7.45000000   236.73000000   82.25000000   -47.96000000   25.73738844   99.72426162   6.16048336   0.01053775   
7.45000000   236.73000000   82.25000000   -47.96000000   25.76412711   99.72931195   5.41331803   -0.11767340   
7.45000000   236.73000000   82.25000000   -47.96000000   25.76290597   99.74077449   5.47291602   0.00951694   
7.45000000   236.73000000   82.25000000   -47.96000000   25.75748916   99.72477717   5.42562526   -0.00523748   
7.45000000   236.73000000   82.25000000   -47.96000000   25.75688982   99.70444495   5.32949087   -0.18944129   
7.45000000   236.73000000   82.25000000   -47.96000000   25.73180179   99.71170173   5.72662904   -0.10205823   
7.45000000   236.73000000   82.25000000   -47.96000000   25.75441518   99.70182866   6.30022372   -0.15186598   
7.45000000   236.73000000   82.25000000   -47.96000000   25.75414598   99.70683894   6.11852891   -0.05801790   
7.45000000   236.73000000   82.25000000   -47.96000000   25.77942739   99.72680659   5.96367937   -0.25946597   
7.45000000   236.73000000   82.25000000   -47.96000000   25.77820779   99.72077811   5.29820868   -0.40796901   
7.45000000   236.73000000   82.25000000   -47.96000000   25.79001974   99.70116214   4.63428815   -0.46067527   
7.45000000   236.73000000   82.25000000   -47.96000000   25.78882684   99.70301028   4.67846605   -0.51517454   
7.45000000   236.73000000   82.25000000   -47.96000000   25.77048639   99.70173429   4.45868533   -0.54384499   
7.45000000   236.73000000   82.25000000   -47.96000000   25.75357376   99.71891210   3.66723235   -0.59034797   
7.45000000   236.73000000   82.25000000   -47.96000000   25.75647003   99.71506549   3.19432519   -0.64965091   
7.45000000   236.73000000   82.25000000   -47.96000000   25.74705529   99.71784962   2.36303891   -0.65341655   
7.45000000   236.73000000   82.25000000   -47.96000000   25.73661949   99.73041961   2.73534194   -0.48336564   
7.45000000   236.73000000   82.25000000   -47.96000000   25.74410643   99.72761808   2.21115873   -0.50762775   
7.45000000   236.73000000   82.25000000   -47.96000000   25.75119372   99.74592167   1.27527929   -0.64173951   
7.45000000   236.73000000   82.25000000   -47.96000000   25.72133999   99.75082766   1.33852221   -0.54125430   
7.45000000   236.73000000   82.25000000   -47.96000000   25.72471532   99.75606266   1.30428751   -0.30725471   
7.45000000   236.73000000   82.25000000   -47.96000000   25.70943435   99.75563792   1.30382079   -0.26293709   
7.45000000   236.73000000   82.25000000   -47.96000000   25.71322701   99.74848179   1.06643672   -0.31373388   
7.45000000   236.73000000   82.25000000   -47.96000000   25.71469052   99.74375594   1.16086653   -0.43042558   
7.45000000   236.73000000   82.25000000   -47.96000000   25.73522852   99.73049535   1.16779087   -0.41046548   
7.45000000   236.73000000   82.25000000   -47.96000000   25.70812048   99.74046771   1.52682462   -0.46395032   
7.45000000   236.73000000   82.25000000   -47.96000000   25.70911441   99.72543846   1.06166097   -0.20963613   
7.45000000   236.73000000   82.25000000   -47.96000000   25.71115310   99.77052941   1.54723848   -0.02270499   
7.45000000   236.73000000   82.25000000   -47.96000000   25.70125379   99.75672058   1.37408359   -0.00228150   
7.45000000   236.73000000   82.25000000   -47.96000000   25.72908605   99.77496905   1.35240269   -0.00917035   
7.45000000   236.73000000   82.25000000   -47.96000000   25.72171651   99.77538407   1.56212008   0.04939965   
7.45000000   236.73000000   82.25000000   -47.96000000   25.70603904   99.75203846   1.22147922   0.07087724   
7.45000000   236.73000000   82.25000000   -47.96000000   25.72834595   99.76630007   1.20962816   0.04086069   
7.45000000   236.73000000   82.25000000   -47.96000000   25.71553597   99.74754642   1.20191438   0.11253102   
7.45000000   236.73000000   82.25000000   -47.96000000   25.69713800   99.75082226   1.10676638   0.21820532   
7.45000000   236.73000000   82.25000000   -47.96000000   25.75015300   99.74447490   1.07610429   0.06784391   
7.45000000   236.73000000   82.25000000   -47.96000000   25.73163283   99.74875687   1.62228629   -0.03471081   
7.45000000   236.73000000   82.25000000   -47.96000000   25.72786085   99.74307906   1.46233084   -0.30572404   
7.45000000   236.73000000   82.25000000   -47.96000000   25.72009311   99.76361918   1.64059892   -0.31715135   
7.45000000   236.73000000   82.25000000   -47.96000000   25.71741822   99.75141925   1.49690790   -0.35759573   
7.45000000   236.73000000   82.25000000   -47.96000000   25.71048589   99.74913150   1.33633310   -0.47520885   
7.45000000   236.73000000   82.25000000   -47.96000000   25.72138392   99.73538183   1.33425175   -0.38251376   
7.45000000   236.73000000   82.25000000   -47.96000000   25.73785364   99.75627120   1.65597579   -0.26104038   
7.45000000   236.73000000   82.25000000   -47.96000000   25.73709362   99.77524832   1.15502118   -0.20545322   
7.45000000   236.73000000   82.25000000   -47.96000000   25.73161439   99.77153726   1.33556711   -0.22258703   
7.45000000   236.73000000   82.25000000   -47.96000000   25.73439706   99.76849773   1.57772930   -0.20419114   
7.45000000   236.73000000   82.25000000   -47.96000000   25.72435483   99.77096362   1.70487086   -0.12198455   
7.45000000   236.73000000   82.25000000   -47.96000000   25.69058065   99.75711589   1.19840244   -0.25783553   
7.45000000   236.73000000   82.25000000   -47.96000000   25.70211414   99.77437541   1.54713819   -0.28062109   
7.45000000   236.73000000   82.25000000   -47.96000000   25.71245318   99.76559682   1.67177972   -0.18733992   
7.45000000   236.73000000   82.25000000   -47.96000000   25.72384082   99.74837128   1.78494918   -0.28287350   
7.45000000   236.73000000   82.25000000   -47.96000000   25.73612713   99.73517369   1.24016640   -0.24380967   
7.45000000   236.73000000   82.25000000   -47.96000000   25.75615392   99.73947820   1.24553200   -0.37609245   
7.45000000   236.73000000   82.25000000   -47.96000000   25.73305930   99.72504530   1.86616541   -0.43852773   
7.45000000   236.73000000   82.25000000   -47.96000000   25.72158947   99.75275094   1.85460030   -0.39125707   
7.45000000   236.73000000   82.25000000   -47.96000000   25.74140666   99.74431660   2.16067942   -0.24189042   
7.45000000   236.73000000   82.25000000   -47.96000000   25.73865637   99.74696751   1.19307247   -0.34117892   
7.45000000   236.73000000   82.25000000   -47.96000000   25.71372391   99.74019023   1.20547619   -0.42532500   
7.45000000   236.73000000   82.25000000   -47.96000000   25.71460370   99.75515441   1.01529132   -0.47571057   
7.45000000   236.73000000   82.25000000   -47.96000000   25.72598288   99.72156571   1.08424227   -0.64482575   
7.45000000   236.73000000   82.25000000   -47.96000000   25.71804705   99.73622161   1.13712058   -0.49447726   
7.45000000   236.73000000   82.25000000   -47.96000000   25.71598523   99.72547280   1.02693307   -0.46182976   
7.45000000   236.73000000   82.25000000   -47.96000000   25.72963006   99.73279431   1.19336574   -0.25788463   
7.45000000   236.73000000   82.25000000   -47.96000000   25.73202778   99.72829919   1.02311432   -0.34444957   
7.45000000   236.73000000   82.25000000   -47.96000000   25.74840895   99.72829851   1.54889531   -0.39265663   
7.45000000   236.73000000   82.25000000   -47.96000000   25.75660897   99.73663466   1.75246681   -0.29340197   
7.45000000   236.73000000   82.25000000   -47.96000000   25.73375646   99.73392544   1.73107347   -0.31141331   
7.45000000   236.73000000   82.25000000   -47.96000000   25.74158729   99.71546797   1.45408786   -0.30082297   
7.45000000   236.73000000   82.25000000   -47.96000000   25.71887810   99.72361560   1.99109909   -0.18441815   
7.45000000   236.73000000   82.25000000   -47.96000000   25.71406890   99.75199583   1.44636180   -0.08083449   
7.45000000   236.73000000   82.25000000   -47.96000000   25.72129442   99.74293447   1.35517785   0.02579047   
7.45000000   236.73000000   82.25000000   -47.96000000   25.70982692   99.76081369   1.04445869   0.16171706   
7.45000000   236.73000000   82.25000000   -47.96000000   25.72006156   99.76770861   1.09560380   0.08046418   
7.45000000   236.73000000   82.25000000   -47.96000000   25.73201850   99.75988096   1.41132003   0.02660833   
7.45000000   236.73000000   82.25000000   -47.96000000   25.72131445   99.77047579   1.56857941   -0.16006251   
7.45000000   236.73000000   82.25000000   -47.96000000   25.72804682   99.74631313   1.10519067   -0.21935878   
7.45000000   236.73000000   82.25000000   -47.96000000   25.71374013   99.76492513   1.03074473   -0.30260066   
7.45000000   236.73000000   82.25000000   -47.96000000   25.70235955   99.76558481   1.74499873   -0.33827866   
7.45000000   236.73000000   82.25000000   -47.96000000   25.71584717   99.76434483   1.28199195   -0.20819653   
7.45000000   236.73000000   82.25000000   -47.96000000   25.75590727   99.72874456   1.09175532   -0.28440069   
7.45000000   236.73000000   82.25000000   -47.96000000   25.74150921   99.73646776   1.46671689   -0.34779321   
7.45000000   236.73000000   82.25000000   -47.96000000   25.73904489   99.73873981   1.17634255   -0.42706658   
7.45000000   236.73000000   82.25000000   -47.96000000   25.72414031   99.73349828   1.06866153   -0.35502076   
7.45000000   236.73000000   82.25000000   -47.96000000   25.72928979   99.74250951   1.12182207   -0.41169044   
7.45000000   236.73000000   82.25000000   -47.96000000   25.74226409   99.74604778   1.17868523   -0.34244578   
7.45000000   236.73000000   82.25000000   -47.96000000   25.72568017   99.76012045   1.11916915   -0.19307401   
7.45000000   236.73000000   82.25000000   -47.96000000   25.71703377   99.75903869   1.22832870   -0.29734569   
7.45000000   236.73000000   82.25000000   -47.96000000   25.72156751   99.73572501   1.06566691   -0.28034845   
7.45000000   236.73000000   82.25000000   -47.96000000   25.74476254   99.72233778   1.21159215   -0.24677816   
7.45000000   236.73000000   82.25000000   -47.96000000   25.72413864   99.72238784   1.57577200   -0.30094695   
7.45000000   236.73000000   82.25000000   -47.96000000   25.72799433   99.76423802   1.82557939   -0.20356994   
7.45000000   236.73000000   82.25000000   -47.96000000   25.73578930   99.74640866   1.08018087   -0.19826617   
7.45000000   236.73000000   82.25000000   -47.96000000   25.70937408   99.75450482   1.28452246   -0.23623474   
7.45000000   236.73000000   82.25000000   -47.96000000   25.73927683   99.74271132   1.07217612   -0.44448158   
7.45000000   236.73000000   82.25000000   -47.96000000   25.73206559   99.74080786   1.34986239   -0.47097553   
7.45000000   236.73000000   82.25000000   -47.96000000   25.73517036   99.72954406   1.17519433   -0.44439955   
7.45000000   236.73000000   82.25000000   -47.96000000   25.72175378   99.72894149   1.62886540   -0.53616492   
7.45000000   236.73000000   82.25000000   -47.96000000   25.75156185   99.72108902   1.42287137   -0.39581468   
7.45000000   236.73000000   82.25000000   -47.96000000   25.75716204   99.71942236   1.58105803   -0.44913855   
7.45000000   236.73000000   82.25000000   -47.96000000   25.75253416   99.71601206   1.80148666   -0.37897777   
7.45000000   236.73000000   82.25000000   -47.96000000   25.75133840   99.74976532   1.62869177   -0.40667414   
7.45000000   236.73000000   82.25000000   -47.96000000   25.74147937   99.71150263   1.77301640   -0.48546986   
7.45000000   236.73000000   82.25000000   -47.96000000   25.75114771   99.73750039   1.99865546   -0.50003828   
7.45000000   236.73000000   82.25000000   -47.96000000   25.73948044   99.75505929   2.10565456   -0.38890318   
7.45000000   236.73000000   82.25000000   -47.96000000   25.72152547   99.77593471   1.41327963   -0.39816014   
7.45000000   236.73000000   82.25000000   -47.96000000   25.72912913   99.76634372   1.98498903   -0.33487114   
7.45000000   236.73000000   82.25000000   -47.96000000   25.72795290   99.72911679   1.43055411   -0.43215136   
7.45000000   236.73000000   82.25000000   -47.96000000   25.74606434   99.72765850   1.07467460   -0.31310328   
7.45000000   236.73000000   82.25000000   -47.96000000   25.72742669   99.74130832   1.40366999   -0.37612817   
7.45000000   236.73000000   82.25000000   -47.96000000   25.74908839   99.75898997   1.23522893   -0.38722380   
7.45000000   236.73000000   82.25000000   -47.96000000   25.72192651   99.76302763   1.26533062   -0.45325159   
7.45000000   236.73000000   82.25000000   -47.96000000   25.70467032   99.77601841   1.04804756   -0.48445720   
7.45000000   236.73000000   82.25000000   -47.96000000   25.70993550   99.75294029   1.39271927   -0.46949177   
7.45000000   236.73000000   82.25000000   -47.96000000   25.72787527   99.75775715   1.43863633   -0.45886901   
7.45000000   236.73000000   82.25000000   -47.96000000   25.72070650   99.73904425   1.33313891   -0.40923760   
7.45000000   236.73000000   82.25000000   -47.96000000   25.75646085   99.75398626   1.12082171   -0.46475941   
7.45000000   236.73000000   82.25000000   -47.96000000   25.73999011   99.75972154   1.35989243   -0.32144619   
7.45000000   236.73000000   82.25000000   -47.96000000   25.74227346   99.73387250   1.57253492   -0.41507232   
7.45000000   236.73000000   82.25000000   -47.96000000   25.73855268   99.74873526   1.58875498   -0.36555945   
7.45000000   236.73000000   82.25000000   -47.96000000   25.73123288   99.75107380   1.10919841   -0.27489382   
7.45000000   236.73000000   82.25000000   -47.96000000   25.71525287   99.75648651   1.25246025   -0.28117501   
7.45000000   236.73000000   82.25000000   -47.96000000   25.70925561   99.75832132   1.22943196   -0.33382817   
7.45000000   236.73000000   82.25000000   -47.96000000   25.73875414   99.72850965   1.46465884   -0.43059527   
7.45000000   236.73000000   82.25000000   -47.96000000   25.73697871   99.75729546   1.11290541   -0.49156107   
7.45000000   236.73000000   82.25000000   -47.96000000   25.73971491   99.73996045   1.34620803   -0.37783619   
7.45000000   236.73000000   82.25000000   -47.96000000   25.72541641   99.74678732   1.71875439   -0.33062400   
7.45000000   236.73000000   82.25000000   -47.96000000   25.70981308   99.74372909   1.68849594   -0.46104420   
7.45000000   236.73000000   82.25000000   -47.96000000   25.72225313   99.75416920   1.13076163   -0.48093122   
7.45000000   236.73000000   82.25000000   -47.96000000   25.71466275   99.76177457   1.44265519   -0.44752287   
7.45000000   236.73000000   82.25000000   -47.96000000   25.72001313   99.76545135   1.30911935   -0.44027410   
7.45000000   236.73000000   82.25000000   -47.96000000   25.72950748   99.75839525   1.43561025   -0.39976572   
7.45000000   236.73000000   82.25000000   -47.96000000   25.71610460   99.74940503   1.40697581   -0.55572484   
7.45000000   236.73000000   82.25000000   -47.96000000   25.72112502   99.77708051   1.12557555   -0.41311475   
7.45000000   236.73000000   82.25000000   -47.96000000   25.74003881   99.74694697   1.33334369   -0.38404736   
7.45000000   236.73000000   82.25000000   -47.96000000   25.75308387   99.74781533   1.88724646   -0.39232383   
7.45000000   236.73000000   82.25000000   -47.96000000   25.74004117   99.74624053   1.98842509   -0.35561950   
7.45000000   236.73000000   82.25000000   -47.96000000   25.72415518   99.72626416   2.15996519   -0.45453411   
7.45000000   236.73000000   82.25000000   -47.96000000   25.72227757   99.72796764   1.68401540   -0.64166016   
7.45000000   236.73000000   82.25000000   -47.96000000   25.71845154   99.73635872   1.41901855   -0.55828064   
7.45000000   236.73000000   82.25000000   -47.96000000   25.72266470   99.73940854   1.10959562   -0.58552040   
7.45000000   236.73000000   82.25000000   -47.96000000   25.73620214   99.74755468   1.33535372   -0.48544675   
7.45000000   236.73000000   82.25000000   -47.96000000   25.72886236   99.75010156   1.01059126   -0.49999071   
7.45000000   236.73000000   82.25000000   -47.96000000   25.74409871   99.73292097   1.02090416   -0.45913263   
7.45000000   236.73000000   82.25000000   -47.96000000   25.73759332   99.73573205   1.44628687   -0.47476053   
7.45000000   236.73000000   82.25000000   -47.96000000   25.72329290   99.75590762   1.77233957   -0.38316477   
7.45000000   236.73000000   82.25000000   -47.96000000   25.74273413   99.77676659   1.43231766   -0.45596496   
7.45000000   236.73000000   82.25000000   -47.96000000   25.75305578   99.75175570   1.41144174   -0.39695958   
7.45000000   236.73000000   82.25000000   -47.96000000   25.73655785   99.75140164   1.22654105   -0.31188266   
7.45000000   236.73000000   82.25000000   -47.96000000   25.74423111   99.74229623   1.07770190   -0.31355658   
7.45000000   236.73000000   82.25000000   -47.96000000   25.72332530   99.75983006   1.23242385   -0.24066078   
7.45000000   236.73000000   82.25000000   -47.96000000   25.70914549   99.76048705   1.08904333   -0.34854047   
7.45000000   236.73000000   82.25000000   -47.96000000   25.72417927   99.77046149   1.22583106   -0.26579121   
7.45000000   236.73000000   82.25000000   -47.96000000   25.74880870   99.75197027   1.19802922   -0.35517250   
7.45000000   236.73000000   82.25000000   -47.96000000   25.73692571   99.73699512   1.11054307   -0.42366489   
7.45000000   236.73000000   82.25000000   -47.96000000   25.75205163   99.73946007   1.12096861   -0.30300057   
7.45000000   236.73000000   82.25000000   -47.96000000   25.70628501   99.75033756   1.64789595   -0.18083737   
7.45000000   236.73000000   82.25000000   -47.96000000   25.72231808   99.74049235   1.13106001   -0.18668057   
7.45000000   236.73000000   82.25000000   -47.96000000   25.73248094   99.72941008   1.40108920   -0.26081336   
7.45000000   236.73000000   82.25000000   -47.96000000   25.73046294   99.73306868   2.19557608   -0.34123380   
7.45000000   236.73000000   82.25000000   -47.96000000   25.71161201   99.74218300   1.01738532   -0.54918059   
7.45000000   236.73000000   82.25000000   -47.96000000   25.74356989   99.73278908   1.20292505   -0.59760203   
7.45000000   236.73000000   82.25000000   -47.96000000   25.74491980   99.71893211   1.18321193   -0.56228703   
7.45000000   236.73000000   82.25000000   -47.96000000   25.72884966   99.74164034   1.36748161   -0.72577390   
7.45000000   236.73000000   82.25000000   -47.96000000   25.73490621   99.74089856   1.55170845   -0.67867072   
7.45000000   236.73000000   82.25000000   -47.96000000   25.73015108   99.74564139   1.69663842   -0.70417475   
7.45000000   236.73000000   82.25000000   -47.96000000   25.73423876   99.73158542   1.55827447   -0.78495930   
7.45000000   236.73000000   82.25000000   -47.96000000   25.73841558   99.73333256   1.01051501   -0.73528434   
7.45000000   236.73000000   82.25000000   -47.96000000   25.72631570   99.73513800   1.13236174   -0.72149561   
7.45000000   236.73000000   82.25000000   -47.96000000   25.72655030   99.75822124   1.10957405   -0.64434661   
7.45000000   236.73000000   82.25000000   -47.96000000   25.71195274   99.75155542   1.58905912   -0.57487799   
7.45000000   236.73000000   82.25000000   -47.96000000   25.71300051   99.74238969   2.08870839   -0.58567692   
7.45000000   236.73000000   82.25000000   -47.96000000   25.71540210   99.75713491   1.62446127   -0.55195227   
7.45000000   236.73000000   82.25000000   -47.96000000   25.70942752   99.74618201   1.24776441   -0.69811729   
7.45000000   236.73000000   82.25000000   -47.96000000   25.73468886   99.73757220   1.17891931   -0.79664073   
7.45000000   236.73000000   82.25000000   -47.96000000   25.73165535   99.73574553   1.40877317   -0.87131848   
7.45000000   236.73000000   82.25000000   -47.96000000   25.75398137   99.73539817   1.62452367   -0.71696577   
7.45000000   236.73000000   82.25000000   -47.96000000   25.72418692   99.71965412   1.69200614   -0.78071311   
7.45000000   236.73000000   82.25000000   -47.96000000   25.73205170   99.71331132   1.20376368   -0.83803914   
7.45000000   236.73000000   82.25000000   -47.96000000   25.73225643   99.73401807   1.25871129   -0.81916590   
7.45000000   236.73000000   82.25000000   -47.96000000   25.72335779   99.73853835   1.32993490   -0.81650003   
7.45000000   236.73000000   82.25000000   -47.96000000   25.71799761   99.72989000   1.53662627   -0.72241744   
7.45000000   236.73000000   82.25000000   -47.96000000   25.70211596   99.73897198   1.07174463   -0.71030453   
7.45000000   236.73000000   82.25000000   -47.96000000   25.71593359   99.73264370   1.18041408   -0.67015012   
7.45000000   236.73000000   82.25000000   -47.96000000   25.72571631   99.72353048   1.01472634   -0.64985512   
7.45000000   236.73000000   82.25000000   -47.96000000   25.72762478   99.74596654   1.59558310   -0.63569821   
7.45000000   236.73000000   82.25000000   -47.96000000   25.74167270   99.75237515   1.64804962   -0.56893996   
7.45000000   236.73000000   82.25000000   -47.96000000   25.73663529   99.75928337   1.39792582   -0.59437939   
7.45000000   236.73000000   82.25000000   -47.96000000   25.75124344   99.74774616   1.35496104   -0.49612297   
7.45000000   236.73000000   82.25000000   -47.96000000   25.75433967   99.73709067   1.07593817   -0.53630339   
7.45000000   236.73000000   82.25000000   -47.96000000   25.72737627   99.74366350   1.08795864   -0.50405036   
7.45000000   236.73000000   82.25000000   -47.96000000   25.73050269   99.74026977   1.19542074   -0.33496441   
7.45000000   236.73000000   82.25000000   -47.96000000   25.72852133   99.76522968   1.05920100   -0.27533314   
7.45000000   236.73000000   82.25000000   -47.96000000   25.73978109   99.76095869   1.52426047   -0.36906466   
7.45000000   236.73000000   82.25000000   -47.96000000   25.74561164   99.74900864   1.00708060   -0.31162290   
7.45000000   236.73000000   82.25000000   -47.96000000   25.73371466   99.73205626   2.01446290   -0.42182531   
7.45000000   236.73000000   82.25000000   -47.96000000   25.75400530   99.73980280   1.92406800   -0.43765356   
7.45000000   236.73000000   82.25000000   -47.96000000   25.75471960   99.72266118   1.75424706   -0.37981838   
7.45000000   236.73000000   82.25000000   -47.96000000   25.72739010   99.72355464   1.63954336   -0.58046588   
7.45000000   236.73000000   82.25000000   -47.96000000   25.71586670   99.73254443   1.84985499   -0.63886531   
7.45000000   236.73000000   82.25000000   -47.96000000   25.73000047   99.73916667   1.77088605   -0.63481830   
7.45000000   236.73000000   82.25000000   -47.96000000   25.73449085   99.72093586   1.11569379   -0.63106660   
7.45000000   236.73000000   82.25000000   -47.96000000   25.72127721   99.73225788   1.02839952   -0.62057832   
7.45000000   236.73000000   82.25000000   -47.96000000   25.73670637   99.73123726   1.00698609   -0.75214979   
7.45000000   236.73000000   82.25000000   -47.96000000   25.74458182   99.74368598   1.26461322   -0.77397720   
7.45000000   236.73000000   82.25000000   -47.96000000   25.73511584   99.72457201   1.35803007   -0.75216570   
7.45000000   236.73000000   82.25000000   -47.96000000   25.72883794   99.71788011   1.69153222   -0.77195859   
7.45000000   236.73000000   82.25000000   -47.96000000   25.72482198   99.71514655   1.02034435   -0.82327394   
7.45000000   236.73000000   82.25000000   -47.96000000   25.76514993   99.72401986   1.20479184   -0.88537670   
7.45000000   236.73000000   82.25000000   -47.96000000   25.75116311   99.73143880   1.11183392   -0.84261816   
7.45000000   236.73000000   82.25000000   -47.96000000   25.73211936   99.73549061   1.08476005   -0.79356215   
7.45000000   236.73000000   82.25000000   -47.96000000   25.74506407   99.74155886   1.12039959   -0.74236197   
7.45000000   236.73000000   82.25000000   -47.96000000   25.73049756   99.73450862   1.05310252   -0.73874451   
7.45000000   236.73000000   82.25000000   -47.96000000   25.72282501   99.71514648   1.01376995   -0.74142929   
7.45000000   236.73000000   82.25000000   -47.96000000   25.72781393   99.71469443   1.29108937   -0.66509617   
7.45000000   236.73000000   82.25000000   -47.96000000   25.73876642   99.73174979   1.51068030   -0.67169723   
7.45000000   236.73000000   82.25000000   -47.96000000   25.73623037   99.71413326   1.45600170   -0.55226382   
7.45000000   236.73000000   82.25000000   -47.96000000   25.74258227   99.70562828   1.28285795   -0.59823204   
7.45000000   236.73000000   82.25000000   -47.96000000   25.74742845   99.70992783   1.94124068   -0.42427534   
7.45000000   236.73000000   82.25000000   -47.96000000   25.73558204   99.72642898   1.99320480   -0.18055758   
7.45000000   236.73000000   82.25000000   -47.96000000   25.73873547   99.74653425   1.88496523   -0.17708105   
7.45000000   236.73000000   82.25000000   -47.96000000   25.70286639   99.74794500   1.71485287   -0.18950382   
7.45000000   236.73000000   82.25000000   -47.96000000   25.71426650   99.74342498   1.97240217   -0.19735044   
7.45000000   236.73000000   82.25000000   -47.96000000   25.72297802   99.74775463   1.63147343   -0.32682173   
7.45000000   236.73000000   82.25000000   -47.96000000   25.72412142   99.73196591   1.87483377   -0.33578000   
7.45000000   236.73000000   82.25000000   -47.96000000   25.73250927   99.75448725   1.26730220   -0.26546879   
7.45000000   236.73000000   82.25000000   -47.96000000   25.74544569   99.75411361   1.57941019   -0.22029939   
7.45000000   236.73000000   82.25000000   -47.96000000   25.74452650   99.70752317   1.19683828   -0.25284262   
7.45000000   236.73000000   82.25000000   -47.96000000   25.70851547   99.73476638   1.32091447   -0.38800325   
7.45000000   236.73000000   82.25000000   -47.96000000   25.72735633   99.73691870   1.17531275   -0.21007973   
7.45000000   236.73000000   82.25000000   -47.96000000   25.72843726   99.72868646   1.42709080   -0.24894605   
7.45000000   236.73000000   82.25000000   -47.96000000   25.74601365   99.72558431   1.46571191   -0.34768633   
7.45000000   236.73000000   82.25000000   -47.96000000   25.75502426   99.73016806   1.48632077   -0.46057033   
7.45000000   236.73000000   82.25000000   -47.96000000   25.74122919   99.73575866   1.50325687   -0.51277039   
7.45000000   236.73000000   82.25000000   -47.96000000   25.73969331   99.73377719   1.04600689   -0.66554502   
7.45000000   236.73000000   82.25000000   -47.96000000   25.72500336   99.73164335   1.11585221   -0.62214318   
7.45000000   236.73000000   82.25000000   -47.96000000   25.72508632   99.74054534   1.24711289   -0.52462752   
7.45000000   236.73000000   82.25000000   -47.96000000   25.71840339   99.73077735   1.10550262   -0.43628399   
7.45000000   236.73000000   82.25000000   -47.96000000   25.74805026   99.72794746   1.53357147   -0.38518886   
7.45000000   236.73000000   82.25000000   -47.96000000   25.73156448   99.72778693   1.30261931   -0.33035787   
7.45000000   236.73000000   82.25000000   -47.96000000   25.72473389   99.73937541   1.18589940   -0.37935561   
7.45000000   236.73000000   82.25000000   -47.96000000   25.71762638   99.73360797   1.20413078   -0.31996768   
7.45000000   236.73000000   82.25000000   -47.96000000   25.74693597   99.75212568   1.62104042   -0.43266720   
7.45000000   236.73000000   82.25000000   -47.96000000   25.70931116   99.74680777   1.95293200   -0.25704621   
7.45000000   236.73000000   82.25000000   -47.96000000   25.71241163   99.74200952   2.23852063   -0.41113056   
7.45000000   236.73000000   82.25000000   -47.96000000   25.72801007   99.72487729   1.92766051   -0.41992646   
7.45000000   236.73000000   82.25000000   -47.96000000   25.73167513   99.73023866   1.24604345   -0.58688507   
7.45000000   236.73000000   82.25000000   -47.96000000   25.71977729   99.77002403   1.13256140   -0.54151993   
7.45000000   236.73000000   82.25000000   -47.96000000   25.71291072   99.75260214   1.56477249   -0.44144718   
7.45000000   236.73000000   82.25000000   -47.96000000   25.74138775   99.77047445   1.80814883   -0.55746181   
7.45000000   236.73000000   82.25000000   -47.96000000   25.74731440   99.76140547   1.70510808   -0.52100526   
7.45000000   236.73000000   82.25000000   -47.96000000   25.76165868   99.75166167   1.50951110   -0.62266111   
7.45000000   236.73000000   82.25000000   -47.96000000   25.75510118   99.72050032   1.65080450   -0.79452243   
7.45000000   236.73000000   82.25000000   -47.96000000   25.73920509   99.71147323   1.66890890   -0.79244141   
7.45000000   236.73000000   82.25000000   -47.96000000   25.74388638   99.71451806   1.42225071   -0.79630008   
7.45000000   236.73000000   82.25000000   -47.96000000   25.71418208   99.72872110   1.20598227   -0.76348505   
7.45000000   236.73000000   82.25000000   -47.96000000   25.70950638   99.74740258   1.55251774   -0.60306864   
7.45000000   236.73000000   82.25000000   -47.96000000   25.72112850   99.74860777   1.55663260   -0.52753697   
7.45000000   236.73000000   82.25000000   -47.96000000   25.72460286   99.73934145   1.54835419   -0.43815896   
7.45000000   236.73000000   82.25000000   -47.96000000   25.71680843   99.73754386   1.02988485   -0.39094587   
7.45000000   236.73000000   82.25000000   -47.96000000   25.71102508   99.72318214   1.05301017   -0.46328184   
7.45000000   236.73000000   82.25000000   -47.96000000   25.72145784   99.74805823   1.39737455   -0.46960275   
7.45000000   236.73000000   82.25000000   -47.96000000   25.73322525   99.73377546   1.47901076   -0.48421178   
7.45000000   236.73000000   82.25000000   -47.96000000   25.75784715   99.73589651   1.66054944   -0.49067495   
7.45000000   236.73000000   82.25000000   -47.96000000   25.75030082   99.72029234   1.69109407   -0.42400560   
7.45000000   236.73000000   82.25000000   -47.96000000   25.71995785   99.71211744   1.84483247   -0.49330361   
7.45000000   236.73000000   82.25000000   -47.96000000   25.75896497   99.71607305   1.46604026   -0.32185265   
7.45000000   236.73000000   82.25000000   -47.96000000   25.75692945   99.71760955   1.35897988   -0.23196345   
7.45000000   236.73000000   82.25000000   -47.96000000   25.75761122   99.73447717   1.32541196   -0.26278054   
7.45000000   236.73000000   82.25000000   -47.96000000   25.73944448   99.73578287   1.35574840   -0.33315997   
7.45000000   236.73000000   82.25000000   -47.96000000   25.72311634   99.71727288   2.66523524   -0.21986456   
7.45000000   236.73000000   82.25000000   -47.96000000   25.73311373   99.72967857   2.30429729   -0.23127403   
7.45000000   236.73000000   82.25000000   -47.96000000   25.74478319   99.71662721   2.05481515   -0.45029427   
7.45000000   236.73000000   82.25000000   -47.96000000   25.74898354   99.74988860   2.70256452   -0.37240278   
7.45000000   236.73000000   82.25000000   -47.96000000   25.74456277   99.74239756   2.50981921   -0.45741599   
7.45000000   236.73000000   82.25000000   -47.96000000   25.68544198   99.74019905   1.14152063   -0.36108701   
7.45000000   236.73000000   82.25000000   -47.96000000   25.71308073   99.75246473   1.88144176   -0.32419927   
7.45000000   236.73000000   82.25000000   -47.96000000   25.72036109   99.76534153   1.42911811   -0.44505187   
7.45000000   236.73000000   82.25000000   -47.96000000   25.73525281   99.78850615   1.24411678   -0.37678427   
7.45000000   236.73000000   82.25000000   -47.96000000   25.71906892   99.74959547   1.28242321   -0.46779575   
7.45000000   236.73000000   82.25000000   -47.96000000   25.74277135   99.75651593   1.19235433   -0.46401044   
7.45000000   236.73000000   82.25000000   -47.96000000   25.72776135   99.72351664   1.62268831   -0.51010348   
7.45000000   236.73000000   82.25000000   -47.96000000   25.73148889   99.73741540   1.32929943   -0.49955083   
7.45000000   236.73000000   82.25000000   -47.96000000   25.73594058   99.75446733   1.50048702   -0.47872437   
7.45000000   236.73000000   82.25000000   -47.96000000   25.73067309   99.73889039   1.92272301   -0.39503295   
7.45000000   236.73000000   82.25000000   -47.96000000   25.72803324   99.74090830   1.36916203   -0.53403181   
7.45000000   236.73000000   82.25000000   -47.96000000   25.71517984   99.72735512   1.09706560   -0.40725874   
7.45000000   236.73000000   82.25000000   -47.96000000   25.71742050   99.75524878   1.32553625   -0.37820429   
7.45000000   236.73000000   82.25000000   -47.96000000   25.73848126   99.75239403   1.66140059   -0.47319368   
7.45000000   236.73000000   82.25000000   -47.96000000   25.74716645   99.73436291   1.70927293   -0.57332286   
7.45000000   236.73000000   82.25000000   -47.96000000   25.73937351   99.72659344   1.33534082   -0.32085771   
7.45000000   236.73000000   82.25000000   -47.96000000   25.73515372   99.74941160   1.04395688   -0.28285375   
7.45000000   236.73000000   82.25000000   -47.96000000   25.72973968   99.74615724   1.83692787   -0.32291928   
7.45000000   236.73000000   82.25000000   -47.96000000   25.73485874   99.72978863   2.69729054   -0.36453022   
7.45000000   236.73000000   82.25000000   -47.96000000   25.73031397   99.73690564   2.42293958   -0.48345424   
7.45000000   236.73000000   82.25000000   -47.96000000   25.74938907   99.73551229   2.14632274   -0.48613710   
7.45000000   236.73000000   82.25000000   -47.96000000   25.74041598   99.75139392   2.00601045   -0.44827440   
7.45000000   236.73000000   82.25000000   -47.96000000   25.74779867   99.74413539   1.68707450   -0.31403781   
7.45000000   236.73000000   82.25000000   -47.96000000   25.76276114   99.75451170   2.10951149   -0.43127436   
7.45000000   236.73000000   82.25000000   -47.96000000   25.75554270   99.75909248   2.10862880   -0.50208391   
7.45000000   236.73000000   82.25000000   -47.96000000   25.74796164   99.75204068   2.52752483   -0.48608362   
7.45000000   236.73000000   82.25000000   -47.96000000   25.74189466   99.75913412   2.32076602   -0.42468831   
7.45000000   236.73000000   82.25000000   -47.96000000   25.72667412   99.71496083   2.23287230   -0.39706814   
7.45000000   236.73000000   82.25000000   -47.96000000   25.74182208   99.71439946   1.26434258   -0.47894416   
7.45000000   236.73000000   82.25000000   -47.96000000   25.73663778   99.74394126   1.74045797   -0.51574539   
7.45000000   236.73000000   82.25000000   -47.96000000   25.73362127   99.73386936   1.49926527   -0.51465002   
7.45000000   236.73000000   82.25000000   -47.96000000   25.74147767   99.74205667   1.57991971   -0.48596222   
7.45000000   236.73000000   82.25000000   -47.96000000   25.71203193   99.75182265   1.42248657   -0.60373680   
7.45000000   236.73000000   82.25000000   -47.96000000   25.72665093   99.74217599   1.48592988   -0.60099893   
7.45000000   236.73000000   82.25000000   -47.96000000   25.72284256   99.73832901   1.02558140   -0.72585828   
7.45000000   236.73000000   82.25000000   -47.96000000   25.74504675   99.73941004   1.08565903   -0.85310665   
7.45000000   236.73000000   82.25000000   -47.96000000   25.73021837   99.74815105   1.06198309   -1.00871682   
7.45000000   236.73000000   82.25000000   -47.96000000   25.72386303   99.73920892   1.09011736   -0.92186990   
7.45000000   236.73000000   82.25000000   -47.96000000   25.72439884   99.71722367   1.02552051   -0.85654189   
7.45000000   236.73000000   82.25000000   -47.96000000   25.72126347   99.71529289   1.06086010   -0.98165625   
7.45000000   236.73000000   82.25000000   -47.96000000   25.75333325   99.71598536   1.02901769   -1.09128922   
7.45000000   236.73000000   82.25000000   -47.96000000   25.75455256   99.71121117   1.02880613   -0.98101171   
7.45000000   236.73000000   82.25000000   -47.96000000   25.74477613   99.72401834   1.09608709   -0.93917650   
7.45000000   236.73000000   82.25000000   -47.96000000   25.75545916   99.71595552   1.14617080   -0.85634063   
7.45000000   236.73000000   82.25000000   -47.96000000   25.73804018   99.71442249   1.10774895   -0.99348088   
7.45000000   236.73000000   82.25000000   -47.96000000   25.74172496   99.70330886   1.22758920   -1.01643735   
7.45000000   236.73000000   82.25000000   -47.96000000   25.71651560   99.71232295   1.51849621   -1.00803785   
7.45000000   236.73000000   82.25000000   -47.96000000   25.70082307   99.73507832   1.11548727   -0.97574689   
7.45000000   236.73000000   82.25000000   -47.96000000   25.71001523   99.72881365   1.18769675   -0.84130012   
7.45000000   236.73000000   82.25000000   -47.96000000   25.72714553   99.72625839   1.56884115   -0.80924202   
7.45000000   236.73000000   82.25000000   -47.96000000   25.75541546   99.70380757   1.97555271   -0.83341760   
7.45000000   236.73000000   82.25000000   -47.96000000   25.75919644   99.76241634   1.72612378   -0.79620796   
7.45000000   236.73000000   82.25000000   -47.96000000   25.76755645   99.75557157   1.78628575   -0.52388108   
7.45000000   236.73000000   82.25000000   -47.96000000   25.74022199   99.76499461   2.10210078   -0.40315916   
7.45000000   236.73000000   82.25000000   -47.96000000   25.75426345   99.76715776   1.16499798   -0.37591195   
7.45000000   236.73000000   82.25000000   -47.96000000   25.72441760   99.76348074   1.29216479   -0.41384689   
7.45000000   236.73000000   82.25000000   -47.96000000   25.75686151   99.76102389   1.33674941   -0.48281247   
7.45000000   236.73000000   82.25000000   -47.96000000   25.76207231   99.76074643   1.23169854   -0.52290098   
7.45000000   236.73000000   82.25000000   -47.96000000   25.73956742   99.75575189   1.51465891   -0.50915434   
7.45000000   236.73000000   82.25000000   -47.96000000   25.72768023   99.73910869   2.17783935   -0.46265053   
7.45000000   236.73000000   82.25000000   -47.96000000   25.73179120   99.75621849   2.12160967   -0.50277357   
7.45000000   236.73000000   82.25000000   -47.96000000   25.74364342   99.73957902   2.47757266   -0.56032586   
7.45000000   236.73000000   82.25000000   -47.96000000   25.72925973   99.74141625   2.45497474   -0.52451292   
7.45000000   236.73000000   82.25000000   -47.96000000   25.72975790   99.73828025   2.56102479   -0.43434563   
7.45000000   236.73000000   82.25000000   -47.96000000   25.72990588   99.75138745   2.15044951   -0.27825126   
7.45000000   236.73000000   82.25000000   -47.96000000   25.73150856   99.75126441   1.72092425   -0.36451308   
7.45000000   236.73000000   82.25000000   -47.96000000   25.73375071   99.75143560   2.17545917   -0.46529163   
7.45000000   236.73000000   82.25000000   -47.96000000   25.72468380   99.73768227   1.92962946   -0.35294709   
7.45000000   236.73000000   82.25000000   -47.96000000   25.73329972   99.75943738   1.25825870   -0.28841678   
7.45000000   236.73000000   82.25000000   -47.96000000   25.75260933   99.75084734   1.10083751   -0.29382355   
7.45000000   236.73000000   82.25000000   -47.96000000   25.73213445   99.77125862   1.10600705   -0.22509421   
7.45000000   236.73000000   82.25000000   -47.96000000   25.73523400   99.76367707   1.22237161   -0.15148995   
7.45000000   236.73000000   82.25000000   -47.96000000   25.75013511   99.75082306   1.02117931   -0.16637632   
7.45000000   236.73000000   82.25000000   -47.96000000   25.73500651   99.73054128   1.26339140   -0.20698727   
7.45000000   236.73000000   82.25000000   -47.96000000   25.72769079   99.75010945   1.49214789   -0.19531313   
7.45000000   236.73000000   82.25000000   -47.96000000   25.70994815   99.76689604   1.04867917   -0.17545789   
7.45000000   236.73000000   82.25000000   -47.96000000   25.71609540   99.74648670   1.09105117   -0.18472482   
7.45000000   236.73000000   82.25000000   -47.96000000   25.72306259   99.74016812   1.24603011   -0.19560282   
7.45000000   236.73000000   82.25000000   -47.96000000   25.73203815   99.73933107   1.09595362   -0.24458168   
7.45000000   236.73000000   82.25000000   -47.96000000   25.73926624   99.73120938   1.64995957   -0.18571154   
7.45000000   236.73000000   82.25000000   -47.96000000   25.73851328   99.74098694   1.45918061   -0.21669057   
7.45000000   236.73000000   82.25000000   -47.96000000   25.72505101   99.72833210   1.70014164   -0.27262711   
7.45000000   236.73000000   82.25000000   -47.96000000   25.74625258   99.73759398   2.10880209   -0.28129245   
7.45000000   236.73000000   82.25000000   -47.96000000   25.73720662   99.74589661   1.59277586   -0.37034556   
7.45000000   236.73000000   82.25000000   -47.96000000   25.74299742   99.74168882   2.11531572   -0.41601523   
7.45000000   236.73000000   82.25000000   -47.96000000   25.75338311   99.74303715   1.71574485   -0.29528537   
7.45000000   236.73000000   82.25000000   -47.96000000   25.72352596   99.75707773   1.53682329   -0.23089617   
7.45000000   236.73000000   82.25000000   -47.96000000   25.69893457   99.74695752   1.04395480   -0.18033339   
7.45000000   236.73000000   82.25000000   -47.96000000   25.70414767   99.77129882   1.40792052   -0.35843211   
7.45000000   236.73000000   82.25000000   -47.96000000   25.71871567   99.78842351   1.05232001   -0.30718440   
7.45000000   236.73000000   82.25000000   -47.96000000   25.75213163   99.75449560   1.51068926   -0.38192358   
7.45000000   236.73000000   82.25000000   -47.96000000   25.76363099   99.73919490   1.12440787   -0.39152144   
7.45000000   236.73000000   82.25000000   -47.96000000   25.75388566   99.75935974   1.06463068   -0.36549158   
7.45000000   236.73000000   82.25000000   -47.96000000   25.76748545   99.75274439   1.17765009   -0.37807558   
7.45000000   236.73000000   82.25000000   -47.96000000   25.73398890   99.75244277   1.94146821   -0.39998573   
7.45000000   236.73000000   82.25000000   -47.96000000   25.75050488   99.73758280   1.68472077   -0.35281455   
7.45000000   236.73000000   82.25000000   -47.96000000   25.73942711   99.74864597   1.81167042   -0.35882532   
7.45000000   236.73000000   82.25000000   -47.96000000   25.74436545   99.72731456   2.39620047   -0.39715850   
7.45000000   236.73000000   82.25000000   -47.96000000   25.75574188   99.73796869   2.14158472   -0.40303161   
7.45000000   236.73000000   82.25000000   -47.96000000   25.74737647   99.74506646   2.46739867   -0.40165711   
7.45000000   236.73000000   82.25000000   -47.96000000   25.75940949   99.73927809   2.50451769   -0.23060888   
7.45000000   236.73000000   82.25000000   -47.96000000   25.72211054   99.75959790   1.92061466   -0.28277404   
7.45000000   236.73000000   82.25000000   -47.96000000   25.73412636   99.74669353   2.09087941   -0.20352691   
7.45000000   236.73000000   82.25000000   -47.96000000   25.72490263   99.75395713   1.88202385   -0.25384724   
7.45000000   236.73000000   82.25000000   -47.96000000   25.71832989   99.76519274   1.58212442   -0.21848397   
7.45000000   236.73000000   82.25000000   -47.96000000   25.74789142   99.77089120   1.44478580   -0.30316943   
7.45000000   236.73000000   82.25000000   -47.96000000   25.72112028   99.78150249   1.18898346   -0.23726033   
7.45000000   236.73000000   82.25000000   -47.96000000   25.73479673   99.77195142   1.24681111   -0.17750283   
7.45000000   236.73000000   82.25000000   -47.96000000   25.73486252   99.75807376   1.54345687   -0.14154156   
7.45000000   236.73000000   82.25000000   -47.96000000   25.74143269   99.73135597   1.64681384   -0.11019450   
7.45000000   236.73000000   82.25000000   -47.96000000   25.70756199   99.74091763   1.62742511   -0.03911271   
7.45000000   236.73000000   82.25000000   -47.96000000   25.73688709   99.76221221   1.79143645   -0.10448239   
7.45000000   236.73000000   82.25000000   -47.96000000   25.72120579   99.76106984   2.10625325   -0.17145909   
7.45000000   236.73000000   82.25000000   -47.96000000   25.72009506   99.75904120   2.14210739   -0.24473874   
7.45000000   236.73000000   82.25000000   -47.96000000   25.71097702   99.77071703   1.58844611   -0.18110637   
7.45000000   236.73000000   82.25000000   -47.96000000   25.70790775   99.73966550   1.90772099   -0.12068554   
7.45000000   236.73000000   82.25000000   -47.96000000   25.71091727   99.75043673   2.41540585   -0.07671040   
7.45000000   236.73000000   82.25000000   -47.96000000   25.70923581   99.75347206   1.76867177   -0.00449743   
7.45000000   236.73000000   82.25000000   -47.96000000   25.69301365   99.76790295   1.73980301   0.12033901   
7.45000000   236.73000000   82.25000000   -47.96000000   25.70652522   99.73982248   1.22250259   -0.17233273   
7.45000000   236.73000000   82.25000000   -47.96000000   25.70247421   99.75263927   1.06769596   -0.26924386   
7.45000000   236.73000000   82.25000000   -47.96000000   25.73170314   99.74009720   1.34114297   -0.27261435   
