1950.60624045   
1818.89415912   
1789.05494854   
1834.56717298   
1643.09324449   
1698.92996982   
1671.97123549   
1650.94016804   
1652.50615489   
1552.83785299   
1520.32994179   
1537.35421647   
1486.09645421   
1520.98704756   
1508.03199819   
1463.75741968   
1462.47016435   
1473.20545155   
1345.62098499   
1431.51039404   
1347.92397841   
1358.45441680   
1408.61829110   
1288.25242750   
1255.21122482   
1319.72919719   
1254.11556124   
1316.98287212   
1346.84923393   
1360.61506685   
1215.96175526   
1205.86550798   
1225.72602068   
1242.84013635   
1219.11025554   
1214.19981861   
1202.66121930   
1219.67447416   
1206.54481564   
1204.37972118   
1206.39734571   
1238.54738319   
1210.85543741   
1194.17622428   
1198.12566485   
1219.03297544   
1210.05925349   
1207.71103602   
1197.14633995   
1199.61647715   
1203.54954939   
1193.99065028   
1194.25674337   
1211.11724061   
1195.19430868   
1214.98350235   
1199.80851043   
1225.67898429   
1214.53063411   
1218.26106107   
1208.87903447   
1209.48940516   
1213.90773982   
1225.06573661   
1198.96964231   
1214.72981779   
1202.50195667   
1247.58903213   
1197.75322511   
1232.55434035   
1191.83210983   
1181.92162286   
1189.10632850   
1176.57071626   
1175.56732411   
1172.37832694   
1182.86778538   
1163.36123535   
1179.08020702   
1170.97253125   
1188.02043635   
1171.42327479   
1182.51572914   
1174.84290029   
1173.23392813   
1166.97900773   
1169.39292550   
1192.16080641   
1223.71786920   
1171.59204959   
1181.33642133   
1163.80103347   
1162.42093420   
1192.58670120   
1177.99374732   
1199.18029853   
1160.36587161   
1170.94528406   
1175.31693601   
1173.93209374   
1171.63005058   
1208.24152345   
1174.23797897   
1168.98400926   
1174.11994895   
1177.06170946   
1185.82012924   
1187.94336802   
1175.95852354   
1169.08256562   
1186.97202632   
1177.19470161   
1181.01008583   
1171.27827883   
1174.44139647   
1173.18318283   
1176.63234063   
1173.52794844   
1176.08262767   
1186.18361233   
1173.04181376   
1169.91089921   
1165.73115693   
1175.70845661   
1172.12186862   
1170.69214328   
1175.42392486   
1173.47526527   
1183.06380979   
1170.48236174   
1175.62831986   
1198.88113883   
1195.11788921   
1175.52637220   
1205.59497413   
1184.74218978   
1173.64514732   
1169.37620784   
1170.95196143   
1168.14764433   
1188.59894743   
1174.83562398   
1176.16098800   
1200.09880307   
1179.45351188   
1186.27357748   
1196.29584399   
1170.56991836   
1177.87517512   
1179.89071944   
1183.62310989   
1176.48288313   
1181.47655066   
1191.09920538   
1170.17021284   
1173.88033706   
1162.86225794   
1168.40877466   
1172.73613908   
1172.03425640   
1168.69012930   
1201.02424819   
1165.11691337   
1185.31027859   
1197.73478806   
1165.64721555   
1162.26405847   
1165.24255842   
1176.21737524   
1172.62889379   
1173.29312669   
1201.84768407   
1173.90086769   
1190.32342127   
1180.58920507   
1171.29907735   
1168.26096079   
1172.77746391   
1178.42653339   
1189.42979005   
1201.71005301   
1184.18783739   
1163.22422754   
1168.44748918   
1196.98854384   
1176.46447984   
1175.24192959   
1181.02380715   
1181.73608407   
1168.65854941   
1170.05574133   
1162.29591640   
1172.57232175   
1163.68904979   
1171.35206664   
1165.62851495   
1174.95723302   
1167.80705505   
1186.58563158   
1181.57535152   
1172.33346232   
1191.73633889   
1166.67243762   
1182.71206415   
1166.58255903   
1169.58645229   
1172.31326127   
1186.93577040   
1185.64529183   
1169.34875251   
1176.29451421   
1177.40539064   
1190.92958679   
1189.85110449   
1164.18297150   
1192.21686673   
1174.04472897   
1175.64574266   
1174.14417471   
1180.77085028   
1177.28103287   
1161.47300284   
1168.83293024   
1178.77604771   
1206.02843940   
1182.86624428   
1182.69568548   
1168.75068975   
1175.25393778   
1168.60403582   
1206.73492183   
1173.33904799   
1170.22461196   
1165.31010291   
1174.00307425   
1186.44432746   
1178.07083965   
1163.69269945   
1174.40701931   
1182.12102504   
1173.69567073   
1175.45836610   
1163.95223525   
1177.60759640   
1184.87363144   
1162.64087843   
1178.45064729   
1192.29826157   
1178.01447306   
1170.53201080   
1170.37015571   
1174.88436589   
1170.75888115   
1166.23037127   
1171.84678425   
1178.14761094   
1170.63273227   
1169.62431698   
1166.56801889   
1171.60775839   
1180.00304423   
1171.61965198   
1168.41492111   
1192.42655847   
1169.70417409   
1180.65945045   
1174.44543113   
1172.50302366   
1170.25507506   
1169.28026763   
1186.11167254   
1171.59272052   
1168.05022182   
1177.10363792   
1169.28489953   
1163.15490204   
1164.17452633   
1171.29156385   
1172.55042272   
1172.23895442   
1188.18223335   
1171.56464396   
1188.49265052   
1175.10611915   
1167.02410655   
1183.16763817   
1180.66455077   
1180.78601121   
1186.72979512   
1174.96993206   
1162.41626689   
1170.33966377   
1166.06262550   
1201.25123977   
1168.65118966   
1164.24481356   
1188.70780615   
1185.14192435   
1181.01938451   
1178.64392187   
1176.85800259   
1178.07079227   
1181.35995602   
1185.22337316   
1176.52300310   
1174.27651733   
1180.91859859   
1182.58995016   
1172.75439757   
1175.95471919   
1172.60610486   
1180.90890024   
1187.43455928   
1171.28385782   
1170.12955979   
1168.11846520   
1169.99923758   
1190.29424422   
1174.25808388   
1168.38960651   
1164.29489573   
1179.08006735   
1179.25065578   
1164.66865163   
1168.45415441   
1182.09019078   
1185.78983928   
1171.37162336   
1192.83091461   
1187.33107257   
1167.53904383   
1219.56210966   
1179.43609408   
1179.76547828   
1180.37230749   
1170.47774323   
1181.80172864   
1178.86311677   
1173.25864847   
1172.73902192   
1182.06872313   
1179.74172414   
1177.46326534   
1188.44287526   
1173.57904974   
1174.10525443   
1177.78437020   
1185.31029352   
1174.18835366   
1176.58220473   
1168.38697346   
1164.74573108   
1161.51865868   
1169.47461807   
1180.78994627   
1174.14505646   
1181.43117230   
1167.10504177   
1182.96271517   
1174.53001925   
1173.33061842   
1189.43697694   
1162.65534805   
1173.54826926   
1174.76689605   
1173.25313931   
1169.88639166   
1174.55437914   
1175.44722224   
1164.87844613   
1170.40785700   
1186.31515501   
1176.64742643   
1171.57255270   
1180.73754350   
1173.77377393   
1162.22798980   
1170.82601815   
1164.42918309   
1171.90856843   
1186.38796894   
1167.94658893   
1179.35413454   
1176.68949976   
1176.11131189   
1171.38939129   
1161.26559776   
1171.89874837   
1174.58966918   
1161.51929230   
1168.05998843   
1170.71175045   
1171.32843979   
1173.84694466   
1167.71365747   
1179.63530932   
1180.69705969   
1184.74267707   
1174.03487921   
1174.16049733   
1181.08974685   
1177.11113189   
1173.45901536   
1186.83459110   
1185.08905271   
1281.39163267   
1188.08142895   
1162.04344851   
1175.10674268   
1183.62437516   
1177.71904041   
1170.99809435   
1171.17498896   
1192.47456721   
1173.08567184   
1175.70105950   
1182.37417059   
1194.59231568   
1173.40556528   
1179.52172261   
1168.86607362   
1163.28211071   
1175.92397582   
1167.53331758   
1171.76910330   
1165.55100310   
1171.84642350   
1181.44163800   
1177.49001285   
1177.14212706   
1183.23330696   
1166.53804870   
1181.56436015   
1187.03694526   
1178.85799442   
1162.16730141   
1185.77659067   
1170.58967915   
1180.99827779   
1190.10435803   
1173.25614160   
1178.73726404   
1175.17445446   
1196.54392860   
1172.77302990   
1174.51609943   
1172.53540943   
1177.73133508   
1178.72741257   
1178.62767815   
1178.09093631   
1166.98201220   
1176.70763266   
1186.34496562   
1180.47113536   
1188.18875517   
1214.54834529   
1199.02496400   
1177.57886356   
1169.71211799   
1167.15189600   
1184.04220130   
1235.76760013   
1183.40220449   
1178.08834298   
1199.02283254   
1205.51434930   
1183.99956577   
1177.94826164   
1170.37308604   
1181.57083427   
1166.55239118   
1173.53613592   
1178.99258703   
1170.03272807   
1171.72504415   
1175.27289682   
1179.37035738   
1188.50549477   
1190.86462371   
1174.46148412   
1192.36461451   
1204.99990507   
1170.73976530   
1195.35135273   
1172.55626185   
1169.35385388   
1183.80733755   
1170.28657845   
1180.41921688   
1162.34825331   
1190.55575884   
1177.95277348   
1177.89265981   
1179.63714883   
1163.67122999   
1174.46929401   
1167.63984293   
1185.51038637   
1177.32496127   
1187.16215521   
1165.10319716   
1178.25058368   
1172.42123738   
1177.92834257   
1182.75577188   
1167.72227885   
1194.90849192   
1172.71873322   
1173.09793222   
1163.50426005   
1168.97941018   
1162.05462214   
1181.80647239   
1174.14533273   
1183.67918253   
1182.67335748   
1178.07032620   
1172.07798558   
1184.73692770   
1177.47247614   
1169.69991500   
1164.78748636   
1188.57649356   
1175.92209203   
1208.48518583   
1173.74707428   
1174.78352930   
1186.24678829   
1179.60198363   
1164.59468914   
1194.43821240   
1170.57092593   
1172.49744749   
1166.68471455   
1199.15925588   
1169.85977974   
1211.31466920   
1188.36085154   
1170.45025515   
1195.37557361   
1172.51723976   
1169.81087467   
1163.99873714   
1165.73461994   
1168.97485319   
1163.41702972   
1170.54376263   
1167.18463884   
1175.72657011   
1172.91012446   
1162.36216374   
1163.78690959   
1177.19555841   
1183.23675923   
1174.58428029   
1176.34229643   
1173.77208403   
1173.92636670   
1167.42332363   
1169.24480227   
1181.86548218   
1174.75382896   
1170.04074024   
1197.68427007   
1194.25120577   
1172.98009687   
1194.60266941   
1178.97892315   
1193.87360984   
1179.46772748   
1166.67712105   
1176.10956383   
1171.23163513   
1172.51124440   
1166.59108285   
1174.61049808   
1170.18961757   
1182.78803275   
1181.11881084   
1195.85862125   
1172.03522541   
1200.83323737   
1195.50370449   
1184.62155732   
1185.84194972   
1171.77019620   
1166.59042821   
1174.37294931   
1189.42839098   
1182.86185344   
1170.60182870   
1187.72692361   
1187.24855857   
1176.35597621   
1173.61236441   
1185.22214235   
1169.18105485   
1169.17498361   
1169.93673729   
1194.32594415   
1190.09440986   
1195.14963106   
1173.58658401   
1182.52051782   
1178.51245638   
1207.35665893   
1186.58686324   
1176.81490028   
1207.78890244   
1187.58397112   
1171.42291956   
1179.47334470   
1178.56374713   
1190.98407476   
1235.86549327   
1167.30193682   
1206.43790562   
1182.68554066   
1200.48472199   
1164.41644973   
1209.85892070   
1162.48567119   
1167.94366933   
1184.17198703   
1198.58283518   
1173.01095499   
1163.19466840   
1159.62279640   
1170.25255396   
1188.19363950   
1182.59133921   
1191.37711432   
1181.10272796   
1177.98968518   
1181.02788596   
1171.78399711   
1191.31802161   
1170.41188936   
1182.96036275   
1179.75337185   
1198.76721162   
1169.20659693   
1186.91032304   
1185.28130018   
1173.52911103   
1178.92033091   
1174.15325441   
1169.65271180   
1169.93044193   
1172.94027686   
1180.31871290   
1185.17615586   
1174.51004476   
1169.78369303   
1174.98429784   
1165.46182941   
1164.28361956   
1167.55363032   
1173.01951774   
1168.19865287   
1162.45773812   
1167.49049062   
1178.18492767   
1175.46661030   
1186.65734675   
1173.02307881   
1185.07481441   
1165.47242361   
1186.80477026   
1191.60220412   
1206.04671007   
1178.38219102   
1163.99893787   
1170.15923683   
1173.09247705   
1167.45325352   
1175.72702094   
1175.20718653   
1169.82660869   
1171.64794898   
1176.09973985   
1171.47312757   
1167.14751382   
1170.13734231   
1195.21768072   
1184.58125891   
1179.49333748   
1170.54189310   
1182.52503757   
1173.80132880   
1171.09581209   
1197.15094930   
1184.25248413   
1191.05233624   
1162.58609444   
1182.55103092   
1174.54817090   
1188.70049653   
1186.80955079   
1183.16948703   
1175.67488325   
1172.84054919   
1169.28925255   
1169.63489749   
1170.45354716   
1175.82688187   
1175.57575672   
1196.67466789   
1174.03203693   
1182.26731949   
1174.09004932   
1172.49769055   
1170.74569448   
1173.70297799   
1189.27750856   
1183.16484691   
1170.51725432   
1174.53836896   
1172.92572666   
1192.45197402   
1188.60396927   
1161.40177661   
1169.04325104   
1174.30094589   
1174.82227239   
1175.73894220   
1163.90248956   
1167.81506632   
1185.08096480   
1183.42814587   
1186.07591986   
1168.44711467   
1171.49179145   
1195.83143280   
1176.97481657   
1165.38425522   
1171.73085939   
1175.96629480   
1229.23430413   
1165.56627477   
1197.56269606   
1172.23275358   
1191.43898327   
1170.47575148   
1202.77098985   
1174.60714494   
1169.49613012   
1174.83047892   
1192.31579525   
1175.74412002   
1183.73729043   
1179.31587959   
1175.30229749   
1162.24629336   
1179.47977320   
1168.82935437   
1170.60537217   
1169.40124558   
1183.19679954   
1179.61219247   
1170.32780475   
1162.43261152   
1175.44592288   
1165.33022599   
1181.67471083   
1182.04641607   
1166.76299475   
1223.55052582   
1163.17072466   
1175.43794458   
1194.12857882   
1179.14198095   
1167.96326912   
1193.97761866   
1185.80853375   
1170.99546782   
1171.45767437   
1181.40675539   
1173.86781248   
1184.24988194   
1183.80672320   
1177.33751357   
1169.46666128   
1176.23912093   
1172.09294055   
1176.37261524   
1169.33064971   
1184.26999625   
1171.72851334   
1174.79928038   
1169.28097473   
1168.51048297   
1185.08220758   
1173.72104162   
1174.48555820   
1172.52074529   
1186.45214759   
1171.96293127   
1163.94004791   
1189.05442720   
1188.88263457   
1170.46943232   
1168.02348284   
1192.81673827   
1184.23727579   
1166.51995585   
1177.53473965   
1172.06882176   
1171.59562264   
1164.67450218   
1167.63707637   
1193.56359257   
1175.69241562   
1172.54344477   
1180.75136693   
1175.17533006   
1183.82311753   
1216.13790019   
1180.80357977   
1185.73031782   
1165.02672836   
1181.56113567   
1179.14962962   
1168.46358099   
1179.42047636   
1169.26503414   
1181.07358770   
1171.72405999   
1174.80012827   
1163.37107428   
1169.35312023   
1161.85829811   
1177.50047134   
1173.53646612   
1176.77364852   
1173.53732631   
1174.24079981   
1178.45402586   
1174.08639098   
1173.60150676   
1175.46356211   
1177.63676778   
1164.91594490   
1179.40077318   
1167.25319247   
1170.87429743   
1160.90976717   
1178.02253628   
1164.03388330   
1172.27361862   
1165.49450003   
1168.04937937   
1183.03604978   
1184.96172919   
1171.18393723   
1168.70807673   
1169.29730903   
1192.86407611   
1169.56123364   
1166.26397806   
1181.41251535   
1172.19413932   
1186.58739291   
1171.11999724   
1189.07844663   
1219.52616971   
1175.66304898   
1178.07575060   
1181.46584101   
1189.87294467   
1181.55555885   
1186.46766255   
1182.87620024   
1179.06082014   
1184.71770440   
1183.06351155   
1173.04399593   
1185.97095354   
1185.41912839   
1185.07500392   
1184.66720438   
1173.10781196   
1177.11888519   
1168.85170445   
1183.39886557   
1179.13993728   
1219.59747498   
1166.29676701   
1169.42301442   
1160.92348113   
1230.46807204   
1160.49856357   
1172.36792053   
1191.57889840   
1189.09568363   
1182.52744056   
1176.79915715   
1180.22545621   
1171.89149946   
1167.13498115   
1180.17292350   
1176.45961486   
1161.14525673   
1181.82047463   
1171.99913912   
1186.83352135   
1176.95464737   
1162.27368264   
1165.12912936   
1185.67497366   
1168.53775367   
1172.20976191   
1165.93324023   
1186.50387300   
1185.44685371   
1170.34892412   
1171.95636510   
1161.86760936   
1188.64491813   
1177.71532072   
1172.46851943   
1180.81756638   
1173.53676440   
1179.44112252   
1192.07047854   
1203.91914624   
1166.06082059   
1183.61715063   
1167.17770573   
1181.01870121   
1164.53208862   
1174.08502772   
1185.65846794   
1176.06141402   
1204.52573331   
1181.81393940   
1178.20169670   
1174.95338813   
1174.62833710   
1234.49270253   
1171.15379932   
1195.29802232   
1179.79811098   
1173.76179490   
1171.93051184   
1175.33528035   
1169.76266093   
1172.64006343   
1205.36021452   
1207.91525334   
1170.94131474   
1182.56652919   
1179.20730389   
1179.12280358   
1183.70476529   
1195.95642355   
1165.17604846   
1182.34504403   
1181.38645318   
1219.78987613   
1184.78762348   
1188.87849135   
1183.61263124   
1178.77259803   
1171.67223494   
1171.48826292   
1175.39401949   
1186.45148586   
1185.13818952   
1162.23298298   
1182.60831707   
1180.29496447   
1197.51519315   
1170.61919768   
1180.69382047   
1173.42433312   
1165.45444540   
1187.99343900   
1209.54778319   
1162.07125225   
1159.01021753   
1178.40837813   
1190.30239555   
1170.58022714   
1177.47851720   
1170.31613299   
1177.22742024   
1197.24989348   
1170.50506118   
1175.99059737   
1213.53775628   
1205.37854637   
1172.04693702   
1180.73037575   
1174.48704724   
1210.69191017   
1173.50546916   
1172.65518833   
1172.68032346   
1188.02698937   
1171.48120995   
1190.43734123   
1179.38081788   
1177.57899530   
1177.87787919   
1170.84533674   
1171.88537394   
1166.69178457   
1169.20542960   
1182.97510224   
1176.81325327   
1180.30611172   
1163.32990912   
1211.33471704   
1189.62783767   
1168.19385613   
1179.01171828   
1163.69398164   
1185.08759791   
1171.17166180   
1170.12144586   
1177.40082637   
1171.73902922   
1172.63860946   
1169.71673888   
1195.02442324   
1197.84183497   
1175.03032567   
1175.41005470   
1173.94638521   
1161.74867976   
1161.57376888   
1177.50000302   
1168.85973928   
1169.86526013   
1170.79241234   
1162.70112050   
1181.27046059   
1170.47080138   
1196.68864142   
1181.70296495   
1167.27083705   
1167.80734507   
1163.48637119   
1170.10914400   
1171.03768696   
1169.55558761   
1171.92663327   
1175.57501327   
1172.38139353   
1187.30665189   
1167.27658105   
1174.52051772   
1201.03452136   
1178.15336332   
1193.10588516   
1184.57580498   
1173.34860599   
1183.65497555   
1168.67909928   
1170.86048853   
1181.64943079   
1170.35043490   
1176.59912427   
1181.37661808   
1165.71107414   
1167.37631283   
1169.88075341   
1167.07175160   
1171.24847284   
1173.99677906   
1166.98712589   
1186.10132315   
1173.94104431   
1178.34067044   
1180.51384558   
1188.79226526   
1182.33136663   
1163.04899603   
1177.71379441   
1183.30401965   
1164.80524243   
1164.48773123   
1170.43114141   
1200.04059041   
1216.74188544   
1201.22515370   
1174.17850571   
1172.13720063   
1179.20036684   
1178.91252459   
1160.92887094   
1179.35461829   
1163.50593534   
1169.74728390   
1162.31637053   
1177.81762529   
1181.55956690   
1189.61020314   
1188.76834599   
1167.44058623   
1176.99004312   
1165.17038954   
1170.09331511   
1164.19858050   
1186.97288770   
1180.04922623   
1176.57094175   
1189.67789060   
1171.41062199   
1177.83636460   
1169.97839197   
1176.91085282   
1197.88953242   
1187.92106053   
1181.66048788   
1175.61970205   
1180.96475893   
1173.50712493   
1178.85292000   
1173.06245167   
1171.46047078   
1171.30122395   
1176.01510735   
1168.55890963   
1179.66251060   
1171.95183864   
1178.08767333   
1174.18762067   
1196.27669889   
1164.88771076   
1166.06330966   
1167.98830028   
1203.55773960   
1195.94047243   
1175.16080791   
1184.69513014   
1171.13403145   
1202.80472358   
1177.82189659   
1168.67562842   
1207.89419543   
1172.23562345   
1210.08670288   
1167.05944601   
1163.64612684   
1174.27295002   
1189.98895052   
1171.55898018   
1171.07430288   
1222.79508180   
1232.21631223   
1182.00467231   
1183.22098447   
1193.67374672   
1165.82861637   
1178.65562892   
1185.91376425   
1164.57545713   
1173.27039768   
1175.68981313   
1223.75452292   
1164.23547945   
1165.38894095   
1186.67494772   
1194.46796967   
1183.22851580   
1182.03270907   
1170.48482994   
1194.92160284   
1171.70026192   
1198.00056957   
1182.21465839   
1175.40853942   
1181.10628813   
1170.84944849   
1171.92746978   
1171.11722338   
1175.32160421   
1180.20514135   
1173.90482027   
1179.53488607   
1172.43248589   
1177.27914274   
1177.97944435   
1193.99399553   
1193.74305919   
1180.42697077   
1194.15128975   
1211.67064330   
1164.45463239   
1191.33653718   
1179.39446421   
1167.73853603   
1211.17796508   
1172.08964768   
1181.44688759   
1171.62769750   
1171.77554285   
1178.84715976   
1174.48002901   
1172.74895041   
1184.63450075   
