1950.60624045   
1818.89415912   
1789.05494854   
1643.09324449   
1552.83785299   
1520.32994179   
1486.09645421   
1463.75741968   
1462.47016435   
1345.62098499   
1288.25242750   
1255.21122482   
1254.11556124   
1215.96175526   
1205.86550798   
1202.66121930   
1204.37972118   
1206.39734571   
1194.17622428   
1193.99065028   
1194.25674337   
1195.19430868   
1191.83210983   
1181.92162286   
1176.57071626   
1175.56732411   
1172.37832694   
1163.36123535   
1163.80103347   
1162.42093420   
1160.36587161   
1162.26405847   
1162.29591640   
1164.18297150   
1161.47300284   
1163.95223525   
1162.64087843   
1166.56801889   
1168.05022182   
1169.28489953   
1163.15490204   
1164.17452633   
1162.41626689   
1161.51865868   
1162.65534805   
1162.22798980   
1161.26559776   
1161.51929230   
1167.71365747   
1162.04344851   
1163.28211071   
1162.16730141   
1167.15189600   
1166.55239118   
1169.35385388   
1170.28657845   
1162.34825331   
1163.50426005   
1162.05462214   
1164.59468914   
1170.57092593   
1166.68471455   
1163.99873714   
1163.41702972   
1162.36216374   
1167.42332363   
1169.24480227   
1170.04074024   
1166.67712105   
1166.59108285   
1166.59042821   
1169.18105485   
1169.17498361   
1169.93673729   
1171.42291956   
1167.30193682   
1164.41644973   
1162.48567119   
1163.19466840   
1159.62279640   
1161.40177661   
1163.90248956   
1162.24629336   
1162.43261152   
1163.94004791   
1164.67450218   
1167.63707637   
1172.54344477   
1165.02672836   
1163.37107428   
1169.35312023   
1161.85829811   
1160.90976717   
1164.03388330   
1166.26397806   
1166.29676701   
1160.92348113   
1160.49856357   
1162.27368264   
1165.12912936   
1165.93324023   
1170.34892412   
1161.86760936   
1164.53208862   
1169.76266093   
1172.64006343   
1170.94131474   
1165.17604846   
1162.23298298   
1165.45444540   
1162.07125225   
1159.01021753   
1163.04899603   
1164.48773123   
1160.92887094   
1166.06330966   
1167.05944601   
1163.64612684   
1164.57545713   
1164.23547945   
1165.38894095   
1164.45463239   
