1396.17224388   
1388.24481651   
1373.01476595   
1298.18551159   
1314.89777123   
1246.43744069   
1303.70897489   
1274.88054330   
1175.42455667   
1177.96734533   
1251.09986592   
1241.79122540   
1061.30642717   
1080.16821177   
1070.04626736   
1112.75665536   
1167.31389207   
975.96941269   
1018.59703658   
958.34495722   
956.90810607   
973.11107363   
976.85522519   
888.79535446   
906.00835246   
946.18266197   
978.97955202   
846.93768334   
872.68192421   
924.72566099   
899.12489228   
840.40811888   
848.06849718   
798.63415353   
757.31165955   
844.15066650   
747.94944745   
705.83387032   
678.67926243   
671.51508288   
675.37218740   
689.09934148   
632.69446003   
605.90117387   
598.74800361   
580.63736847   
592.57271474   
576.41298903   
582.77345069   
579.52672987   
576.02941744   
582.93492338   
576.76883026   
578.58981632   
571.36366320   
571.05532354   
576.26661299   
564.85404887   
563.10957454   
565.10105527   
570.88648605   
566.54951558   
573.39298341   
609.45197296   
577.03268296   
565.38525925   
565.58338638   
561.25843608   
566.77680193   
564.07177212   
573.86556057   
567.46115931   
561.96918296   
572.65337227   
563.85557828   
570.44118540   
577.77747930   
574.05884915   
563.66137936   
578.05847515   
555.21215930   
553.83667859   
560.94717411   
554.70526137   
552.97354561   
552.83451689   
551.20164084   
568.06197126   
557.19638106   
554.09089041   
562.16661787   
550.24016903   
552.16576454   
554.11391660   
549.38588321   
545.95437575   
555.64568387   
556.69467256   
548.86517110   
553.15470632   
553.80583211   
554.59779145   
547.67330395   
548.86327001   
544.16023337   
543.94536356   
549.02381574   
548.29810486   
551.41586599   
547.68865141   
553.55248768   
542.96352921   
551.64571593   
547.70397013   
549.81726433   
551.32783778   
550.42388712   
547.48403875   
547.57805828   
550.85150902   
553.05287386   
550.11580357   
547.88092372   
550.89700777   
552.57952024   
553.00191008   
556.08616445   
550.61902347   
555.78264762   
553.68004502   
552.05608050   
553.26561828   
549.32550168   
550.67655149   
548.64443885   
549.96535958   
546.92958946   
541.85460308   
555.46853133   
546.33642249   
538.52566670   
548.94151316   
539.89530696   
539.56621036   
549.64271152   
535.10470425   
529.70969767   
539.01945624   
530.94704433   
527.36064455   
522.86403447   
550.93511472   
527.05570510   
522.96347421   
520.66972441   
540.91019600   
527.44212634   
520.97338987   
534.24110103   
524.43749382   
526.80626998   
529.89403995   
528.77062342   
532.18826149   
523.04538114   
519.69503067   
526.52187852   
527.64497788   
521.67367677   
529.04957983   
529.81908737   
520.67597570   
521.40138511   
521.85213739   
518.47103999   
528.08575523   
520.78862608   
522.48819623   
517.15512352   
520.71605245   
522.76249220   
520.52163039   
519.10748738   
533.04987212   
536.52598163   
521.05410179   
522.27123265   
530.05930596   
522.26354048   
524.82950209   
522.23443022   
536.83732053   
532.56592868   
532.44821831   
554.41175242   
528.61464163   
520.23457052   
534.08076184   
521.42073721   
520.99933076   
523.79362007   
523.60913711   
532.08320546   
522.40547154   
523.33640849   
526.73439220   
520.94965066   
522.06879740   
526.47838912   
518.76898806   
522.45705086   
523.11845192   
528.68455544   
525.13870369   
526.60376352   
525.01386154   
520.02213401   
523.31313304   
529.69795199   
533.35657506   
525.99343541   
523.88150138   
524.34286605   
526.49457846   
524.26537672   
527.41797162   
523.14804050   
529.05203660   
521.45959109   
522.94427496   
521.95388219   
527.67204261   
530.80105094   
522.35860904   
526.59128453   
526.56001733   
536.18641837   
521.32440359   
523.36392299   
526.94931218   
526.55367044   
528.94684313   
521.48572305   
527.90596210   
530.50994942   
525.74504518   
523.91588815   
528.55596393   
527.61684204   
522.41733294   
523.48361707   
522.20705036   
546.31379871   
519.90868967   
523.54378527   
522.02117126   
535.92567192   
525.18492341   
525.78058456   
521.11126711   
531.88560184   
528.84418887   
532.60604913   
540.98601247   
529.51647219   
531.81332468   
540.12713269   
527.60534673   
530.56630334   
527.90003284   
530.24308357   
539.65223205   
532.63689924   
534.32517399   
528.99637316   
534.28452028   
527.23795969   
531.69412374   
529.99201317   
542.39620898   
530.35874492   
523.94493991   
529.09664518   
527.99901500   
524.31820100   
524.16128616   
523.77634258   
533.05555054   
529.60100049   
528.86375275   
537.19478959   
522.48481582   
524.47438801   
522.24642251   
531.68690567   
527.73250083   
526.57186104   
553.51386430   
523.24048598   
522.78582029   
531.47025275   
528.79835508   
528.44854611   
528.53783544   
524.92475684   
531.16692556   
532.90644585   
524.76000312   
537.39746223   
535.94250087   
525.58089900   
526.21010526   
543.33889322   
521.76610012   
526.75713269   
519.74031110   
527.66968796   
521.46227461   
530.21169206   
525.37656488   
527.84655281   
525.93339515   
523.52311710   
526.57204896   
520.48340613   
531.81223970   
524.79962415   
530.43293791   
547.29869679   
522.23927519   
533.16349794   
522.04561733   
548.38673608   
531.03854828   
541.99559303   
524.56812674   
538.96204152   
524.83938686   
542.61379404   
539.78316886   
523.97766651   
523.80539211   
521.49692298   
533.68083294   
525.91203600   
526.96969909   
525.88687126   
545.02336075   
542.13632608   
531.21990954   
532.15329752   
526.44917440   
527.72032759   
532.46743505   
530.45830563   
535.57942225   
519.80654706   
519.02860991   
526.22736334   
523.15784893   
521.57750410   
527.70484277   
521.72440255   
522.56980860   
525.01057340   
530.47048348   
530.22775944   
529.34513432   
537.42373857   
535.14686450   
523.25186404   
529.05176822   
529.81789889   
528.92671977   
535.88619205   
523.98581092   
528.53424366   
518.93848304   
522.63746940   
520.40332191   
524.21524773   
525.02858874   
525.28678980   
525.00716143   
524.69089663   
529.03390649   
526.42511272   
516.65168325   
522.55207148   
527.01694814   
518.16871704   
522.74293728   
518.50675867   
523.85218639   
522.71495136   
528.40369937   
530.97787242   
519.37779446   
526.78461629   
529.54410065   
525.30980944   
530.95663824   
530.77947228   
526.67254465   
532.09230309   
533.77717563   
528.35070374   
532.70867180   
534.56908309   
527.24054365   
528.05402415   
528.98947676   
525.62185683   
523.62057508   
537.10505325   
528.46125172   
523.25222929   
534.03144724   
528.35108019   
541.54804797   
523.62280936   
524.18025803   
529.24890266   
522.08776666   
536.30298398   
524.85337706   
519.41403192   
523.45908420   
524.53547616   
525.66854250   
528.60980871   
521.38101400   
518.47928974   
522.74777927   
523.72383281   
517.85478882   
523.43382151   
527.86815266   
522.85096884   
522.54858918   
537.18211079   
519.98138911   
528.04043609   
526.34654721   
517.18431932   
526.43945761   
521.59954300   
524.31201417   
527.60649911   
520.51616144   
527.72193715   
528.62235951   
520.23516799   
519.93967873   
540.38791343   
523.31184905   
531.19343509   
538.53349076   
524.48826661   
527.13369752   
532.91455382   
519.11379559   
524.09338836   
523.04261479   
520.32433781   
521.38531147   
525.44043493   
522.73730949   
526.60577989   
522.35433504   
525.64927612   
528.46746935   
517.65763940   
523.86985021   
531.08088670   
531.77537501   
529.83852003   
523.49255133   
528.46516500   
535.29782097   
524.14271952   
521.52412177   
530.38201332   
525.83456912   
523.85999955   
523.82311381   
528.36848673   
531.45077364   
530.53382955   
527.26079857   
523.83362242   
537.23958847   
519.79166685   
523.94722648   
529.96764016   
520.83118419   
526.99243875   
521.96555942   
519.28206935   
520.39257600   
531.31957645   
527.28136205   
518.28497084   
547.32418497   
532.18896830   
541.00862342   
516.69231990   
523.35994429   
522.30128912   
520.44968804   
522.83132346   
520.39189630   
522.14299014   
523.09570692   
523.40429799   
520.43711324   
522.80012006   
521.05826373   
523.31997657   
526.15463096   
526.15339373   
529.50675043   
526.78651718   
531.39244852   
534.71820832   
529.30796585   
533.20770510   
541.45407095   
533.09457895   
531.57411639   
538.68176265   
529.31365662   
526.28292751   
531.00126067   
532.41546102   
531.35608985   
527.42734949   
526.70416791   
524.98629882   
538.94159469   
530.09012842   
533.89172970   
527.00953361   
529.26276352   
528.59356696   
532.97637193   
532.42735947   
541.89078106   
533.49704777   
521.34441666   
526.62661433   
520.41785572   
518.17077145   
522.84022563   
520.11151136   
522.02340427   
522.44543699   
525.02235626   
531.40792404   
525.77800210   
529.30336428   
529.19286570   
534.97181066   
536.28838148   
554.10637145   
530.07570570   
538.76984581   
525.85934638   
525.92416526   
523.15340969   
529.76916020   
530.15522273   
527.31544922   
525.14448870   
544.65345599   
537.72610214   
526.21390584   
531.11540196   
527.83770134   
531.26987718   
527.55703018   
532.93643542   
526.60396937   
531.92472092   
538.94340073   
541.12661131   
523.75525752   
526.63802158   
530.17789987   
530.29026999   
529.46852468   
537.69835489   
531.62056671   
526.47674795   
529.55995224   
529.65583586   
532.12139549   
544.39976990   
529.95344291   
535.88375277   
526.89475745   
524.79279436   
539.08708088   
543.59139000   
532.36274561   
530.26948326   
526.55001727   
533.84470155   
530.24320331   
541.81668365   
528.70479312   
535.94631132   
538.13933836   
520.11655097   
519.80568066   
537.11832907   
549.76980794   
520.34481873   
524.99553607   
520.71452500   
533.92122824   
523.04843379   
518.86556201   
523.33469643   
523.43861853   
525.61292513   
523.00459895   
524.13280595   
528.80681768   
530.10017222   
524.21334154   
547.44544832   
538.72873909   
524.82779108   
525.62882977   
528.19458406   
533.16651646   
534.98720021   
554.75896212   
543.67316384   
544.51579279   
547.70064898   
538.14617967   
536.18779914   
530.87172770   
558.03280290   
531.08294931   
542.83438006   
534.34462552   
534.89377242   
531.54165275   
542.27479694   
531.44328642   
534.06410671   
544.23327955   
531.13537753   
534.25909060   
540.73685592   
545.23146101   
536.45211731   
523.59174868   
535.36459094   
534.38075285   
526.89396562   
526.07944513   
519.19176854   
521.42138345   
518.65341976   
520.86572459   
541.51388221   
543.35478410   
517.31383527   
518.81606073   
517.51999092   
521.04443311   
519.08045530   
529.55065342   
526.74196788   
518.86307699   
523.55250919   
527.05972048   
525.68227386   
522.23118975   
531.10913547   
529.00346542   
524.94319316   
522.44547394   
525.58223039   
521.51145019   
519.18204214   
519.67425297   
523.06111604   
535.75438690   
525.86378956   
532.16168426   
520.34082414   
526.16889478   
521.46393335   
520.53000579   
524.63391659   
523.49148910   
523.62630414   
523.49766144   
524.38719923   
525.11434764   
518.99233476   
523.30319222   
529.33159894   
523.32095852   
518.02128972   
524.08053705   
521.91584503   
519.45911815   
521.37352588   
521.48750571   
518.29700645   
518.42422955   
536.13148010   
527.75841287   
527.46714156   
527.33691246   
523.74813653   
523.72309164   
517.81853350   
521.46363056   
533.79417394   
525.99526924   
521.67434086   
524.45143027   
522.82846390   
524.55000519   
519.04849820   
522.94874672   
522.57105895   
528.36873923   
526.52898692   
523.92275273   
525.32459587   
517.61449081   
534.19617421   
524.61961457   
519.93907914   
520.92503331   
529.09135110   
531.40411632   
528.97400211   
521.26948882   
520.53346761   
543.41657422   
531.75169261   
527.98593846   
527.17297444   
524.69914044   
528.32374075   
529.39733620   
522.83437103   
526.02304972   
537.84097796   
539.87493770   
518.19605669   
519.84104469   
528.86863523   
516.32498872   
519.42547363   
523.76009959   
517.18885326   
521.28006562   
526.72829580   
521.04226814   
520.02483261   
516.48233457   
520.68041241   
520.17618216   
527.23746106   
532.85992912   
537.71445401   
522.29986623   
525.71011218   
531.80098687   
526.75299432   
519.71072848   
539.10359522   
528.34079049   
522.50358462   
521.15518588   
522.20547887   
520.64086743   
521.88465539   
527.82915101   
523.73548572   
524.40852519   
527.39712825   
531.43838352   
522.92620055   
539.40631977   
524.95572653   
537.89305637   
530.88707333   
532.00843708   
522.97617641   
518.44790367   
527.15612714   
523.40251487   
522.35163885   
522.79231591   
520.40925395   
529.93639897   
526.12715450   
530.06517774   
522.67442614   
537.50042854   
516.13160483   
521.77004155   
525.89008803   
553.57853089   
525.27578429   
520.09428299   
523.42514045   
522.05447771   
528.01887931   
531.78826286   
518.39002882   
529.86522541   
522.30228874   
520.95349087   
519.75715723   
520.50934021   
553.86195067   
521.78267785   
534.96858746   
523.07826077   
523.25909561   
531.71071853   
527.73228365   
525.34387048   
547.81711262   
521.21301844   
525.62683698   
525.88784579   
525.18665591   
526.52884954   
522.72825811   
522.17422112   
523.97311689   
540.98230416   
523.07604638   
520.54116908   
518.66002750   
519.28542822   
523.86570538   
524.91591021   
526.32833040   
518.84154978   
525.41552136   
523.22730590   
520.85185057   
523.19982081   
525.42347633   
527.35274907   
522.82254085   
530.37966576   
522.67031934   
521.29400370   
529.40825561   
527.95149957   
523.58185038   
522.44938598   
527.76216799   
525.80303366   
525.37906160   
526.39590588   
534.37466406   
529.06891921   
531.78564895   
525.94164323   
530.71575659   
533.61768285   
527.16819847   
523.30300580   
516.47977212   
519.08761088   
519.55973399   
519.03588584   
522.45508619   
522.30725181   
522.32114090   
525.75188823   
519.26937741   
519.81771306   
524.04813265   
524.19232252   
517.43483148   
524.80946886   
518.42888191   
523.43848609   
530.64297192   
519.84188464   
524.54372267   
525.67197500   
528.89201183   
520.34674866   
521.49393669   
534.10691930   
529.27871596   
527.64581041   
533.90610295   
544.47870524   
524.69501177   
536.59446724   
540.47321907   
524.80699899   
520.44233707   
524.49066206   
521.29236754   
518.11788069   
529.38665455   
532.44172682   
521.56274238   
525.90766103   
525.10529587   
524.66802649   
529.73752264   
519.60861682   
522.74419097   
525.07884493   
531.35379996   
528.19968546   
529.79405658   
520.89882818   
518.22457578   
518.95781660   
523.33299315   
527.47920113   
523.66909836   
516.26451533   
522.87074631   
529.05643961   
520.36392139   
533.08414449   
517.63761725   
536.87658262   
528.43977938   
530.96822278   
518.88784154   
527.38132104   
517.42209340   
535.70752831   
525.92496175   
522.66350200   
529.60620998   
518.39257691   
533.28281145   
517.11105595   
520.93335948   
525.01996746   
522.20021297   
523.98175713   
526.76235643   
521.60942397   
522.40296151   
531.42697832   
524.42043040   
524.19871928   
528.64455957   
520.81743119   
535.47905309   
522.35133796   
543.59587485   
526.35009902   
530.16588547   
541.93044265   
537.27076567   
519.92339691   
520.36715033   
521.08452627   
523.51498140   
521.79682423   
524.79295681   
533.34204071   
552.06463208   
530.16591145   
525.89317636   
539.47517591   
523.76746451   
530.09561981   
522.03136955   
526.58833716   
526.67866302   
518.66204383   
520.18599875   
521.58590584   
530.58576157   
539.43893538   
518.08357409   
531.46735659   
528.18383232   
521.49956269   
522.90907653   
523.00083273   
531.86093083   
524.52693225   
530.14246322   
530.52861310   
530.43712384   
517.43993989   
524.29385703   
519.61262584   
521.26896919   
524.26490294   
522.72246313   
528.69867553   
544.93438897   
521.59595152   
526.24362422   
519.99658737   
529.31267090   
522.48872975   
523.60614494   
523.62298890   
522.90238753   
521.59221628   
527.29947830   
526.02208021   
522.03690053   
530.42869939   
525.50831986   
525.78091458   
525.65072727   
524.45650330   
517.21071385   
518.60932001   
520.23912542   
523.90676150   
525.87761294   
527.69991370   
528.22502132   
523.32055201   
528.49572271   
519.56713929   
523.21649831   
528.54782187   
550.86522931   
530.45457546   
531.05722395   
522.84247922   
520.32432290   
521.76587479   
523.84278424   
520.29664084   
521.63265479   
522.63958756   
526.65341457   
534.81047818   
523.50839260   
517.49305847   
521.04521947   
521.18352557   
519.66771270   
516.60373381   
526.06172728   
527.53401910   
525.79421182   
519.27803663   
529.42415284   
535.53462074   
529.48388674   
522.08288822   
520.23333154   
526.15796067   
528.84782087   
525.36031225   
524.52139740   
521.18043014   
531.12706845   
526.36127018   
526.38535950   
524.28682953   
519.90671077   
525.15680516   
532.75753409   
525.68944967   
524.84229982   
533.28859722   
536.22512330   
524.45446326   
528.24256070   
527.14104332   
526.92724925   
536.24115502   
524.64273735   
538.86405628   
535.56486070   
536.78710925   
524.60280726   
527.27510103   
529.46970322   
532.18402658   
527.15278791   
525.99889532   
545.60494495   
540.91102430   
520.46458903   
523.44115369   
525.39073911   
531.96921829   
521.95812440   
527.66297521   
526.64518124   
524.30132483   
520.19448212   
522.48420227   
527.75690122   
523.00456574   
529.15230549   
531.98208934   
523.73157013   
525.04307132   
526.30127321   
519.81532658   
535.62827309   
525.67275295   
533.54299902   
528.46416182   
525.90649358   
527.99020477   
522.42328925   
523.53820333   
522.50758317   
529.71314746   
532.53070030   
524.53010474   
525.74942740   
537.66270193   
539.58307116   
523.70447884   
523.57063099   
531.16189388   
531.53298213   
528.83857144   
525.05467557   
531.44983870   
527.08166118   
532.59051165   
526.67452728   
525.47440919   
527.60735959   
528.44286132   
526.21127202   
525.04060569   
525.08489626   
521.67975577   
526.04244174   
531.67108241   
535.52556429   
543.47739276   
532.13448715   
532.50425835   
538.72492738   
532.74504746   
539.47967708   
544.95844221   
562.80752700   
551.37277699   
555.03313271   
548.11944064   
552.47635752   
569.83720368   
567.83853408   
547.10917484   
541.04369228   
563.83257923   
536.68022670   
549.48919642   
528.22230651   
536.60922849   
534.64526772   
530.93451632   
535.13385777   
529.80356614   
531.05968150   
544.05827909   
531.33512459   
532.90794771   
538.09949227   
538.75619204   
542.49570082   
532.04357928   
538.35494479   
529.88852002   
530.86801455   
537.58920318   
534.78723820   
527.48060205   
524.52904226   
524.93243969   
527.59305919   
529.11108156   
525.65457521   
532.86154238   
530.76676490   
523.13294458   
552.21122202   
530.26857232   
535.90306806   
536.01504465   
528.61808208   
531.61853738   
530.43641026   
528.84443653   
521.88120364   
525.38120715   
529.15078572   
521.52253379   
531.81165410   
523.68525529   
526.25409939   
523.87011886   
523.86677788   
517.50275087   
522.76004263   
521.23071970   
520.80545965   
519.54120975   
524.99883987   
522.35638356   
523.66674146   
519.63639381   
529.08962326   
539.94989814   
526.11535378   
532.94712048   
521.40677569   
528.21866594   
522.40498252   
520.85711658   
523.41023176   
523.16331593   
531.35256922   
526.79467786   
521.22066277   
529.85617090   
524.72940931   
531.61337698   
519.75116358   
519.72061566   
521.45709985   
523.93312795   
530.33605820   
526.52812987   
525.32929424   
524.48557768   
524.47326279   
526.61857839   
524.33004921   
533.42463925   
523.73292896   
523.81556281   
527.89603228   
519.25754808   
520.29713344   
524.09464542   
536.53655298   
538.64168218   
531.33684747   
528.35937612   
527.51511987   
531.88233812   
524.31194306   
518.80279121   
518.57189118   
525.44667425   
519.45428790   
522.43517049   
521.87758720   
522.25858123   
527.23321353   
533.99623885   
522.63580421   
525.14318067   
531.22805625   
529.44256911   
529.26407917   
529.03167164   
523.22165211   
528.44678856   
537.61098038   
519.88480462   
532.34245377   
522.54233829   
523.86589299   
525.38352875   
532.83977872   
522.36238867   
529.24959612   
534.13986388   
525.46909245   
524.22512147   
533.75965324   
538.51467014   
522.92711041   
523.29991862   
523.29966852   
520.83112856   
523.10878803   
539.62840552   
520.95703490   
521.69440837   
527.48727940   
525.05506843   
527.48253165   
520.06697018   
525.10762659   
528.97710353   
533.89693915   
533.75308100   
541.45749767   
527.20016658   
536.56558323   
523.67500209   
526.70235264   
525.78303394   
525.71312165   
529.46470588   
530.02650363   
533.65037202   
551.00710990   
537.86260985   
527.84938583   
524.17702580   
527.34701130   
535.78924621   
526.25124267   
552.93228249   
533.71398602   
540.68586627   
545.81228953   
528.78157614   
521.49629508   
522.13667927   
526.81970997   
520.85812899   
528.71598997   
527.09233619   
527.50169161   
528.75431478   
524.25873506   
523.75714316   
528.20719385   
522.00524334   
519.29460511   
529.87664600   
533.95567858   
524.44797525   
522.79596420   
526.98985069   
543.86793461   
532.97329225   
531.58952296   
527.96865377   
524.78158289   
521.35746353   
523.12986704   
532.80212024   
530.50183351   
529.35353868   
523.68255321   
523.18951863   
519.53523101   
522.67783949   
537.66662394   
520.70759915   
533.47383183   
530.88307899   
527.54557867   
526.68361961   
544.25374921   
517.13515773   
520.04070277   
519.15420999   
522.50146801   
522.05232496   
529.30361407   
545.11081372   
516.34466777   
519.74463123   
519.83557254   
526.81689313   
522.65704976   
515.99922422   
541.52747465   
528.41453631   
519.15645134   
521.02819583   
522.56682598   
526.00288321   
521.55494957   
519.35960207   
523.64842806   
529.34688559   
522.85626994   
520.77420728   
523.29255374   
524.24275870   
520.49205667   
522.17427098   
520.22779151   
522.66362293   
516.47802311   
520.30878609   
519.10951747   
519.29056400   
525.16172811   
532.18837880   
526.03714477   
525.74464365   
523.29263350   
527.09602403   
520.48223232   
520.31313572   
525.19814566   
524.29442756   
535.22491958   
529.61654361   
524.47150618   
537.72845302   
531.23268874   
527.03185933   
539.59823423   
525.49250849   
522.71406492   
526.29574322   
524.39902158   
539.10233419   
528.05478910   
523.79072278   
540.14046585   
550.83171322   
537.51638547   
536.62846624   
534.23561817   
523.07158984   
529.79472260   
531.68229682   
566.75154010   
538.91093418   
520.40932247   
521.88636168   
518.49992826   
529.90171893   
523.26340711   
520.20568721   
517.71981126   
536.50005940   
517.71418636   
518.40788840   
521.88158923   
522.25716324   
523.70489899   
521.86840323   
521.92385611   
520.46456909   
527.30573072   
516.78382069   
519.22715460   
520.04200141   
524.96281308   
519.27764774   
517.34077416   
524.33846307   
524.56778760   
520.57619510   
524.17569857   
517.39523145   
523.01812088   
518.91686649   
518.67694016   
