1879.41288259   
1863.57711480   
1804.95940221   
1772.96274066   
1625.18552376   
1603.46670825   
1463.83938574   
1408.78408257   
1381.17153528   
1380.69452521   
1336.26486126   
1333.54568344   
1330.96902393   
1327.53052218   
1304.52160828   
1298.09639756   
1281.31103633   
1222.60418577   
1199.69587896   
1193.71800368   
1184.09544797   
1188.21528257   
1183.73957894   
1182.32526183   
1178.66141200   
1181.24797377   
1181.80694418   
1178.87813819   
1166.87115023   
1164.55135561   
1166.69417808   
1166.57518188   
1166.46137108   
1166.53021854   
1170.40593584   
1165.66555107   
1173.48690535   
1164.83109682   
1167.81652854   
1167.03279071   
1173.19367120   
1173.88608344   
1177.37053572   
1176.88679342   
1172.44446678   
1172.80282016   
1163.32562208   
1167.91653510   
1165.00826687   
1162.10936802   
1164.92910113   
1166.49259745   
1166.30668416   
1166.79186490   
1163.68482930   
1164.29892642   
1166.13465540   
1162.59954157   
1163.58559274   
1161.77852582   
1166.01225919   
1171.60354965   
1170.36322647   
1167.96795124   
1160.93395500   
1168.14241494   
1167.49899892   
1165.96645304   
1162.99153458   
1164.40333490   
1165.18834114   
1168.94918969   
1165.66170987   
1169.51644183   
1171.17861392   
1169.57328096   
1169.43382328   
1168.11450518   
1169.95285694   
1168.34652426   
1168.61513259   
1175.18799605   
1175.20799524   
1176.67849889   
1171.76070277   
1176.86909464   
1167.93739408   
1168.47506541   
1173.91267454   
1169.56855170   
1165.84916254   
1164.89097316   
1165.97840172   
1166.17431920   
1165.21018078   
1164.86494584   
1164.54887755   
1169.75277460   
1167.38039362   
1161.56178084   
1166.98161261   
1164.22203532   
1167.08897603   
1165.98626739   
1162.70075294   
1162.69873481   
1161.93080181   
1163.84746989   
1161.97580995   
1162.61719542   
1164.22614414   
1162.27545373   
1172.19791954   
1169.98547555   
1168.91988373   
1162.98580114   
1167.14219568   
1163.96123313   
1166.17717383   
1167.70418502   
1169.94851882   
1168.57497389   
1164.37885410   
1164.70508802   
1166.95036903   
1164.82824244   
1165.57908970   
1163.17209529   
1163.09512377   
1160.32491305   
1167.01557816   
1166.65378305   
1165.50769304   
1162.82333428   
