6.65000000   -0.92200000   -0.03000000   -0.26900000   0.99500000   0.06200000   -0.07300000   25.61907944   99.93328790   5.46610728   -0.08816199   
6.65000000   -0.92200000   -0.03000000   -0.26900000   0.99500000   0.06200000   -0.07300000   25.62395811   99.93651614   5.19164810   -0.08667534   
6.65000000   -0.92200000   -0.03000000   -0.26900000   0.99500000   0.06200000   -0.07300000   25.62239524   99.92473572   5.48932735   0.05128004   
6.65000000   -0.92200000   -0.03000000   -0.26900000   0.99500000   0.06200000   -0.07300000   25.64375782   99.92436583   6.22939660   0.10376767   
6.65000000   -0.92200000   -0.03000000   -0.26900000   0.99500000   0.06200000   -0.07300000   25.65112541   99.89627809   5.92145581   0.15230239   
6.65000000   -0.92200000   -0.03000000   -0.26900000   0.99500000   0.06200000   -0.07300000   25.66504295   99.89708032   5.99319502   0.18639248   
6.65000000   -0.92200000   -0.03000000   -0.26900000   0.99500000   0.06200000   -0.07300000   25.67186303   99.86921919   6.02162087   0.42731336   
6.65000000   -0.92200000   -0.03000000   -0.26900000   0.99500000   0.06200000   -0.07300000   25.66082632   99.84434854   6.10943767   0.41172339   
6.65000000   -0.92200000   -0.03000000   -0.26900000   0.99500000   0.06200000   -0.07300000   25.63902152   99.82821376   5.37065467   0.60901314   
6.65000000   -0.92200000   -0.03000000   -0.26900000   0.99500000   0.06200000   -0.07300000   25.63987992   99.83515899   5.66060498   0.79734883   
6.65000000   -0.92200000   -0.03000000   -0.26900000   0.99500000   0.06200000   -0.07300000   25.68265017   99.83862064   5.62353308   0.80240721   
6.65000000   -0.92200000   -0.03000000   -0.26900000   0.99500000   0.06200000   -0.07300000   25.69119755   99.84392345   4.98415308   0.68420058   
6.65000000   -0.92200000   -0.03000000   -0.26900000   0.99500000   0.06200000   -0.07300000   25.68016896   99.82987573   5.31143672   0.57856564   
6.65000000   -0.92200000   -0.03000000   -0.26900000   0.99500000   0.06200000   -0.07300000   25.68734602   99.83536437   5.59108045   0.73941199   
6.65000000   -0.92200000   -0.03000000   -0.26900000   0.99500000   0.06200000   -0.07300000   25.73036569   99.82841091   5.74626967   0.92478593   
6.65000000   -0.92200000   -0.03000000   -0.26900000   0.99500000   0.06200000   -0.07300000   25.73477194   99.82920723   5.12038475   0.76161926   
6.65000000   -0.92200000   -0.03000000   -0.26900000   0.99500000   0.06200000   -0.07300000   25.72154719   99.82986011   3.84788725   0.50667767   
6.65000000   -0.92200000   -0.03000000   -0.26900000   0.99500000   0.06200000   -0.07300000   25.71067692   99.80039309   3.03197721   0.43556423   
6.65000000   -0.92200000   -0.03000000   -0.26900000   0.99500000   0.06200000   -0.07300000   25.70408842   99.78886689   2.10130810   0.27873728   
6.65000000   -0.92200000   -0.03000000   -0.26900000   0.99500000   0.06200000   -0.07300000   25.73303525   99.75607997   2.26980172   0.26609168   
6.65000000   -0.92200000   -0.03000000   -0.26900000   0.99500000   0.06200000   -0.07300000   25.72530013   99.77124188   1.05738984   0.28958883   
6.65000000   -0.92200000   -0.03000000   -0.26900000   0.99500000   0.06200000   -0.07300000   25.71843603   99.74983273   1.16268968   0.29299763   
6.65000000   -0.92200000   -0.03000000   -0.26900000   0.99500000   0.06200000   -0.07300000   25.71522812   99.76718614   1.19578703   0.33182706   
6.65000000   -0.92200000   -0.03000000   -0.26900000   0.99500000   0.06200000   -0.07300000   25.72020747   99.76800396   1.27287853   0.10200932   
6.65000000   -0.92200000   -0.03000000   -0.26900000   0.99500000   0.06200000   -0.07300000   25.72764880   99.75907224   1.75345753   -0.02776875   
6.65000000   -0.92200000   -0.03000000   -0.26900000   0.99500000   0.06200000   -0.07300000   25.73040216   99.74003620   1.29959076   0.02517283   
6.65000000   -0.92200000   -0.03000000   -0.26900000   0.99500000   0.06200000   -0.07300000   25.75745303   99.74452677   1.02237720   -0.11891786   
6.65000000   -0.92200000   -0.03000000   -0.26900000   0.99500000   0.06200000   -0.07300000   25.74783255   99.76118577   1.47088610   -0.11572335   
6.65000000   -0.92200000   -0.03000000   -0.26900000   0.99500000   0.06200000   -0.07300000   25.73864031   99.75720918   1.22390274   -0.24260093   
6.65000000   -0.92200000   -0.03000000   -0.26900000   0.99500000   0.06200000   -0.07300000   25.73078111   99.75138500   1.07482191   -0.31957742   
6.65000000   -0.92200000   -0.03000000   -0.26900000   0.99500000   0.06200000   -0.07300000   25.70944899   99.76049863   1.13390140   -0.32379446   
6.65000000   -0.92200000   -0.03000000   -0.26900000   0.99500000   0.06200000   -0.07300000   25.70689004   99.75183891   1.05346428   -0.28772248   
6.65000000   -0.92200000   -0.03000000   -0.26900000   0.99500000   0.06200000   -0.07300000   25.73458190   99.73184977   1.66851400   -0.51270897   
6.65000000   -0.92200000   -0.03000000   -0.26900000   0.99500000   0.06200000   -0.07300000   25.73700475   99.73661216   1.59099174   -0.50600952   
6.65000000   -0.92200000   -0.03000000   -0.26900000   0.99500000   0.06200000   -0.07300000   25.74023086   99.74709145   1.34337582   -0.60421582   
6.65000000   -0.92200000   -0.03000000   -0.26900000   0.99500000   0.06200000   -0.07300000   25.73310524   99.74842298   1.20306701   -0.68090583   
6.65000000   -0.92200000   -0.03000000   -0.26900000   0.99500000   0.06200000   -0.07300000   25.69719696   99.73151369   1.20923769   -0.59543785   
6.65000000   -0.92200000   -0.03000000   -0.26900000   0.99500000   0.06200000   -0.07300000   25.72120361   99.74859228   1.16428668   -0.57962453   
6.65000000   -0.92200000   -0.03000000   -0.26900000   0.99500000   0.06200000   -0.07300000   25.71015582   99.74488206   1.22562048   -0.47618371   
6.65000000   -0.92200000   -0.03000000   -0.26900000   0.99500000   0.06200000   -0.07300000   25.72052092   99.73579736   1.50253831   -0.47535375   
6.65000000   -0.92200000   -0.03000000   -0.26900000   0.99500000   0.06200000   -0.07300000   25.70966002   99.71570771   1.19227961   -0.63424639   
6.65000000   -0.92200000   -0.03000000   -0.26900000   0.99500000   0.06200000   -0.07300000   25.69373960   99.73638784   1.12115687   -0.53359977   
6.65000000   -0.92200000   -0.03000000   -0.26900000   0.99500000   0.06200000   -0.07300000   25.72301762   99.72269136   2.09326172   -0.51883033   
6.65000000   -0.92200000   -0.03000000   -0.26900000   0.99500000   0.06200000   -0.07300000   25.75854413   99.73729558   1.54191080   -0.64395531   
6.65000000   -0.92200000   -0.03000000   -0.26900000   0.99500000   0.06200000   -0.07300000   25.75188890   99.73936337   1.52756678   -0.65988540   
6.65000000   -0.92200000   -0.03000000   -0.26900000   0.99500000   0.06200000   -0.07300000   25.74542476   99.74730086   1.65306133   -0.42197384   
6.65000000   -0.92200000   -0.03000000   -0.26900000   0.99500000   0.06200000   -0.07300000   25.73944181   99.75173236   1.18605873   -0.56953529   
6.65000000   -0.92200000   -0.03000000   -0.26900000   0.99500000   0.06200000   -0.07300000   25.73227963   99.73391096   1.43106768   -0.49501026   
6.65000000   -0.92200000   -0.03000000   -0.26900000   0.99500000   0.06200000   -0.07300000   25.73781816   99.74402030   1.14362796   -0.31381639   
6.65000000   -0.92200000   -0.03000000   -0.26900000   0.99500000   0.06200000   -0.07300000   25.72417585   99.74998798   1.11845138   -0.30441035   
6.65000000   -0.92200000   -0.03000000   -0.26900000   0.99500000   0.06200000   -0.07300000   25.72601606   99.73724447   1.01399914   -0.28360312   
6.65000000   -0.92200000   -0.03000000   -0.26900000   0.99500000   0.06200000   -0.07300000   25.72082062   99.73422093   1.10758174   -0.26506538   
6.65000000   -0.92200000   -0.03000000   -0.26900000   0.99500000   0.06200000   -0.07300000   25.72790441   99.76114653   1.22931238   -0.16016560   
6.65000000   -0.92200000   -0.03000000   -0.26900000   0.99500000   0.06200000   -0.07300000   25.71341803   99.75022851   1.23991856   -0.25299896   
6.65000000   -0.92200000   -0.03000000   -0.26900000   0.99500000   0.06200000   -0.07300000   25.73276402   99.75203461   1.05074871   -0.33389453   
6.65000000   -0.92200000   -0.03000000   -0.26900000   0.99500000   0.06200000   -0.07300000   25.71784017   99.75433014   1.02239053   -0.20434768   
6.65000000   -0.92200000   -0.03000000   -0.26900000   0.99500000   0.06200000   -0.07300000   25.71592841   99.74151574   1.22831273   -0.25205557   
6.65000000   -0.92200000   -0.03000000   -0.26900000   0.99500000   0.06200000   -0.07300000   25.72689150   99.75529881   1.10787552   -0.39993029   
6.65000000   -0.92200000   -0.03000000   -0.26900000   0.99500000   0.06200000   -0.07300000   25.73903144   99.74622210   1.15515279   -0.31929886   
6.65000000   -0.92200000   -0.03000000   -0.26900000   0.99500000   0.06200000   -0.07300000   25.72955561   99.73511091   1.17524426   -0.50028622   
6.65000000   -0.92200000   -0.03000000   -0.26900000   0.99500000   0.06200000   -0.07300000   25.74956407   99.73980210   1.12732755   -0.40402766   
6.65000000   -0.92200000   -0.03000000   -0.26900000   0.99500000   0.06200000   -0.07300000   25.75409528   99.75720536   1.17896417   -0.38631176   
6.65000000   -0.92200000   -0.03000000   -0.26900000   0.99500000   0.06200000   -0.07300000   25.73491069   99.72048651   1.43688764   -0.52653103   
6.65000000   -0.92200000   -0.03000000   -0.26900000   0.99500000   0.06200000   -0.07300000   25.73101865   99.71560195   1.06735325   -0.58144328   
6.65000000   -0.92200000   -0.03000000   -0.26900000   0.99500000   0.06200000   -0.07300000   25.73549726   99.74139820   1.08136727   -0.62740651   
6.65000000   -0.92200000   -0.03000000   -0.26900000   0.99500000   0.06200000   -0.07300000   25.70869745   99.73218740   1.06632898   -0.71366558   
6.65000000   -0.92200000   -0.03000000   -0.26900000   0.99500000   0.06200000   -0.07300000   25.70777236   99.72988488   1.05151965   -0.57260418   
6.65000000   -0.92200000   -0.03000000   -0.26900000   0.99500000   0.06200000   -0.07300000   25.72713018   99.72312004   1.19047837   -0.52984194   
6.65000000   -0.92200000   -0.03000000   -0.26900000   0.99500000   0.06200000   -0.07300000   25.73645243   99.73946029   1.09120719   -0.45820012   
6.65000000   -0.92200000   -0.03000000   -0.26900000   0.99500000   0.06200000   -0.07300000   25.73200235   99.72087308   1.05415168   -0.65450502   
6.65000000   -0.92200000   -0.03000000   -0.26900000   0.99500000   0.06200000   -0.07300000   25.74278347   99.72855711   1.05029309   -0.48400130   
6.65000000   -0.92200000   -0.03000000   -0.26900000   0.99500000   0.06200000   -0.07300000   25.74470774   99.72315377   1.10923976   -0.61154763   
6.65000000   -0.92200000   -0.03000000   -0.26900000   0.99500000   0.06200000   -0.07300000   25.72296427   99.72782651   1.05893567   -0.44151157   
6.65000000   -0.92200000   -0.03000000   -0.26900000   0.99500000   0.06200000   -0.07300000   25.71492565   99.73753062   1.56616882   -0.40749728   
6.65000000   -0.92200000   -0.03000000   -0.26900000   0.99500000   0.06200000   -0.07300000   25.70495757   99.76977805   1.04053245   -0.21074660   
6.65000000   -0.92200000   -0.03000000   -0.26900000   0.99500000   0.06200000   -0.07300000   25.73413674   99.73793578   1.42671509   -0.33003444   
6.65000000   -0.92200000   -0.03000000   -0.26900000   0.99500000   0.06200000   -0.07300000   25.74246354   99.76196913   1.19485127   -0.28088256   
6.65000000   -0.92200000   -0.03000000   -0.26900000   0.99500000   0.06200000   -0.07300000   25.74039047   99.75654419   1.17741767   -0.16787280   
6.65000000   -0.92200000   -0.03000000   -0.26900000   0.99500000   0.06200000   -0.07300000   25.72870592   99.75075246   1.33440641   -0.26179990   
6.65000000   -0.92200000   -0.03000000   -0.26900000   0.99500000   0.06200000   -0.07300000   25.73535948   99.74537623   1.45844389   -0.40346956   
6.65000000   -0.92200000   -0.03000000   -0.26900000   0.99500000   0.06200000   -0.07300000   25.72643053   99.74298877   1.39452830   -0.50807248   
6.65000000   -0.92200000   -0.03000000   -0.26900000   0.99500000   0.06200000   -0.07300000   25.71102146   99.73949405   1.45231807   -0.47929985   
6.65000000   -0.92200000   -0.03000000   -0.26900000   0.99500000   0.06200000   -0.07300000   25.71873872   99.74091959   1.81855695   -0.42928901   
6.65000000   -0.92200000   -0.03000000   -0.26900000   0.99500000   0.06200000   -0.07300000   25.71865803   99.74054026   2.18736900   -0.52350417   
6.65000000   -0.92200000   -0.03000000   -0.26900000   0.99500000   0.06200000   -0.07300000   25.73193109   99.72119377   1.31537461   -0.64931980   
6.65000000   -0.92200000   -0.03000000   -0.26900000   0.99500000   0.06200000   -0.07300000   25.76122831   99.73760524   1.54370711   -0.56973862   
6.65000000   -0.92200000   -0.03000000   -0.26900000   0.99500000   0.06200000   -0.07300000   25.74197398   99.72872670   1.68627173   -0.60204104   
6.65000000   -0.92200000   -0.03000000   -0.26900000   0.99500000   0.06200000   -0.07300000   25.72166429   99.72087604   1.19625069   -0.78475530   
6.65000000   -0.92200000   -0.03000000   -0.26900000   0.99500000   0.06200000   -0.07300000   25.74185246   99.70204177   1.01878494   -0.81115548   
6.65000000   -0.92200000   -0.03000000   -0.26900000   0.99500000   0.06200000   -0.07300000   25.73025827   99.71523559   1.22769331   -0.92143861   
6.65000000   -0.92200000   -0.03000000   -0.26900000   0.99500000   0.06200000   -0.07300000   25.72394666   99.74224611   1.13835530   -0.80081675   
6.65000000   -0.92200000   -0.03000000   -0.26900000   0.99500000   0.06200000   -0.07300000   25.72474949   99.74738523   1.08461309   -0.74811405   
6.65000000   -0.92200000   -0.03000000   -0.26900000   0.99500000   0.06200000   -0.07300000   25.74432664   99.73791143   1.15066209   -0.82745956   
6.65000000   -0.92200000   -0.03000000   -0.26900000   0.99500000   0.06200000   -0.07300000   25.73508186   99.73794334   1.18785651   -0.89352625   
6.65000000   -0.92200000   -0.03000000   -0.26900000   0.99500000   0.06200000   -0.07300000   25.74488748   99.73726866   1.17857800   -0.81153791   
6.65000000   -0.92200000   -0.03000000   -0.26900000   0.99500000   0.06200000   -0.07300000   25.72231247   99.73246250   1.08831472   -0.72035540   
6.65000000   -0.92200000   -0.03000000   -0.26900000   0.99500000   0.06200000   -0.07300000   25.74075250   99.74271639   1.18524264   -0.67536839   
6.65000000   -0.92200000   -0.03000000   -0.26900000   0.99500000   0.06200000   -0.07300000   25.73646025   99.74243382   1.28152129   -0.62596404   
6.65000000   -0.92200000   -0.03000000   -0.26900000   0.99500000   0.06200000   -0.07300000   25.73696893   99.76364050   1.06127166   -0.60590387   
6.65000000   -0.92200000   -0.03000000   -0.26900000   0.99500000   0.06200000   -0.07300000   25.73408514   99.73227585   1.16299940   -0.69187198   
6.65000000   -0.92200000   -0.03000000   -0.26900000   0.99500000   0.06200000   -0.07300000   25.74889793   99.72597361   1.03863213   -0.75496089   
6.65000000   -0.92200000   -0.03000000   -0.26900000   0.99500000   0.06200000   -0.07300000   25.73995670   99.73064105   1.06340358   -0.80105473   
6.65000000   -0.92200000   -0.03000000   -0.26900000   0.99500000   0.06200000   -0.07300000   25.75166903   99.72191852   1.03118196   -0.80360988   
6.65000000   -0.92200000   -0.03000000   -0.26900000   0.99500000   0.06200000   -0.07300000   25.75772761   99.73507191   1.20121897   -0.76058465   
6.65000000   -0.92200000   -0.03000000   -0.26900000   0.99500000   0.06200000   -0.07300000   25.73695925   99.73926330   1.16065377   -0.61623942   
6.65000000   -0.92200000   -0.03000000   -0.26900000   0.99500000   0.06200000   -0.07300000   25.72903736   99.73106284   1.22874424   -0.57595042   
6.65000000   -0.92200000   -0.03000000   -0.26900000   0.99500000   0.06200000   -0.07300000   25.72724118   99.73358267   1.23803138   -0.56276721   
6.65000000   -0.92200000   -0.03000000   -0.26900000   0.99500000   0.06200000   -0.07300000   25.72819530   99.75182153   1.00842977   -0.58857826   
6.65000000   -0.92200000   -0.03000000   -0.26900000   0.99500000   0.06200000   -0.07300000   25.74002030   99.73132724   1.02271234   -0.65485224   
6.65000000   -0.92200000   -0.03000000   -0.26900000   0.99500000   0.06200000   -0.07300000   25.72660666   99.73433287   1.22082060   -0.55370672   
6.65000000   -0.92200000   -0.03000000   -0.26900000   0.99500000   0.06200000   -0.07300000   25.73422351   99.74030776   1.23647576   -0.32541571   
6.65000000   -0.92200000   -0.03000000   -0.26900000   0.99500000   0.06200000   -0.07300000   25.72736587   99.73536630   1.00877963   -0.42783293   
6.65000000   -0.92200000   -0.03000000   -0.26900000   0.99500000   0.06200000   -0.07300000   25.73042557   99.73477948   1.33820780   -0.23927590   
6.65000000   -0.92200000   -0.03000000   -0.26900000   0.99500000   0.06200000   -0.07300000   25.72149761   99.73730475   1.29064609   -0.23061401   
6.65000000   -0.92200000   -0.03000000   -0.26900000   0.99500000   0.06200000   -0.07300000   25.72306170   99.74659440   1.33102604   -0.39032293   
6.65000000   -0.92200000   -0.03000000   -0.26900000   0.99500000   0.06200000   -0.07300000   25.71305463   99.74195997   1.22674595   -0.48117085   
6.65000000   -0.92200000   -0.03000000   -0.26900000   0.99500000   0.06200000   -0.07300000   25.72860512   99.74556460   1.64784614   -0.49951456   
6.65000000   -0.92200000   -0.03000000   -0.26900000   0.99500000   0.06200000   -0.07300000   25.72356479   99.73194466   1.14499809   -0.55379437   
6.65000000   -0.92200000   -0.03000000   -0.26900000   0.99500000   0.06200000   -0.07300000   25.71741157   99.73080974   1.09246888   -0.36724395   
6.65000000   -0.92200000   -0.03000000   -0.26900000   0.99500000   0.06200000   -0.07300000   25.72175930   99.73934966   1.27498492   -0.39966323   
6.65000000   -0.92200000   -0.03000000   -0.26900000   0.99500000   0.06200000   -0.07300000   25.73556335   99.74326064   1.68133869   -0.36035931   
6.65000000   -0.92200000   -0.03000000   -0.26900000   0.99500000   0.06200000   -0.07300000   25.72731256   99.74840648   1.72784226   -0.23685055   
6.65000000   -0.92200000   -0.03000000   -0.26900000   0.99500000   0.06200000   -0.07300000   25.71802956   99.73934429   1.09726385   -0.26897093   
6.65000000   -0.92200000   -0.03000000   -0.26900000   0.99500000   0.06200000   -0.07300000   25.71265001   99.75830677   1.00323919   -0.17915191   
6.65000000   -0.92200000   -0.03000000   -0.26900000   0.99500000   0.06200000   -0.07300000   25.71632673   99.72850405   1.15215533   -0.26243618   
6.65000000   -0.92200000   -0.03000000   -0.26900000   0.99500000   0.06200000   -0.07300000   25.72342551   99.74605449   1.07238181   -0.18809921   
6.65000000   -0.92200000   -0.03000000   -0.26900000   0.99500000   0.06200000   -0.07300000   25.72829936   99.75774235   1.21208636   -0.30166822   
6.65000000   -0.92200000   -0.03000000   -0.26900000   0.99500000   0.06200000   -0.07300000   25.73459796   99.72992301   1.21428447   -0.45699366   
6.65000000   -0.92200000   -0.03000000   -0.26900000   0.99500000   0.06200000   -0.07300000   25.73902534   99.74107759   1.07896707   -0.43287382   
6.65000000   -0.92200000   -0.03000000   -0.26900000   0.99500000   0.06200000   -0.07300000   25.73635029   99.74206876   1.04765053   -0.59096466   
6.65000000   -0.92200000   -0.03000000   -0.26900000   0.99500000   0.06200000   -0.07300000   25.72341061   99.72283612   1.18806206   -0.56129343   
6.65000000   -0.92200000   -0.03000000   -0.26900000   0.99500000   0.06200000   -0.07300000   25.72224487   99.72275699   1.10392394   -0.55067274   
6.65000000   -0.92200000   -0.03000000   -0.26900000   0.99500000   0.06200000   -0.07300000   25.74486835   99.73804750   1.14685416   -0.41061397   
6.65000000   -0.92200000   -0.03000000   -0.26900000   0.99500000   0.06200000   -0.07300000   25.73552582   99.73040682   1.22917989   -0.44611064   
