1775.63872257   
1860.61548846   
1835.38397918   
1866.74883392   
1835.80385197   
1834.54328968   
1940.31097244   
1885.46923611   
1918.50024442   
1773.70781626   
1815.47643210   
1902.50637316   
1563.24272532   
1426.83413658   
1404.48371231   
1400.24705305   
1420.23201284   
1341.14910013   
1363.95329344   
1455.53078043   
1339.33024109   
1264.79703562   
1265.48334080   
1251.04698011   
1280.58434682   
1255.16803113   
1351.48623001   
1268.07347917   
1296.72076579   
1264.02714497   
1321.63136082   
1273.20397055   
1260.04654070   
1281.44038212   
1248.05766044   
1252.90072944   
1238.95270005   
1258.41793459   
1274.68980436   
1271.24985975   
1230.91543622   
1230.75529907   
1214.82227586   
1227.15817912   
1216.38655088   
1220.81477563   
1221.02483542   
1226.35227089   
1228.65000774   
1227.86897004   
1224.94505363   
1229.27868820   
1220.20406136   
1223.20878051   
1216.18470166   
1234.26327296   
1231.20198127   
1227.00310555   
1262.36492690   
1272.94049308   
1204.11761209   
1237.97361121   
1216.07532957   
1218.97179337   
1228.52654867   
1219.44188416   
1218.43910849   
1217.08097065   
1214.93829470   
1217.28116894   
1240.81066228   
1209.77203525   
1242.47761968   
1211.16793729   
1247.12235804   
1198.34350814   
1205.89486527   
1201.45282710   
1205.00484677   
1203.67694097   
1206.39489596   
1218.51227730   
1211.32103061   
1247.52537949   
1196.54528347   
1195.85394182   
1190.50522609   
1197.74188943   
1205.53842690   
1192.02890429   
1191.06866441   
1200.37890444   
1209.24384694   
1184.10000952   
1176.43987382   
1189.94281812   
1180.66082563   
1179.90340455   
1184.79366820   
1177.84935484   
1227.07154643   
1190.24167538   
1220.65893880   
1210.35086201   
1186.54941001   
1175.07409871   
1168.83778474   
1185.38568348   
1195.84801418   
1168.31617983   
1173.56876549   
1183.39658408   
1185.94672786   
1175.10291646   
1202.00124433   
1182.92539809   
1180.11078393   
1179.74212735   
1199.56759420   
1167.60154369   
1164.51711705   
1161.36666314   
1174.77124167   
1168.33622741   
1196.88333323   
1188.25661842   
1171.61244142   
1182.53731198   
1180.52571414   
1174.96246404   
1165.73551593   
1184.10387410   
1172.80867536   
1179.92683207   
1182.03129772   
1191.63654729   
1187.30848360   
1178.33509631   
1165.03678095   
1176.18786104   
1175.15850230   
1176.35701149   
1175.25087006   
1183.83688714   
1183.97176117   
1170.59738775   
1172.84173952   
1180.81965878   
1172.68662443   
1177.24753194   
1171.98014482   
1185.24940689   
1191.30587874   
1169.43589502   
1184.23778073   
1163.65544780   
1168.09538074   
1167.43400386   
1171.18650271   
1173.48670193   
1174.10052102   
1177.33178432   
1171.29451065   
1185.35188962   
1178.60778642   
1175.87668152   
1170.36899741   
1163.28465533   
1182.89546868   
1174.04674228   
1176.39697160   
1193.39726562   
1172.17558166   
1169.07664287   
1170.80438669   
1167.34299879   
1169.00448448   
1171.50199911   
1172.27131683   
1161.94571857   
1174.54919216   
1176.39163761   
1182.04819046   
1174.74219224   
1172.97497560   
1166.98626698   
1168.88364174   
1179.14629066   
1179.92084407   
1172.62632359   
1176.77281335   
1171.82088276   
1167.26765498   
1175.84366890   
1174.62204036   
1173.08389041   
1164.63382612   
1178.98949890   
1163.82889721   
1168.04888727   
1192.41157490   
1173.33574675   
1188.25938435   
1172.08921146   
1179.74488455   
1177.40257345   
1187.40555491   
1168.08689732   
1169.39410619   
1178.06988309   
1164.68065400   
1184.33632074   
1176.14306953   
1191.57129165   
1190.84896386   
1163.61545141   
1174.62515834   
1181.25614194   
1175.85397769   
1193.95460254   
1188.93055409   
1168.93151514   
1189.65811649   
1181.99374123   
1177.01229282   
1172.73535607   
1183.39013115   
1172.86964909   
1197.27678614   
1174.25841821   
1169.73311371   
1174.72120693   
1174.08410603   
1175.20484746   
1177.21891626   
1165.07871735   
1201.69949675   
1211.97825881   
1179.34295378   
1172.58681119   
1198.36001767   
1202.22007163   
1181.00903704   
1198.68438624   
1169.46504085   
1163.52602962   
1186.97626653   
1166.77100094   
1170.89844833   
1172.67027114   
1164.22070399   
1185.78678385   
1183.62399834   
1202.12271591   
1175.97333101   
1173.59899927   
1172.01901797   
1214.57351552   
1162.58749246   
1168.58603828   
1174.84927739   
1174.91381257   
1173.63719898   
1176.33992505   
1166.86200827   
1213.95355359   
1203.90718671   
1187.08160053   
1172.07461282   
1193.97083736   
1191.51262621   
1178.22389933   
1185.36965037   
1180.36091353   
1189.26180396   
1181.49504737   
1171.44585809   
1174.66901836   
1198.26859760   
1173.59730672   
1169.79588035   
1167.74784763   
1176.09216170   
1186.10216219   
1171.54244304   
1163.28087853   
1172.58484016   
1202.47244175   
1177.53220638   
1175.18727487   
1168.48026914   
1204.90651649   
1174.70749046   
1171.42954168   
1195.09265600   
1193.73016754   
1176.27834115   
1165.86196498   
1178.39506156   
1173.38887428   
1177.46602652   
1182.84420815   
1178.31337656   
1180.19209992   
1163.43017541   
1184.59178081   
1176.71260828   
1186.29644101   
1169.17347320   
1209.43295031   
1176.95638351   
1181.29606362   
1172.40537321   
1203.84954940   
1197.27418611   
1187.21275565   
1186.76580283   
1182.30195840   
1172.08127655   
1187.98937918   
1167.03635143   
1183.83200260   
1188.50742767   
1196.56366729   
1178.52927329   
1174.84104642   
1196.15908054   
1170.89782250   
1210.84420840   
1172.32256515   
1173.82209214   
1185.21428068   
1167.72084475   
1186.29217456   
1194.31333007   
1165.80282466   
1174.94921575   
1178.45041555   
1190.74405000   
1209.33131131   
1216.14512842   
1179.00665378   
1175.94598621   
1171.48000951   
1165.83211161   
1206.45871003   
1180.38929028   
1178.27749323   
1169.74664677   
1169.73263473   
1169.32628766   
1169.57250724   
1162.53421600   
1162.20742289   
1216.26351475   
1192.32153670   
1168.70751639   
1170.53728440   
1170.96910915   
1169.12384901   
1177.77335011   
1190.56641296   
1166.03483994   
1203.94362101   
1177.00199389   
1189.49484570   
1180.76915220   
1175.38463551   
1184.95296004   
1172.34833868   
1192.53369060   
1164.13201474   
1170.62028674   
1213.64903006   
1177.19368321   
1179.08114122   
1168.21147840   
1175.14611986   
1162.37497507   
1162.38246484   
1178.50994238   
1170.86218160   
1170.00692567   
1167.14224419   
1187.79222394   
1196.37300902   
1171.13337374   
1175.38888603   
1192.91373633   
1183.26963219   
1199.72302351   
1174.46330241   
1192.16363124   
1193.06504333   
1186.28600562   
1183.71752470   
1182.84135747   
1173.32744932   
1179.09119350   
1208.85108704   
1170.07308516   
1186.87817241   
1171.83962500   
1188.21136151   
1173.48804388   
1182.18431077   
1178.12573846   
1166.30935267   
1203.43349604   
1183.89012453   
1177.41485882   
1204.07169444   
1172.31258954   
1170.91252294   
1200.64076351   
1168.90198697   
1169.07583871   
1179.42453894   
1165.06163055   
1179.72410169   
1170.94655646   
1193.86820893   
1175.88267143   
1178.43381822   
1183.34729875   
1162.68155531   
1191.99726191   
1173.63682601   
1163.69461771   
1165.99101396   
1170.48352506   
1166.61368230   
1170.34381080   
1172.08800507   
1172.79044511   
1173.04894073   
1171.84413906   
1179.30139425   
1183.01757620   
1170.88636227   
1171.28734070   
1173.30311095   
1199.18345159   
1175.03498794   
1181.05867784   
1173.96309364   
1192.72458804   
1174.48020546   
1177.56858252   
1184.12386441   
1175.62650929   
1175.49632598   
1200.24426842   
1167.51342227   
1183.85955158   
1183.40403270   
1175.85331224   
1186.26783874   
1171.61923811   
1160.27973085   
1172.79646695   
1174.43707518   
1173.09367199   
1175.59884349   
1177.97282116   
1166.45552617   
1188.06107629   
1178.69696896   
1169.84000495   
1186.84785418   
1163.64904924   
1180.22987413   
1183.01194622   
1175.55195283   
1169.18665062   
1172.84732593   
1194.47949328   
1182.41713125   
1164.18017238   
1193.47240329   
1181.81809031   
1185.62630754   
1177.86408995   
1179.70049141   
1176.93913697   
1189.54525228   
1176.47164644   
1183.14037926   
1180.23924599   
1183.15273990   
1173.86017685   
1165.96606980   
1178.69648146   
1172.64479378   
1175.35178662   
1165.12178877   
1162.86562023   
1179.57283072   
1174.40846339   
1202.29531390   
1168.77515605   
1168.87027633   
1187.27664295   
1171.73492756   
1160.06541036   
1179.36478924   
1170.53415479   
1173.01354805   
1175.70567258   
1164.59225104   
1178.12149759   
1163.91165305   
1169.66901734   
1168.02265360   
1195.40026097   
1177.94375964   
1167.82265844   
1182.01000309   
1180.89309367   
1177.85845221   
1171.83365580   
1175.68920542   
1162.48024772   
1172.74244091   
1188.92646888   
1167.66112228   
1168.08554793   
1193.13939412   
1166.34096995   
1174.56533194   
1175.05189228   
1168.79552773   
1180.63002049   
1183.81906848   
1174.33847708   
1171.62627046   
1166.41528088   
1181.43758457   
1183.98484889   
1197.17381542   
1165.21188777   
1185.46214573   
1168.20003076   
1195.62773998   
1219.43379874   
1187.66372414   
1173.97442932   
1193.26731632   
1187.57665064   
1187.03021283   
1192.53955150   
1171.73405428   
1193.57561005   
1245.40753149   
1172.96588884   
1178.07498316   
1181.93144843   
1166.39914804   
1185.41543723   
1180.41914545   
1181.85898903   
1187.70723588   
1174.71222165   
1172.26585771   
1189.78104956   
1172.51126322   
1165.14614342   
1177.91261476   
1181.98355320   
1177.23406184   
1184.83156635   
1194.36356753   
1193.40875061   
1175.03663582   
1169.33572221   
1164.43474001   
1208.17579017   
1179.30066552   
1191.49643868   
1173.33142087   
1180.60653077   
1182.90441488   
1173.04928150   
1179.70821992   
1196.34544059   
1169.91035109   
1168.47074309   
1173.75798426   
1206.64908049   
1199.96905047   
1181.81096723   
1173.83633882   
1177.93509191   
1210.10491559   
1163.36096485   
1186.82668568   
1191.09278771   
1168.47160861   
1191.40380140   
1186.72357479   
1167.14301355   
1163.92413786   
1174.47910857   
1174.28474597   
1190.71399408   
1181.37303039   
1179.67704605   
1171.38443018   
1174.68510121   
1160.47389676   
1175.39178063   
1166.82679758   
1162.74531683   
1176.52304582   
1168.60369210   
1172.96440467   
1165.69108161   
1177.00220908   
1177.66287902   
1169.60679578   
1177.44431455   
1168.59494859   
1179.47762200   
1178.11513142   
1169.65722674   
1173.83024310   
1178.97310729   
1171.78983450   
1181.84461573   
1174.28250569   
1172.91271841   
1186.95322116   
1165.93367820   
1182.96838516   
1176.99831999   
1175.40880489   
1163.13788479   
1190.44108014   
1174.95495606   
1211.16395493   
1180.43642957   
1165.54796946   
1190.37851756   
1180.64712181   
1236.03345838   
1177.14605589   
1191.43037079   
1180.48456259   
1236.32158515   
1184.30837649   
1173.77783872   
1178.53182950   
1175.07137266   
1180.60013005   
1177.38783338   
1189.38502838   
1162.69596114   
1189.51427618   
1171.18997237   
1172.80107749   
1187.87219728   
1183.78034318   
1170.33495217   
1175.68922787   
1165.24529753   
1188.18755615   
1173.02336566   
1186.68655074   
1198.19651006   
1176.56210086   
1177.31137353   
1233.06878899   
1173.02380883   
1164.45291858   
1173.08627044   
1169.96748249   
1167.71930046   
1174.53654245   
1182.89628960   
1198.18799177   
1175.19753150   
1182.65578240   
1174.54164196   
1166.39646429   
1178.92569625   
1175.28794261   
1166.69118210   
1172.92167953   
1170.68131568   
1168.28788547   
1163.77272796   
1168.27000132   
1181.08201557   
1180.65702217   
1178.80577281   
1171.38449819   
1172.96879117   
1171.93778637   
1210.04391925   
1172.01280420   
1194.85883999   
1178.54624150   
1169.81539591   
1171.62401936   
1172.42293457   
1168.07892387   
1179.62048308   
1175.27481921   
1168.34280077   
1174.73399065   
1203.15421154   
1163.32410093   
1168.88814483   
1177.05192558   
1165.88763788   
1167.73978221   
1202.37357718   
1184.61863039   
1178.22126967   
1188.80807371   
1170.98513029   
1173.32523112   
1197.51192597   
1168.96087720   
1170.11849886   
1191.25023866   
1197.32339548   
1178.14765803   
1194.87663188   
1174.56279006   
1172.27039779   
1168.20340622   
1178.60528245   
1176.53830260   
1185.29165621   
1189.49792513   
1167.34386746   
1197.15048944   
1176.49057264   
1183.51414706   
1168.36934648   
1170.02501635   
1191.33715335   
1174.29062432   
1176.10041225   
1175.88821219   
1180.25136694   
1163.64115751   
1197.00486757   
1175.81243130   
1184.02458794   
1169.20217711   
1172.99338642   
1169.26223469   
1171.15347392   
1175.10440853   
1184.65742770   
1169.71219442   
1171.86193833   
1169.88992814   
1162.59757898   
1169.12718325   
1188.75595305   
1172.75288187   
1166.87862660   
1172.26850120   
1207.31117698   
1190.38691982   
1185.36287178   
1162.79816675   
1169.07324469   
1168.37237182   
1165.22469667   
1181.23982044   
1183.81030186   
1170.51783768   
1171.77083729   
1176.94470537   
1171.08101527   
1212.57096825   
1171.18135551   
1203.93643635   
1163.13805064   
1193.83416409   
1172.57142241   
1181.73006419   
1178.98502513   
1165.91269040   
1169.52299906   
1170.13885553   
1179.78777750   
1173.69849083   
1192.01272076   
1174.14406339   
1165.07974690   
1174.71761762   
1184.39116946   
1187.41450045   
1163.86935630   
1176.18938825   
1181.31451838   
1177.65757832   
1171.11438673   
1168.57547100   
1183.65775151   
1185.04670572   
1170.79917319   
1169.37589373   
1164.48913382   
1178.56533344   
1173.24563540   
1173.68639364   
1170.17152119   
1171.59944075   
1170.73215722   
1185.32500840   
1186.03451082   
1180.94590151   
1185.49610834   
1186.20422511   
1171.97829222   
1189.55662729   
1183.24640857   
1179.01013677   
1167.78388643   
1177.68262629   
1173.65933520   
1166.39478114   
1186.77846703   
1165.98817334   
1172.94045262   
1174.30032717   
1175.33184908   
1186.33934190   
1170.50779957   
1172.13876055   
1172.46807068   
1165.98859055   
1188.10654702   
1195.90210106   
1177.43031774   
1173.12114574   
1193.76349461   
1169.11533824   
1190.82117425   
1191.21814717   
1172.52176714   
1176.01675244   
1167.67880033   
1176.20763728   
1171.47327201   
1182.18029160   
1217.08584234   
1185.16067294   
1167.21460597   
1187.37105977   
1176.36137501   
1174.83858493   
1172.76494939   
1174.47490747   
1187.96649871   
1188.18366252   
1170.11776030   
1166.39050470   
1171.12868381   
1179.76339963   
1212.91684342   
1177.40356369   
1177.10638320   
1176.35508824   
1188.90515617   
1191.55628859   
1177.09635845   
1188.86799676   
1199.01920044   
1196.79694731   
1178.10175562   
1185.73596776   
1196.69439407   
1203.50697052   
1189.69345464   
1182.74332329   
1218.03921721   
1180.47865684   
1200.45678899   
1184.81587661   
1163.60196498   
1180.41358201   
1181.07061092   
1186.26357330   
1177.87186064   
1175.25394433   
1178.44185873   
1187.31354801   
1186.70363367   
1173.57060384   
1182.94292723   
1169.55190795   
1183.36035743   
1183.88704312   
1184.19537742   
1180.77622979   
1179.23176432   
1184.08908538   
1204.54467173   
1164.65012936   
1192.66073882   
1186.97802089   
1174.27677171   
1192.57668049   
1181.63117700   
1167.78909671   
1185.76476121   
1181.94256557   
1186.02188983   
1177.16021833   
1181.55709291   
1177.33361240   
1181.16638659   
1165.31515644   
1169.95938834   
1219.90308908   
1206.25860500   
1179.44632997   
1171.40496939   
1190.88652685   
1178.64475860   
1212.35040810   
1167.09010826   
1178.17117375   
1185.35805850   
1179.64574741   
1179.80847148   
1174.95376875   
1175.48584279   
1180.78484192   
1180.82894607   
1166.91514725   
1176.89956647   
1182.93103685   
1173.64653280   
1183.92376950   
1179.14006291   
1164.00543186   
1180.60934203   
1233.55307783   
1192.45981203   
1180.88660271   
1173.17220131   
1169.65871594   
1188.22240336   
1219.91828939   
1165.28450825   
1181.86160241   
1194.27053719   
1197.47449635   
1220.29069912   
1164.99076280   
1172.84254640   
1182.81870526   
1168.39802983   
1187.38639033   
1170.20922141   
1182.51482041   
1176.12979605   
1179.77191514   
1167.62431383   
1178.53708639   
1199.33966073   
1173.66961487   
1182.37322614   
1210.58272785   
1182.16649307   
1178.80595409   
1178.90554941   
1181.87784918   
1164.91586336   
1165.59418810   
1181.87645286   
1172.05263833   
1176.83011497   
1190.47552015   
1166.48463268   
1179.48890840   
1176.37879990   
1164.42213162   
1172.36559427   
1181.87880620   
1181.72838080   
1211.70786128   
1176.94476563   
1175.35632216   
1186.43210450   
1178.89135353   
1187.91685372   
1187.94601132   
1168.03519111   
1177.21042747   
1208.09381196   
1178.00178793   
1180.52905097   
1174.78446737   
1172.83270215   
1179.54315343   
1194.56996598   
1174.38602123   
1199.82544729   
1175.86278767   
1182.97026438   
1182.58815410   
1182.79128237   
1172.08525825   
1181.24146587   
1193.22033789   
1175.11815366   
1167.10515982   
1188.91468174   
1171.05598700   
1174.63522764   
1180.58417683   
1188.87899821   
1185.83662207   
1173.23051668   
1178.39126887   
1195.52124727   
1180.29897921   
1201.96083744   
1179.19599378   
1179.28497976   
1173.21678741   
1183.77319491   
1172.92806525   
1166.02136397   
1193.45906688   
1166.44108184   
1188.62253219   
1165.24168704   
1173.49896155   
1179.40558473   
1193.01482988   
1171.56089870   
1178.40791100   
1199.35793723   
1163.03393525   
1178.16358110   
1186.33863176   
1171.03842645   
1173.37630752   
1172.08044691   
1178.91425983   
1169.24684934   
1161.43123529   
1171.20084202   
1194.83006872   
1171.19342935   
1172.42911160   
1199.35037120   
1187.16378250   
1204.54415956   
1178.44234779   
1177.08493902   
1192.82711413   
1179.10082472   
1167.99845536   
1178.44118232   
1188.29041530   
1189.93495475   
1170.98726573   
1180.73870620   
1208.97843685   
1167.41484734   
1181.01320663   
1184.37277241   
1193.04718461   
1169.54846855   
1174.55902342   
1179.15387801   
1162.75133123   
1169.75965513   
1167.15258990   
1183.87723675   
1175.61709605   
1205.54539208   
1171.80529448   
1178.75457387   
1167.75325701   
1180.67037455   
1167.35935579   
1161.91168313   
1172.57847611   
1171.09838864   
1180.63515853   
1167.88426322   
1164.18828466   
1190.23989279   
1191.90307357   
1170.31483210   
1183.80660821   
1171.51261626   
1173.40821727   
1170.66182853   
1178.61634381   
1172.46547363   
1195.36001915   
1160.90660964   
1205.34252847   
1191.21943393   
1166.60016471   
1202.93999753   
1180.32543334   
1188.82354766   
1172.66541181   
1174.18948755   
1167.58769255   
1211.42070093   
1187.41639311   
1193.60945146   
1180.69920145   
1189.03194264   
1175.86914291   
1178.19135299   
1173.90166876   
1224.66395075   
1177.63277265   
1198.92506735   
1201.33792166   
1180.35494332   
1182.23201481   
1160.03852549   
1175.44425906   
1187.46926290   
1174.98140804   
1180.29468869   
1190.06981793   
1168.88645331   
1172.80833842   
1175.47409132   
1174.31731454   
1185.77219866   
1168.17693122   
1171.38894840   
1181.16703613   
1175.41519576   
1173.69315036   
1174.47054371   
1184.08262833   
1170.94099540   
1169.20350307   
1166.75600638   
1162.84493961   
1172.06362814   
1178.47382888   
1183.84048044   
1176.10247835   
1164.39240942   
1174.69907955   
1169.30274556   
1174.40105382   
1188.45154769   
1175.21383584   
1170.81266862   
1202.66919769   
1163.70062980   
1176.89640471   
1189.41612658   
1190.04087843   
1175.37085557   
1175.96555296   
1207.73271008   
1173.22300609   
1168.70711729   
1167.69018618   
1182.47934443   
1175.31491029   
1189.86758714   
1172.87515290   
1166.88273589   
1181.54141590   
1168.98946877   
