926.62992588   
904.86040901   
840.62409702   
814.45632373   
809.65585490   
811.88823864   
792.18347679   
758.93378463   
680.63123878   
655.14803044   
635.00035595   
607.08221428   
597.30177866   
595.84069791   
585.20991288   
586.04091181   
585.41270766   
577.16552910   
571.76889933   
571.96606053   
564.73012071   
565.47538910   
565.26863554   
564.06364527   
561.01505340   
562.86526222   
565.68502953   
564.56314534   
558.99254180   
559.94161431   
560.04339884   
558.06392698   
557.40794194   
557.43518253   
554.21144435   
555.78614884   
557.62661516   
559.38288704   
558.33936367   
560.13346178   
562.23462296   
556.30916780   
555.93530631   
555.66610993   
558.10837360   
553.29013489   
549.67850415   
550.05710879   
551.50045766   
544.15998868   
546.48462121   
544.93740600   
545.48592554   
544.93656294   
544.86450642   
544.63988744   
549.79187523   
548.16755826   
549.16965498   
549.17240274   
548.71643842   
547.07672120   
546.31492050   
549.48352202   
549.17366755   
549.87233207   
546.77912997   
545.26004060   
539.94601783   
540.25890950   
543.46776101   
544.43112111   
544.12153295   
539.65095980   
540.93170135   
540.26323879   
538.86337080   
541.19365829   
537.71755038   
535.05653758   
533.45440901   
539.97842296   
538.65206857   
535.95244101   
535.41030033   
535.52498158   
529.89893186   
528.04948596   
528.23051131   
528.12951110   
528.41054653   
528.72604519   
525.64104545   
522.84736610   
522.49062756   
519.72073943   
518.30002200   
518.43299048   
520.07582074   
519.99848570   
519.39924930   
518.51137595   
517.44112526   
519.23043018   
517.26501218   
517.91436242   
518.51949208   
518.18566650   
518.87261978   
519.77446780   
519.78388126   
519.72694578   
520.97686213   
516.94832006   
516.80973025   
520.39474300   
521.94028679   
521.17212735   
519.99076596   
522.44170115   
520.33784221   
519.52250138   
523.24373440   
528.39542476   
524.86829416   
526.69330955   
528.67139714   
531.47709835   
526.17576542   
527.00930545   
526.10558665   
527.06506999   
528.62296040   
522.32532253   
522.85676825   
522.48532687   
521.97157722   
521.10720294   
521.56613418   
526.27498168   
525.33888439   
522.29980051   
519.90401223   
518.53960254   
524.67508977   
522.62620855   
522.51752092   
522.45612164   
517.66944470   
518.61729580   
516.20568699   
517.10768355   
518.11698389   
524.81821661   
523.22981981   
520.45799098   
516.52229243   
519.08273342   
516.40990285   
517.20443109   
519.49039186   
519.39728189   
518.35615934   
518.55814495   
519.83451065   
522.36965833   
522.60961747   
515.90813148   
520.25465351   
519.64775333   
519.95979583   
520.03881263   
521.80080438   
522.03720256   
521.82755624   
522.16313326   
517.79133266   
518.90510539   
518.16447890   
518.77504801   
519.27884369   
525.94055125   
518.67176230   
520.38590444   
520.27263641   
516.54204071   
519.94813571   
521.60166896   
522.36570062   
517.33122861   
516.01972739   
517.30174852   
517.20503756   
519.12901509   
517.16835020   
520.35020211   
519.58946902   
520.14210559   
518.55346236   
519.34637877   
517.10684768   
518.88883714   
515.71753454   
517.05498450   
519.24119115   
518.84251619   
521.57959879   
521.62256848   
524.35895270   
521.79809329   
522.50333421   
516.00958309   
520.20962114   
519.70086639   
518.82349114   
517.61355416   
517.08286920   
519.81368351   
520.14841273   
522.54638848   
521.12921892   
525.55564435   
524.91833414   
524.37398157   
524.48708057   
525.75030576   
520.11001848   
520.00540208   
518.24455859   
518.70386766   
519.64705938   
523.19669004   
522.03938706   
523.30554749   
520.24163100   
520.49653474   
520.10200352   
517.86706087   
521.11124474   
520.44958867   
520.51577270   
519.59139086   
518.46215966   
522.35557078   
517.71329367   
519.82671736   
518.95885887   
520.13539495   
519.55472663   
516.75520390   
517.10593415   
519.35805140   
517.27423947   
517.02939504   
518.71998726   
517.24468868   
517.23235404   
517.58483384   
519.01539599   
516.27352712   
517.35797526   
520.17444996   
520.87251335   
516.91390446   
517.70293070   
517.79782106   
520.78080475   
519.15948537   
519.41881797   
515.87980460   
519.28709548   
517.48495589   
517.67003747   
518.58136927   
519.29388910   
520.91916843   
523.71139505   
519.23428604   
521.63511478   
522.16990588   
522.83075725   
520.41425246   
517.91808166   
519.13423928   
517.51846685   
518.53994976   
519.61744431   
519.91184033   
522.34217594   
521.79134944   
520.90525747   
519.94166019   
520.04087437   
519.03905142   
527.41560899   
526.99642773   
527.89061710   
527.17375603   
522.80697024   
521.38557873   
519.23952688   
520.95112065   
518.22142407   
519.26935494   
519.93675232   
523.01434910   
522.33779422   
521.30658224   
525.06265182   
519.22819108   
519.21168434   
519.92963595   
520.35234144   
519.83588700   
518.65078375   
518.29384380   
519.24860110   
521.61543132   
520.33420650   
522.14352409   
520.50540577   
521.62026132   
519.43947798   
520.35891827   
521.56598072   
522.49194586   
518.33999668   
518.39598420   
519.48870311   
518.93104894   
518.44331435   
521.92060174   
520.88056252   
521.26071549   
517.40410469   
516.77300179   
522.72364394   
522.30975733   
519.31365345   
517.34192639   
517.26115074   
520.86429033   
518.02403266   
519.10567726   
521.62547069   
521.48679221   
519.93698547   
519.30223421   
518.26115128   
520.97228278   
522.01803620   
521.96507650   
521.36532157   
522.57488768   
522.64502843   
523.38713204   
520.03722512   
517.69483671   
524.28157050   
524.39355228   
521.40475760   
524.59123422   
522.08180097   
522.19873295   
523.73459189   
519.62993711   
520.12649284   
520.13615625   
522.05994576   
519.70198432   
518.89465432   
523.07806340   
517.68963165   
516.96116047   
523.18362111   
518.19213435   
520.93653331   
518.15048193   
517.19927598   
517.75175007   
519.83440352   
522.33982507   
522.94299958   
518.59372964   
520.99775914   
521.26435360   
523.52262445   
527.74027116   
528.25550651   
522.03830444   
524.74418085   
523.82669694   
525.85740548   
526.22028876   
525.09691055   
525.48373782   
520.89163509   
521.27903132   
521.66094645   
519.28675121   
522.64854107   
521.74801726   
522.46514042   
521.96934954   
523.16927743   
519.67331697   
519.80187826   
520.03925951   
