926.62992588   
973.82589920   
946.62141335   
938.97841699   
904.86040901   
840.62409702   
814.45632373   
954.17101989   
824.35500246   
866.01744904   
809.65585490   
922.99516143   
857.65659962   
811.88823864   
792.18347679   
758.93378463   
680.63123878   
685.35794700   
712.96111732   
655.14803044   
687.53291381   
635.00035595   
607.08221428   
597.30177866   
595.84069791   
598.91970134   
623.44320472   
620.31570716   
585.20991288   
586.04091181   
585.41270766   
577.16552910   
584.62933769   
571.76889933   
571.96606053   
584.51444310   
588.33578137   
564.73012071   
568.13533550   
571.77477117   
565.47538910   
565.26863554   
564.06364527   
572.88541931   
574.46987402   
561.01505340   
563.23805412   
562.86526222   
565.68502953   
576.67284258   
579.72738900   
564.56314534   
558.99254180   
559.89988767   
559.94161431   
560.04339884   
570.13464621   
569.16943302   
567.51727894   
568.14199173   
558.06392698   
557.40794194   
557.43518253   
554.21144435   
557.28630235   
560.14330537   
555.78614884   
557.62661516   
569.97482088   
560.69611467   
560.18522677   
559.38288704   
567.16317659   
567.71640580   
558.33936367   
560.13346178   
562.23462296   
556.30916780   
558.63521925   
555.93530631   
567.19897190   
561.74508293   
561.82789120   
555.66610993   
569.22378297   
558.10837360   
567.18001223   
553.29013489   
556.81830926   
549.67850415   
550.05710879   
551.61699054   
551.45753060   
558.23698396   
559.37915964   
555.55205536   
561.76569996   
551.50045766   
544.15998868   
548.51452175   
546.48462121   
544.93740600   
545.48592554   
544.93656294   
549.88041451   
558.11112973   
546.38848407   
564.09650908   
559.09855956   
548.49051069   
552.31314815   
544.86450642   
549.15962456   
551.18407596   
557.54400161   
555.26507388   
552.39368415   
549.96777423   
560.07596601   
545.58951991   
549.26200689   
548.86210550   
553.57628182   
552.76372325   
544.63988744   
549.94556429   
546.95444129   
549.79187523   
556.39281868   
566.40169684   
548.16755826   
549.62717841   
549.16965498   
558.44433509   
549.17240274   
548.71643842   
558.14082342   
553.16401142   
547.07672120   
557.99258646   
549.43773620   
551.18699054   
551.75813623   
549.60658536   
551.85548665   
559.42286402   
552.34916616   
546.31492050   
549.48352202   
549.17366755   
559.90670666   
557.78014545   
553.85204492   
549.87233207   
562.42246953   
546.77912997   
550.53180611   
556.45313999   
545.26004060   
539.94601783   
540.25890950   
543.38409031   
543.46776101   
544.43112111   
544.12153295   
557.70880932   
539.65095980   
550.13168381   
545.42326853   
552.10722539   
543.94818788   
547.40447366   
541.60337747   
541.35654238   
566.80307434   
547.05333803   
547.84595959   
540.93170135   
545.08867078   
549.26954318   
540.26323879   
538.86337080   
543.34491244   
545.50990011   
548.30950631   
541.19365829   
551.86214136   
543.87673560   
544.24508807   
537.71755038   
535.05653758   
539.14165568   
535.44439222   
540.90994329   
536.94636743   
533.45440901   
539.97842296   
538.65206857   
550.56066251   
554.85446300   
535.95244101   
541.09263344   
541.06755298   
547.87015104   
535.41030033   
535.52498158   
545.75820751   
529.89893186   
528.04948596   
528.23051131   
530.46832621   
531.49964892   
528.12951110   
536.01897472   
537.67435779   
528.41054653   
537.19775903   
532.64783695   
528.72604519   
525.64104545   
538.24125219   
534.58634275   
531.57480448   
522.84736610   
525.64831554   
531.30043347   
535.01901655   
531.88984572   
531.32806250   
523.93132510   
525.02619222   
535.67316389   
522.49062756   
519.72073943   
527.02929537   
518.30002200   
521.17441381   
524.46779392   
543.25701650   
523.59703327   
522.07500669   
521.39580830   
522.09820510   
523.54485115   
526.89725695   
518.43299048   
526.77161783   
522.63189374   
525.02623561   
527.68333621   
520.07582074   
526.37947586   
519.99848570   
527.85522582   
539.57864588   
525.19236815   
524.20160514   
519.39924930   
528.62267107   
528.93236431   
522.03408571   
520.77031754   
518.51137595   
517.44112526   
519.23043018   
526.99096206   
532.50223808   
521.86831843   
524.52466125   
526.81192923   
517.26501218   
520.93833386   
519.39660928   
530.12192587   
519.52509457   
525.33587190   
522.75268283   
517.91436242   
518.51949208   
523.01677317   
518.18566650   
523.22792415   
521.34580016   
522.88070790   
518.87261978   
519.77446780   
528.37325215   
523.19361420   
529.23024827   
519.78388126   
519.72694578   
534.24578614   
527.71307849   
522.44068599   
522.57508878   
523.24426931   
530.98974828   
520.97686213   
526.92585792   
531.07322575   
555.29804285   
527.64812988   
529.36211459   
525.13603751   
539.48541454   
516.94832006   
524.12902900   
521.84409640   
516.80973025   
524.48311254   
520.12027661   
521.58368368   
525.40515050   
517.84293412   
528.02377358   
521.95786868   
525.24134658   
523.57283277   
525.82296228   
522.44125754   
534.38966272   
523.62157507   
521.56402525   
520.39474300   
529.88621138   
520.95955452   
521.94028679   
533.60881836   
527.15961315   
521.17212735   
519.99076596   
529.28140688   
528.11117279   
524.23364684   
531.76406384   
523.58788733   
523.41912830   
521.05290693   
527.40378793   
528.50495072   
526.48774138   
522.45053673   
524.25762600   
530.67992639   
523.34472602   
522.44170115   
531.72446192   
520.33784221   
519.52250138   
531.88684834   
523.24373440   
528.39542476   
533.63632235   
553.19159048   
524.86829416   
526.69330955   
536.18112048   
533.13903837   
528.67139714   
531.47709835   
526.17576542   
527.00930545   
526.10558665   
528.65066820   
529.74521030   
527.06506999   
528.62296040   
522.32532253   
534.59349845   
538.79230950   
526.36792903   
526.13869495   
522.85676825   
530.55064451   
522.48532687   
524.50452029   
521.97157722   
534.86132456   
523.00702039   
521.10720294   
554.58817432   
521.56613418   
526.27498168   
537.17540329   
530.76520169   
525.33888439   
522.29980051   
525.23557122   
519.90401223   
525.94614936   
518.53960254   
524.67508977   
526.87431283   
522.62620855   
522.51752092   
526.02100652   
530.39675881   
528.41298344   
524.89524552   
522.45612164   
532.76610755   
532.29681499   
540.53468118   
523.57038251   
517.66944470   
518.61729580   
521.06117228   
516.20568699   
522.56197245   
517.10768355   
519.70235823   
518.11698389   
524.81821661   
523.22981981   
532.70181008   
555.53582194   
520.45799098   
526.23240826   
516.52229243   
519.08273342   
527.21855876   
523.07424094   
520.62624271   
523.11221900   
516.40990285   
517.20443109   
523.71249799   
527.80372624   
527.59040094   
526.33601746   
529.24674518   
521.35317784   
522.69313036   
525.43171231   
519.49039186   
542.65267038   
532.13231548   
519.39728189   
518.35615934   
528.24826089   
529.40560991   
527.52524908   
526.31715139   
518.55814495   
535.62029454   
530.48844104   
526.84950367   
519.83451065   
531.81357202   
528.52592203   
525.05408866   
521.23424235   
532.47213727   
525.30156185   
522.36965833   
527.64101952   
523.22876777   
522.60961747   
527.52153766   
536.79357253   
532.12822653   
515.90813148   
517.02282585   
523.05869739   
521.65769512   
525.92306223   
521.58499487   
530.39103877   
523.15562534   
527.99101815   
525.13781308   
524.00195937   
519.64097406   
523.34215763   
530.41967672   
519.84588278   
522.77393339   
520.15159414   
520.26861365   
520.90684524   
524.58835399   
520.25465351   
524.63975379   
525.57858648   
532.17665914   
532.44498218   
527.96138245   
524.15966071   
535.43275929   
529.19680795   
550.89929144   
523.72128096   
528.96583062   
519.64775333   
523.62259355   
536.28890394   
519.95979583   
524.59435967   
526.36329063   
520.03881263   
528.46486475   
521.80080438   
530.33577859   
534.09416648   
522.03720256   
521.82755624   
523.03301770   
525.98123508   
522.16313326   
534.64737687   
526.51912066   
517.79133266   
519.92145459   
546.30362083   
524.34379493   
525.41217834   
518.92419583   
521.38331577   
520.43665689   
523.92481645   
525.68775991   
524.14119602   
520.17229300   
526.69708240   
522.25311978   
526.34334435   
519.86869781   
520.21585664   
523.61015794   
529.25936106   
518.90510539   
524.40885372   
521.15579955   
532.94717070   
518.16447890   
524.27199277   
530.01054273   
524.80684441   
522.75406664   
528.03809849   
527.81048211   
522.81703569   
523.10159434   
532.18831305   
533.42013510   
532.57536180   
532.41495940   
526.60622191   
518.77504801   
519.27884369   
525.94055125   
518.67176230   
520.38590444   
522.32794965   
520.27263641   
516.54204071   
526.92234289   
538.71311626   
521.15304657   
525.89502754   
522.84711675   
525.62882582   
524.19731727   
519.94813571   
531.15199294   
523.09996498   
525.44846864   
529.26698552   
525.09325919   
521.60166896   
525.63242682   
523.58285005   
524.47806503   
522.36570062   
533.08068044   
527.59629384   
517.33122861   
522.66181787   
516.01972739   
517.30174852   
524.11084327   
528.07400748   
539.40874660   
517.20503756   
525.38237498   
522.67368188   
519.12901509   
521.29176883   
525.93993713   
526.51571644   
520.55290726   
517.16835020   
527.53601316   
527.44336812   
519.73749430   
520.35020211   
519.58946902   
520.14210559   
518.55346236   
524.06987963   
519.34637877   
527.02331847   
517.10684768   
520.18502021   
518.88883714   
525.28905142   
515.71753454   
517.05498450   
518.98585084   
519.24119115   
518.84251619   
520.95334303   
521.57959879   
521.62256848   
524.35895270   
521.79809329   
522.50333421   
525.41254992   
516.00958309   
520.82821276   
517.36162298   
523.27764968   
543.94562119   
520.68584200   
528.11511362   
528.29825317   
520.20962114   
519.70086639   
527.99143159   
523.12019655   
521.27384332   
533.30568732   
518.82349114   
519.90035495   
517.61355416   
536.56890379   
517.08286920   
520.18988006   
521.17577502   
524.51100364   
527.06016220   
521.03896922   
521.17832917   
526.08401318   
533.83142083   
524.07626779   
527.40600140   
523.29012514   
522.38265741   
519.81368351   
520.14841273   
522.54638848   
521.12921892   
528.00736180   
525.55564435   
542.82577924   
538.91307676   
531.11295590   
531.90799663   
533.45369225   
524.91833414   
539.11035822   
524.37398157   
531.08993420   
524.48708057   
525.75030576   
536.98985900   
527.23651897   
520.11001848   
520.00540208   
518.24455859   
518.70386766   
519.64705938   
523.19669004   
522.03938706   
540.54071902   
523.30554749   
520.24163100   
520.49653474   
525.64940153   
525.51214081   
525.56666855   
523.08476697   
520.10200352   
517.86706087   
544.01246513   
521.11124474   
529.87657550   
520.44958867   
525.37787461   
520.51577270   
523.32518601   
526.55756655   
545.07821008   
534.66135426   
521.21695283   
522.31114235   
527.28797088   
523.86131302   
527.54874259   
530.37914785   
523.30257780   
523.22089003   
524.26122596   
519.59139086   
525.13419455   
518.46215966   
522.35557078   
531.17610666   
525.61326192   
526.32398872   
517.71329367   
524.78999769   
526.41195944   
522.66640428   
519.82671736   
518.95885887   
520.13539495   
527.11784669   
523.71814253   
523.77233109   
521.44115698   
519.55472663   
529.25676352   
521.67296357   
532.09020315   
523.35480758   
516.75520390   
530.56427998   
520.61016546   
520.80815338   
529.32642187   
519.28015393   
518.75613178   
528.15917046   
519.63632306   
526.73001436   
529.48987580   
525.10463122   
517.10593415   
522.56058770   
523.43689729   
519.35805140   
521.08314283   
522.74250217   
521.66492031   
525.93953950   
527.60700359   
524.11463393   
529.80329466   
527.41148690   
517.27423947   
523.20774880   
521.05834305   
517.02939504   
521.37869605   
526.77502251   
518.71998726   
517.24468868   
519.67623830   
517.23235404   
517.58483384   
519.01539599   
525.43958912   
528.96795472   
528.15703431   
516.27352712   
520.02652620   
521.51951417   
520.49268116   
518.71574367   
524.36296949   
520.96161705   
518.83517824   
526.02078770   
517.35797526   
522.87983076   
520.17444996   
534.92115458   
522.80480975   
523.35658755   
520.87251335   
522.56933498   
524.17002514   
516.91390446   
525.31988777   
524.91882361   
520.04661214   
524.12482811   
526.71023720   
522.84952150   
525.02358724   
527.33993981   
518.70313737   
523.22334676   
524.62613628   
523.43820233   
522.02715477   
519.99655386   
522.23704568   
520.37269034   
525.23435820   
524.64719651   
520.69264572   
523.03014459   
526.56557960   
520.62415206   
526.45194806   
526.25860431   
526.96352065   
527.66369828   
521.64413601   
526.83016775   
524.16956904   
517.70293070   
522.96657023   
523.36067712   
517.79782106   
526.49486539   
520.74377209   
537.38492936   
520.53864533   
526.48642111   
539.90943202   
522.65621488   
522.29056306   
528.00177926   
522.42181526   
520.78080475   
526.26901244   
519.15948537   
526.83004537   
522.24597655   
525.68170760   
519.41881797   
522.57151386   
520.83528611   
524.79752859   
515.87980460   
526.01769266   
525.28333654   
524.52390031   
521.77323845   
519.33460735   
524.56779146   
526.23596923   
529.94587456   
528.36044499   
524.82914113   
523.12120291   
519.28709548   
525.88490615   
527.22315849   
517.48495589   
517.67003747   
532.50260165   
518.58136927   
524.71939268   
519.29388910   
522.47488302   
542.74327913   
520.91916843   
525.81304020   
525.14755569   
523.71139505   
519.23428604   
534.07628896   
529.88920608   
523.35363460   
541.16386914   
521.63511478   
531.02393089   
526.05390627   
522.16990588   
522.83075725   
520.41425246   
537.41224395   
532.70872722   
525.84006082   
517.91808166   
525.62313778   
521.67972599   
520.62405474   
523.12973240   
529.13413395   
526.37239457   
547.16272740   
519.55042728   
519.83545864   
528.99348005   
521.55967559   
519.13423928   
517.51846685   
518.53994976   
519.61744431   
523.59416017   
529.10225816   
530.67846518   
520.00289257   
542.70078344   
546.25306934   
554.37954756   
528.82639902   
529.11433431   
532.80106799   
519.91184033   
522.34217594   
527.90276823   
531.45695248   
543.14488454   
541.79335901   
561.82371871   
544.83780248   
547.63237496   
541.74875602   
529.80702209   
521.79134944   
520.90525747   
525.24800006   
539.49623994   
519.94166019   
526.06185962   
520.04087437   
519.03905142   
527.41560899   
526.99642773   
537.44333367   
527.89061710   
534.41971971   
531.48644336   
531.83901736   
535.53325475   
534.84021243   
530.72180390   
527.17375603   
522.80697024   
521.38557873   
519.23952688   
525.41906181   
522.55883773   
520.95112065   
524.11324732   
528.10485587   
524.79937080   
531.84602887   
518.22142407   
523.17977763   
519.26935494   
519.93675232   
523.01434910   
522.33779422   
527.00158950   
521.30658224   
529.51762826   
528.00084081   
523.51347799   
530.82919848   
525.06265182   
519.22819108   
535.34368986   
521.61091959   
519.21168434   
525.52912075   
523.42422614   
523.62861226   
519.92963595   
528.06087644   
541.66121524   
523.70679022   
522.58280906   
522.93703043   
530.11952971   
524.25514709   
527.21911871   
520.35234144   
521.95731184   
530.22330772   
525.37371573   
519.83588700   
527.52990284   
536.24006510   
532.91987879   
518.65078375   
520.40010433   
518.29384380   
519.24860110   
521.61543132   
520.33420650   
530.57164044   
523.23779531   
538.26661668   
522.14352409   
528.82164856   
527.23077302   
528.50897327   
520.50540577   
521.87498960   
521.62026132   
531.84114066   
522.55284566   
519.43947798   
527.03536334   
525.15214422   
520.35891827   
522.45128455   
524.83491329   
523.56816935   
528.66367066   
521.56598072   
531.00692207   
522.49194586   
525.34032535   
535.50911424   
518.33999668   
537.09818816   
524.03719028   
520.00371556   
537.69779213   
525.19773463   
523.42469196   
526.65689886   
521.74977939   
524.53222876   
518.39598420   
523.56123006   
530.02487360   
524.55898168   
525.79193234   
524.97730931   
526.51534559   
531.75074156   
532.63971088   
522.99147382   
524.65685806   
526.77867972   
529.79253967   
523.36328676   
519.48870311   
530.26689123   
518.93104894   
518.44331435   
529.13075486   
521.92060174   
532.42752122   
544.50211528   
538.13936709   
525.34234806   
520.88056252   
530.34717721   
528.42113138   
521.93975179   
527.65226409   
533.48158000   
526.36340790   
529.15373543   
521.26071549   
517.40410469   
523.56476072   
516.77300179   
521.79845526   
525.13916086   
542.72428412   
528.88996707   
526.58120689   
519.67345141   
523.95598462   
522.72364394   
525.53165615   
528.59931963   
526.52759060   
532.11009280   
522.30975733   
519.31365345   
523.08312385   
517.34192639   
517.26115074   
520.86429033   
524.87490790   
524.28036245   
518.02403266   
519.10567726   
522.71962408   
521.62547069   
521.48679221   
524.83708722   
530.73778821   
519.93698547   
525.01642035   
528.72110518   
550.06555481   
523.90690607   
533.28523641   
525.73163675   
535.61886478   
521.55942055   
533.03346830   
519.30223421   
526.14888847   
539.89389245   
524.52621405   
527.10544894   
521.85879099   
526.10153455   
530.63473044   
520.79331929   
522.52216978   
518.26115128   
519.16280239   
526.72239139   
531.87749600   
543.83716432   
522.49736570   
520.88507759   
531.98530425   
523.79739090   
521.28408318   
520.97228278   
542.86843081   
538.51114941   
524.17473043   
522.01803620   
521.96507650   
521.36532157   
522.57488768   
522.64502843   
523.38713204   
535.41793831   
526.21563052   
524.63253939   
520.03722512   
525.50490749   
522.26338798   
524.97048352   
517.69483671   
525.51502003   
524.28157050   
550.38193598   
536.28799042   
532.27934478   
534.36997998   
552.31358035   
540.02689181   
530.94993071   
527.06814896   
524.39355228   
521.40475760   
546.50492128   
528.19257874   
524.59123422   
528.74147778   
548.95208248   
528.88265371   
522.08180097   
524.66934550   
541.97097029   
522.66696365   
522.19873295   
523.73459189   
527.88190619   
528.60833402   
531.12768726   
527.34898712   
524.79237904   
519.62993711   
548.74743152   
521.41118654   
521.97382266   
520.12649284   
520.13615625   
544.80129753   
524.87435930   
522.05994576   
519.70198432   
524.85315280   
533.74680751   
518.89465432   
520.23165850   
521.91049413   
526.55609520   
522.19070210   
522.37917876   
523.07806340   
517.68963165   
523.30111773   
532.29222547   
516.96116047   
523.18362111   
539.71828977   
532.86875538   
518.19213435   
521.20024303   
525.82871048   
519.44639273   
536.81744602   
520.93653331   
518.15048193   
527.02514317   
519.81118687   
531.88289703   
523.98755211   
520.06708643   
517.19927598   
517.75175007   
519.83440352   
553.68207170   
522.33982507   
522.94299958   
518.59372964   
531.71270014   
540.32498253   
523.97264244   
531.08950127   
524.78960138   
520.99775914   
527.67199853   
531.03535142   
523.29845993   
521.26435360   
523.52262445   
527.74027116   
532.19623469   
528.25550651   
535.11744412   
522.03830444   
525.40634859   
526.85689142   
526.84108130   
524.86075069   
526.06762152   
524.74418085   
523.82669694   
532.86482871   
529.30475653   
525.85740548   
526.22028876   
528.95724136   
525.09691055   
534.00018117   
528.52096693   
527.25533436   
525.48373782   
533.61928000   
531.82623794   
520.89163509   
522.31168942   
527.29526700   
527.38960207   
537.07028709   
521.27903132   
524.71688476   
524.07660826   
521.66094645   
531.84610971   
525.25254575   
525.21486499   
525.59701463   
519.28675121   
522.64854107   
529.64398432   
521.74801726   
522.46514042   
521.96934954   
534.64298534   
528.34014130   
527.65040841   
528.85275082   
549.05359425   
523.16927743   
540.81578760   
562.00231229   
544.02199319   
549.43508507   
525.07717921   
525.35815175   
531.21923506   
533.70990602   
526.09281839   
524.84201167   
529.45213161   
536.79991936   
532.27467387   
543.42166053   
540.96120510   
533.92903201   
534.21477467   
553.92286921   
526.74391707   
530.59318691   
525.68827891   
545.85883770   
525.64204968   
526.87866222   
533.06436187   
519.67331697   
530.19544740   
540.55152455   
529.91433087   
523.93394166   
535.61898394   
523.78664640   
530.73711520   
525.80855871   
525.45412497   
536.70028126   
534.29239828   
523.65786618   
524.93628200   
523.24865949   
519.80187826   
521.64915328   
525.51091236   
532.49814924   
523.48478152   
525.79822658   
521.58348796   
522.72199241   
521.57308099   
529.09214510   
525.05830297   
523.98806189   
526.62674165   
520.03925951   
