1813.91069637   
1594.27551930   
1500.51308863   
1505.69984961   
1371.33581414   
1368.76463018   
1333.49915814   
1319.16795218   
1390.26557911   
1354.04663974   
1291.75147706   
1364.84951843   
1259.96272362   
1271.50542977   
1272.97279096   
1224.90611422   
1235.47934816   
1250.12611363   
1216.19809400   
1271.35169015   
1252.09525869   
1242.05416645   
1231.57547624   
1237.78701466   
1209.08253503   
1195.25018964   
1208.99010272   
1203.32193528   
1198.64668855   
1205.63246772   
1205.67417704   
1196.40794699   
1201.65696865   
1192.06166601   
1197.66338475   
1201.44226915   
1185.28478492   
1180.62323759   
1201.78221569   
1198.42299440   
1199.45772362   
1190.50178552   
1186.97923570   
1193.58742194   
1203.67515886   
1194.87825532   
1202.75240252   
1215.22680544   
1186.99167085   
1194.74032172   
1187.67622521   
1183.43162701   
1199.12079561   
1202.73488867   
1194.53435424   
1194.48014563   
1190.88653790   
1185.90420591   
1204.56532080   
1202.10452763   
1193.15052643   
1203.73241721   
1180.15708861   
1185.27583486   
1178.41459223   
1183.67565414   
1169.14799049   
1200.80657845   
1175.68091245   
1178.08389304   
1172.65483723   
1186.87416755   
1170.38428585   
1169.07439526   
1174.62631826   
1181.22209459   
1180.77623443   
1182.03902192   
1172.92697453   
1184.35405458   
1174.90659057   
1187.74806620   
1199.47457377   
1186.82561981   
1172.41956577   
1196.76064601   
1170.47113916   
1171.00093837   
1186.53929801   
1173.84038570   
1174.05081364   
1180.21930194   
1186.97828901   
1182.51007346   
1178.92107369   
1192.02040977   
1184.82582563   
1175.39013902   
1182.25867878   
1169.62237515   
1187.91709273   
1187.80250743   
1168.28028466   
1175.97038774   
1171.14966510   
1182.56202649   
1180.25658717   
1181.79198713   
1206.12689521   
1206.21611760   
1192.81861233   
1176.11676868   
1182.66768109   
1178.81695731   
1242.36496920   
1183.17635412   
1174.03848981   
1176.26100855   
1185.12976984   
1182.78612099   
1169.08526866   
1168.45535911   
1178.40345720   
1175.16061073   
1192.04754165   
1187.65644885   
1175.31770140   
1180.85837104   
1196.37643382   
1170.16300886   
1175.37178322   
1181.49492110   
1187.58680472   
1176.21945207   
1196.11076151   
1168.54004904   
1179.00855567   
1188.30936924   
1193.47698503   
1195.89862487   
1194.38872856   
1171.71132379   
1169.76261806   
1171.54657509   
1177.43190145   
1182.25868698   
1179.53482469   
1191.04571148   
1186.21818955   
1180.82797571   
1187.02742451   
1189.91087941   
1191.53468717   
1166.35587468   
1179.00340369   
1178.73468807   
1184.25935381   
1198.14547694   
1169.65056342   
1181.58289220   
1177.08543640   
1186.53178281   
1174.68638858   
1177.15805517   
1179.17925029   
1171.00605875   
1176.55972613   
1176.42080932   
1178.56521071   
1165.63581630   
1174.49417258   
1168.49517605   
1179.30625647   
1177.59419622   
1164.11568497   
1175.88984274   
1163.53828169   
1180.29882865   
1184.79737318   
1168.65748678   
1177.20742078   
1200.78558408   
1174.85576138   
1182.11728700   
1168.09542571   
1166.74853580   
1170.60174715   
1162.72518630   
1180.26741315   
1163.95388975   
1170.59495272   
1171.11561094   
1182.96120235   
1176.10229209   
1167.18288861   
1171.08731802   
1177.23258794   
1176.89816886   
1176.95595090   
1178.08881365   
1170.76213343   
1170.35251892   
1171.89457257   
1169.29075146   
1180.27118163   
1200.21212768   
1171.62974969   
1169.70516640   
1166.24160079   
1178.14616772   
1162.88615635   
1182.27591661   
1179.00650479   
1183.99374845   
1167.13405658   
1199.84636323   
1166.10753254   
1177.01500986   
1181.30515713   
1185.33670074   
1188.26450339   
1192.94208001   
1172.53923409   
1170.32895268   
1184.44285414   
1190.16862587   
1178.14932929   
1175.73708502   
1167.21544227   
1172.16101445   
1175.99142015   
1211.71514109   
1175.72791534   
1173.90727658   
1174.81719059   
1181.68767533   
1176.64414332   
1171.25086220   
1188.05625852   
1172.71402636   
1164.71209431   
1167.18073393   
1165.73625177   
1178.66556495   
1175.55163322   
1177.19169228   
1164.93500706   
1175.52208191   
1167.43518579   
1180.63871340   
1186.93229462   
1172.43530677   
1162.71352914   
1180.48472308   
1177.37560291   
1161.79158601   
1187.12792053   
1164.19581403   
1177.79459150   
1176.20699386   
1169.97083113   
1178.93141934   
1168.92985836   
1165.35665168   
1196.61895176   
1165.65097102   
1197.45747116   
1168.46920070   
1177.09767269   
1169.14319370   
1174.97633377   
1178.71509262   
1161.36419343   
1172.72286913   
1175.12987666   
1171.25165049   
1185.58644116   
1170.35932030   
1162.21057173   
1169.62292804   
1179.37491811   
1179.24587237   
1166.42750937   
1171.01660933   
1175.33153678   
1170.50387842   
1170.26895911   
1164.44572817   
1170.91984400   
1170.46819785   
1194.93322950   
1174.00295723   
1172.33137924   
1180.28864182   
1177.48673244   
1172.43482245   
1204.91842009   
1182.08155765   
1169.31735102   
1211.50421596   
1182.82854781   
1198.27889689   
1189.51855975   
1166.02544435   
1220.05500733   
1167.59421422   
1165.98451296   
1192.94942060   
1186.22844897   
1180.49121981   
1172.54445584   
1173.59182721   
1176.76801758   
1164.42528706   
1171.72716122   
1214.36507769   
1179.01542129   
1172.50994678   
1176.80729442   
1179.71588914   
1189.94709222   
1167.78540683   
1193.44899809   
1185.14906989   
1171.62964379   
1180.44759093   
1168.37947122   
1205.66568278   
1172.21620660   
1172.40014169   
1176.19651376   
1169.36006971   
1172.76702908   
1170.26243281   
1190.20252307   
1178.73612885   
1197.54519231   
1180.39471994   
1210.21402965   
1170.42269530   
1175.40647299   
1205.65280438   
1187.55012420   
1196.19124112   
1175.56812065   
1191.65508616   
1173.80114073   
1177.68987716   
1165.91933186   
1172.99009283   
1173.03727731   
1183.05903810   
1175.87896020   
1177.59413705   
1171.68526958   
1176.13215924   
1181.74501639   
1179.48257716   
1172.81350023   
1177.17518247   
1182.34662171   
1170.51272078   
1178.45464951   
1174.86986040   
1173.42875281   
1181.96114310   
1171.08064477   
1168.80260973   
1178.04912923   
1179.21400774   
1178.42630245   
1176.10277528   
1172.78093744   
1179.71152785   
1186.79598025   
1180.77271753   
1173.07937072   
1179.72130513   
1173.22357284   
1167.48575494   
1175.53675183   
1169.52987141   
1174.22801960   
1171.29958885   
1169.49741612   
1172.82682527   
1171.33238139   
1179.09588832   
1165.92727873   
1165.68259269   
1183.14288759   
1189.06884761   
1181.20849276   
1168.97406006   
1197.31472059   
1221.02138014   
1170.42455406   
1176.57931329   
1223.57701715   
1174.05407976   
1166.02850961   
1172.96034127   
1171.78531750   
1169.40418675   
1172.63074962   
1172.08765181   
1162.72449754   
1167.72236812   
1195.07514651   
1162.07756095   
1164.40270083   
1164.33348693   
1174.77743792   
1198.90597127   
1184.27842455   
1195.05320181   
1194.95459510   
1170.16947258   
1169.98361519   
1177.61292438   
1198.61690939   
1171.21026487   
1168.25279863   
1169.13993338   
1174.48818077   
1175.38297264   
1177.86491726   
1169.51728390   
1169.78971824   
1187.25219741   
1176.92090035   
1187.47147166   
1161.19203906   
1174.09815605   
1204.79027574   
1196.62640053   
1164.21047572   
1161.68484748   
1220.93830291   
1166.00048258   
1165.87606613   
1173.66291414   
1165.03161215   
1191.30907152   
1169.23791163   
1168.68300069   
1220.78360276   
1180.24990368   
1179.70945447   
1166.66700040   
1161.31540594   
1175.51113470   
1166.14595605   
1169.38371605   
1166.10521568   
1170.79983831   
1173.07240731   
1195.86386557   
1173.48199261   
1168.11528735   
1166.66809931   
1163.35048684   
1164.02870153   
1162.86780093   
1210.57635159   
1182.76335906   
1184.47947855   
1185.33159032   
1166.34932764   
1179.82778479   
1176.82706750   
1185.38141395   
1171.85552785   
1179.63669103   
1205.83576315   
1164.70689838   
1163.43064987   
1190.36759561   
1177.11328823   
1174.91483155   
1164.72490774   
1178.66544046   
1170.61422664   
1172.98568011   
1176.94583409   
1180.08619056   
1167.89954963   
1183.01026490   
1185.90737728   
1189.82990356   
1174.11571896   
1187.59470217   
1184.24510945   
1178.58198692   
1176.50476211   
1185.85884410   
1171.50513202   
1172.59179525   
1181.30346472   
1176.62112334   
1184.26356380   
1172.48631183   
1166.16693306   
1188.98779364   
1174.12168633   
1189.53291431   
1188.59767623   
1181.89404246   
1181.32804927   
1186.65323147   
1195.59789033   
1174.49778192   
1178.64919204   
1168.94146906   
1172.24837793   
1185.15678198   
1173.00824089   
1172.71812520   
1192.46302461   
1171.03029456   
1176.08256139   
1170.15045892   
1187.06629732   
1172.32231044   
1181.27034605   
1177.55110785   
1178.26799570   
1201.73867469   
1161.00047739   
1168.18204746   
1199.24473692   
1161.83723391   
1166.27962859   
1171.25899963   
1184.19112847   
1171.58723745   
1208.25095976   
1178.29244332   
1169.57116553   
1177.15223526   
1161.67438655   
1170.15185579   
1170.18258653   
1169.93180519   
1169.89647334   
1194.91664337   
1166.11163778   
1169.21275888   
1189.37604895   
1168.68841226   
1171.67710729   
1169.60565895   
1193.29239333   
1170.04929965   
1177.28301420   
1171.59167949   
1168.49115634   
1177.00518470   
1167.53296115   
1185.98593449   
1177.14064702   
1171.14353326   
1209.39799908   
1171.99064754   
1170.59143465   
1169.21483843   
1184.94354796   
1175.13561696   
1166.19002711   
1178.80351536   
1173.39438448   
1172.12052270   
1176.51375378   
1176.79135962   
1173.73086227   
1178.60979989   
1174.91513809   
1174.77091624   
1170.58422776   
1172.60196102   
1185.49499771   
1183.58139217   
1183.27391063   
1194.20161601   
1191.88611827   
1191.36646842   
1209.89675234   
1184.75034482   
1175.41722629   
1169.42996299   
1178.20071135   
1184.24852794   
1182.67823254   
1192.68604558   
1169.91822927   
1168.70550687   
1175.56131705   
1161.34024815   
1174.17700316   
1176.73576415   
1162.39847075   
1188.43544688   
1181.29946771   
1170.77710739   
1169.96411969   
1178.26382316   
1175.53721060   
1171.80200780   
1162.63822616   
1165.54080983   
1195.43291880   
1169.83836715   
1163.47912676   
1168.73588936   
1168.41575362   
1170.58349692   
1166.64295339   
1199.37168647   
1201.99347905   
1191.63653072   
1188.37471549   
1209.36280628   
1171.33885652   
1225.31638718   
1202.33930690   
1188.02532758   
1174.98421156   
1170.96005135   
1166.31747577   
1175.95003963   
1184.48963483   
1174.11793804   
1165.22676729   
1163.50542551   
1170.08044593   
1187.26301946   
1176.57543676   
1172.62192469   
1180.20504235   
1178.31395460   
1196.49130301   
1188.33032759   
1168.28360869   
1171.39035459   
1183.75903533   
1167.57230371   
1174.60903317   
1179.57363062   
1189.69909233   
1177.59580209   
1191.10640657   
1250.78923449   
1192.29540664   
1205.54892703   
1176.61576178   
1219.78368247   
1174.36945086   
1207.65235051   
1178.24465543   
1170.17511066   
1169.76670500   
1171.39973927   
1166.17018022   
1163.50074494   
1195.36756513   
1162.90522117   
1172.78639678   
1167.39970321   
1172.13758507   
1193.35558648   
1168.39879264   
1199.08869125   
1164.19223376   
1168.55438057   
1182.76062305   
1164.35403029   
1195.42889588   
1191.04834576   
1169.35546557   
1181.48341604   
1180.70950650   
1174.71830603   
1239.33405044   
1178.15302656   
1172.08572418   
1189.66466117   
1165.74687240   
1181.73834238   
1171.14503928   
1203.12811943   
1172.90479323   
1199.07889101   
1174.15825190   
1199.98559927   
1167.62270407   
1179.54617811   
1189.15990961   
1175.59129464   
1166.13491805   
1181.57305996   
1178.97591741   
1193.16252816   
1186.87193295   
1182.18248929   
1174.81024200   
1169.88386626   
1176.34956851   
1167.37459394   
1188.86787812   
1189.20299266   
1177.21780146   
1199.79985934   
1166.42330057   
1193.27386289   
1172.00739000   
1179.30846369   
1194.79722741   
1181.73255623   
1177.83199531   
1186.97054428   
1191.24369333   
1210.45334539   
1235.57842677   
1231.19897785   
1175.62336356   
1191.06827319   
1182.75802415   
1166.72348496   
1193.33726025   
1181.68394794   
1169.32727419   
1206.96124853   
1172.96673811   
1184.03624877   
1184.04438370   
1204.34223632   
1179.80708323   
1168.63082529   
1196.99683358   
1194.32138584   
1185.14169170   
1178.56104596   
1216.90670154   
1196.43288039   
1162.25301200   
1168.87041707   
1182.51845392   
1174.44633385   
1176.07044439   
1185.48892465   
1180.81807285   
1178.71934019   
1176.42718779   
1169.01916849   
1164.96596232   
1185.59256251   
1178.70523985   
1163.90064650   
1169.67847523   
1165.26845569   
1171.81852017   
1164.04140421   
1184.19872603   
1166.70384181   
1178.95564756   
1200.63149917   
1172.52718100   
1190.44106150   
1182.30972563   
1190.92890386   
1168.08317594   
1170.16301718   
1166.28602334   
1185.72385182   
1178.18378699   
1170.78447272   
1174.23537498   
1172.48074099   
1170.39639001   
1187.32472621   
1171.98146592   
1175.71401437   
1192.85010748   
1163.13313267   
1172.50942161   
1177.51542033   
1161.37641222   
1170.58241438   
1171.38015264   
1173.28147920   
1167.27116661   
1163.57577134   
1169.69363732   
1161.47533433   
1175.88501669   
1168.49384937   
1174.55955818   
1178.66273918   
1191.99720019   
1166.38039371   
1187.75111590   
1180.63979444   
1169.92983523   
1180.97922621   
1171.03557782   
1191.45602126   
1189.77559599   
1176.34789482   
1173.23287498   
1180.44299207   
1164.43489971   
1162.15218241   
1161.83771046   
1191.26317161   
1172.50502945   
1162.38764835   
1179.58011545   
1178.57499980   
1180.57421089   
1221.25493662   
1195.08969414   
1162.26683068   
1165.56011794   
1181.94671077   
1190.69307180   
1181.97710725   
1162.64368551   
1170.79064039   
1180.29557548   
1171.35158309   
1166.17044656   
1169.26709650   
1168.64008564   
1178.00922267   
1188.51588144   
1219.46395626   
1183.08411532   
1169.31669645   
1174.85879121   
1166.66614208   
1203.85027739   
1177.20991799   
1185.70010370   
1187.99206145   
1178.93078588   
1185.61440535   
1191.10235433   
1190.21687433   
1185.02555240   
1174.67332796   
1202.63460977   
1174.93867368   
1181.01104577   
1177.37803326   
1195.11575588   
1170.98174065   
1171.27552839   
1190.98945003   
1169.01578522   
1160.85297239   
1170.65841427   
1171.77026173   
1196.40028937   
1174.46198177   
1177.66037698   
1171.32804230   
1164.81691326   
1202.63368168   
1169.66646319   
1218.61438561   
1186.39047598   
1164.27547125   
1171.04451903   
1175.21586978   
1162.88213497   
1182.45196037   
1186.09889469   
1171.53727048   
1180.90025325   
1161.04422970   
1187.78456621   
1183.23169237   
1171.74299496   
1178.28456212   
1183.47537414   
1177.99318736   
1170.99677949   
1203.94993073   
1172.78981654   
1172.42041101   
1189.65821053   
1188.06059212   
1222.26253384   
1176.31530741   
1178.04873546   
1174.33448765   
1184.04853376   
1192.21937671   
1167.40296764   
1176.78799738   
1182.99374223   
1176.46888182   
1181.36247232   
1179.28108297   
1174.77990410   
1177.39801849   
1178.40276292   
1173.54667829   
1189.94048193   
1204.74352671   
1174.02817548   
1197.65430175   
1193.93348125   
1171.37367834   
1194.09386999   
1178.76360157   
1165.92925261   
1191.78291777   
1181.88312639   
1167.51699475   
1165.19544844   
1182.90485081   
1182.47230776   
1186.27378316   
1163.79210783   
1189.98794875   
1186.44832321   
1178.46961916   
1179.52152283   
1163.43458859   
1173.30145667   
1169.43216438   
1168.14000262   
1176.89293161   
1175.40518768   
1189.47897897   
1165.39319085   
1172.55796992   
1178.67481632   
1222.71076352   
1182.30866612   
1171.61263363   
1174.71080653   
1163.34018626   
1173.80450906   
1203.63311354   
1167.74143437   
1182.10374502   
1180.95532423   
1203.82022202   
1185.21027504   
1194.79227111   
1193.27328622   
1163.56964652   
1171.88017984   
1195.19015822   
1166.43298262   
1173.43338866   
1168.31321751   
1176.22791182   
1190.54879813   
1183.66005761   
1261.99060955   
1187.34206082   
1169.57269751   
1175.36232295   
1178.60675022   
1178.42261968   
1185.40574608   
1194.45883485   
1218.55686706   
1164.05103257   
1169.54622831   
1174.02088414   
1173.89486243   
1180.30776146   
1162.35596966   
1171.98980174   
1182.39817300   
1169.76313864   
1189.21462275   
1177.21815051   
1163.95308388   
1175.93002722   
1188.96125092   
1168.03536150   
1162.82294129   
1177.04676437   
1170.38904625   
1171.63247079   
1171.45207194   
1170.47005390   
1196.96741295   
1171.47375943   
1169.12827424   
1179.99511453   
1170.68219948   
1179.61130138   
1165.74190945   
1169.59725464   
1182.08137832   
1166.03751290   
1167.42870268   
1174.87472681   
1177.72423103   
1174.53819417   
1177.30398474   
1167.73881982   
1172.99080017   
1170.35931421   
1182.06738632   
1167.16264377   
1206.22384781   
1180.55350120   
1188.66506399   
1196.30497378   
1170.08312465   
1183.16033552   
1184.87542642   
1177.57107139   
1180.31736596   
1163.79487862   
1169.19389067   
1172.33609402   
1184.78396793   
1187.08160772   
1199.63733304   
1177.27064948   
1173.63786047   
1173.58052058   
1180.37470446   
1175.98435778   
1174.08895224   
1166.85695229   
1164.88043795   
1190.13685570   
1168.00584608   
1173.37860373   
1173.93074490   
1179.48484845   
1193.00945481   
1164.81770262   
1180.53676368   
1164.19225803   
1191.99397863   
1170.81348445   
1177.79769188   
1168.52560827   
1173.63483585   
1173.14206805   
1188.51427236   
1175.33913083   
1162.67464182   
1198.99056508   
1166.83297339   
1184.32504609   
1164.03815471   
1170.62177593   
1172.66568203   
1185.97182780   
1183.72241834   
1185.90481261   
1185.63438386   
1164.07811045   
1186.83716341   
1168.42308302   
1179.41490965   
1179.64423838   
1168.99210504   
1175.31865814   
1180.99055933   
1207.62339881   
1170.78179565   
1174.70900688   
1171.70809208   
1161.06837465   
1203.30932611   
1193.43237305   
1174.12172930   
1176.12541293   
1161.20808782   
1169.68135055   
1164.12793837   
1170.14305362   
1168.43493013   
1178.35518877   
1176.54222883   
1164.48596050   
1173.36653551   
1170.22423189   
1172.04259637   
1181.60599236   
1173.99920890   
1199.37038048   
1168.41974791   
1178.33432014   
1172.22470689   
1188.98625278   
1181.34179793   
1166.14170681   
1167.49214015   
1188.96033711   
1166.73574936   
1172.47539508   
1170.11910326   
1207.43865491   
1177.78726149   
1186.42889620   
1174.82527929   
1168.93554018   
1182.87892128   
1170.67108666   
1174.70137645   
1168.63391687   
1181.89429335   
1177.94148231   
1170.89695268   
1169.39207749   
1189.15619956   
1186.30922302   
1163.28724106   
1171.87999202   
1170.35826804   
1171.50727183   
1191.46005127   
1186.28561337   
1178.19218777   
1181.86194070   
1185.73247496   
1185.20193853   
1186.41032279   
1174.15803598   
1182.02091025   
1184.62048919   
1198.76940695   
1178.80245424   
1178.22300768   
1198.84498536   
1185.08616068   
1199.10758398   
1186.85075634   
1194.96853338   
1180.15496851   
1171.64998052   
1182.24298277   
1172.39239604   
1200.44357259   
1186.01766478   
1236.73742421   
1193.56446439   
1183.10525003   
1178.07665095   
1184.97856513   
1199.85132686   
1185.46469191   
1186.46256135   
1208.10968126   
1178.90647644   
1186.39337151   
1195.93202314   
1168.41298506   
1183.53724424   
1171.03809955   
1214.10044067   
1170.59037144   
1188.96324010   
1206.16568049   
1228.14939548   
1183.47397354   
1195.97225228   
1210.05829816   
1173.03361505   
1188.98238195   
1178.40781358   
1182.56077595   
1185.36276387   
1184.10277833   
1170.08161339   
1194.64634143   
1177.39914274   
1168.86109160   
1168.69996855   
1180.80774745   
1183.41665183   
1172.27558262   
1207.28842161   
1175.07486098   
1173.03434833   
