6.92000000   17.86000000   37.61000000   109.56000000   25.89516379   99.89475406   21.59775355   -0.67643146   
6.92000000   17.86000000   37.61000000   109.56000000   25.87031481   99.89606856   21.66601687   -0.62053710   
6.92000000   17.86000000   37.61000000   109.56000000   25.86099507   99.87691960   21.06122246   -0.54098756   
6.92000000   17.86000000   37.61000000   109.56000000   25.84717071   99.86735658   20.49823004   -0.46903288   
6.92000000   17.86000000   37.61000000   109.56000000   25.85415492   99.85599154   20.18795967   -0.50399620   
6.92000000   17.86000000   37.61000000   109.56000000   25.84915845   99.84121504   19.73850237   -0.63980818   
6.92000000   17.86000000   37.61000000   109.56000000   25.83363787   99.81761890   19.64306167   -0.84306879   
6.92000000   17.86000000   37.61000000   109.56000000   25.79606714   99.78130234   20.52169936   -0.70404875   
6.92000000   17.86000000   37.61000000   109.56000000   25.76947026   99.75895068   19.83314854   -0.73965735   
6.92000000   17.86000000   37.61000000   109.56000000   25.76963937   99.74113995   19.88119561   -0.86023573   
6.92000000   17.86000000   37.61000000   109.56000000   25.76362537   99.71546785   18.85684894   -0.80101534   
6.92000000   17.86000000   37.61000000   109.56000000   25.75007812   99.73438735   18.17534154   -0.66174434   
6.92000000   17.86000000   37.61000000   109.56000000   25.77133600   99.71363911   17.10661637   -0.67838539   
6.92000000   17.86000000   37.61000000   109.56000000   25.76786636   99.71945829   16.53127792   -0.65040226   
6.92000000   17.86000000   37.61000000   109.56000000   25.76757757   99.71658727   17.05714416   -0.58743957   
6.92000000   17.86000000   37.61000000   109.56000000   25.76122807   99.71767034   17.04734397   -0.51074530   
6.92000000   17.86000000   37.61000000   109.56000000   25.77079265   99.70744349   17.52810988   -0.43006135   
6.92000000   17.86000000   37.61000000   109.56000000   25.81553270   99.70357566   17.60688051   -0.29632216   
6.92000000   17.86000000   37.61000000   109.56000000   25.84112323   99.70518668   16.58945656   -0.19633965   
6.92000000   17.86000000   37.61000000   109.56000000   25.81227480   99.71775731   16.02923889   -0.23876563   
6.92000000   17.86000000   37.61000000   109.56000000   25.78025450   99.74130246   15.73461965   -0.07037782   
6.92000000   17.86000000   37.61000000   109.56000000   25.80877425   99.72157580   16.66349885   0.06870408   
6.92000000   17.86000000   37.61000000   109.56000000   25.80551285   99.72292610   16.41969787   0.07565463   
6.92000000   17.86000000   37.61000000   109.56000000   25.77721242   99.71550238   16.30044145   -0.02639524   
6.92000000   17.86000000   37.61000000   109.56000000   25.75733892   99.70708036   16.01949179   0.06457420   
6.92000000   17.86000000   37.61000000   109.56000000   25.74347087   99.70056945   15.20510282   0.16023882   
6.92000000   17.86000000   37.61000000   109.56000000   25.75945160   99.70514367   15.08801054   0.17768775   
6.92000000   17.86000000   37.61000000   109.56000000   25.75130132   99.71377677   14.83544503   0.20269867   
6.92000000   17.86000000   37.61000000   109.56000000   25.78027749   99.71927391   14.62394281   0.11048184   
6.92000000   17.86000000   37.61000000   109.56000000   25.78495810   99.71416949   14.34306985   0.07004845   
6.92000000   17.86000000   37.61000000   109.56000000   25.81794152   99.70833932   13.98087010   0.13702218   
6.92000000   17.86000000   37.61000000   109.56000000   25.79911741   99.72532579   13.66501656   0.20948810   
6.92000000   17.86000000   37.61000000   109.56000000   25.77940472   99.72469551   14.08391944   0.27995158   
6.92000000   17.86000000   37.61000000   109.56000000   25.78109938   99.73159113   13.70694193   0.27590327   
6.92000000   17.86000000   37.61000000   109.56000000   25.74275317   99.71551666   14.00271663   0.10741972   
6.92000000   17.86000000   37.61000000   109.56000000   25.76028305   99.70837964   13.97740607   0.10115166   
6.92000000   17.86000000   37.61000000   109.56000000   25.74408744   99.70927913   13.18253039   0.29845075   
6.92000000   17.86000000   37.61000000   109.56000000   25.76074078   99.71124271   12.60002874   0.29330145   
6.92000000   17.86000000   37.61000000   109.56000000   25.74980111   99.70442344   12.17847979   0.25050676   
6.92000000   17.86000000   37.61000000   109.56000000   25.75992020   99.70627317   12.17626206   0.22594701   
6.92000000   17.86000000   37.61000000   109.56000000   25.75763907   99.71351290   11.38947184   0.30071741   
6.92000000   17.86000000   37.61000000   109.56000000   25.73725982   99.71296338   10.26142499   0.26464960   
6.92000000   17.86000000   37.61000000   109.56000000   25.73622419   99.70015449   9.67881642   0.37758646   
6.92000000   17.86000000   37.61000000   109.56000000   25.74354970   99.72913783   9.11453553   0.36065040   
6.92000000   17.86000000   37.61000000   109.56000000   25.73506430   99.72681905   8.55887274   0.39078118   
6.92000000   17.86000000   37.61000000   109.56000000   25.74740270   99.72064718   8.30568096   0.37259662   
6.92000000   17.86000000   37.61000000   109.56000000   25.74767741   99.74975674   8.89592619   0.32140129   
6.92000000   17.86000000   37.61000000   109.56000000   25.74504920   99.73055457   8.16641802   0.37868245   
6.92000000   17.86000000   37.61000000   109.56000000   25.76298283   99.72225480   7.76671514   0.03539473   
6.92000000   17.86000000   37.61000000   109.56000000   25.74755803   99.73594477   7.87909658   0.02430031   
6.92000000   17.86000000   37.61000000   109.56000000   25.73081597   99.70835318   8.03246240   0.15670073   
6.92000000   17.86000000   37.61000000   109.56000000   25.72580256   99.71679403   7.72311593   0.20116592   
6.92000000   17.86000000   37.61000000   109.56000000   25.74415485   99.70844090   8.03013643   0.08282791   
6.92000000   17.86000000   37.61000000   109.56000000   25.75322015   99.72705409   8.18206640   0.10480432   
6.92000000   17.86000000   37.61000000   109.56000000   25.76336286   99.71504135   7.21813283   -0.06994656   
6.92000000   17.86000000   37.61000000   109.56000000   25.73764767   99.70557823   6.95458950   -0.06442046   
6.92000000   17.86000000   37.61000000   109.56000000   25.74992298   99.70309111   6.76268649   0.01978557   
6.92000000   17.86000000   37.61000000   109.56000000   25.75352087   99.70392016   6.65227008   0.19903136   
6.92000000   17.86000000   37.61000000   109.56000000   25.77457704   99.72379771   7.17021332   0.26139752   
6.92000000   17.86000000   37.61000000   109.56000000   25.75335211   99.74123714   6.94957753   0.27096275   
6.92000000   17.86000000   37.61000000   109.56000000   25.72645628   99.72160725   7.23586022   0.30902672   
6.92000000   17.86000000   37.61000000   109.56000000   25.71736592   99.72572271   7.10750322   0.34997227   
6.92000000   17.86000000   37.61000000   109.56000000   25.72134621   99.73838370   7.10536644   0.21148750   
6.92000000   17.86000000   37.61000000   109.56000000   25.72216309   99.73902318   6.43001977   0.27266626   
6.92000000   17.86000000   37.61000000   109.56000000   25.75241032   99.73754304   6.12792409   0.19828057   
6.92000000   17.86000000   37.61000000   109.56000000   25.74376350   99.72628860   6.57256784   0.38645636   
6.92000000   17.86000000   37.61000000   109.56000000   25.75477102   99.72681530   6.04745632   0.26736181   
6.92000000   17.86000000   37.61000000   109.56000000   25.75385121   99.72785838   6.11389321   0.15606293   
6.92000000   17.86000000   37.61000000   109.56000000   25.76119028   99.74221561   5.98835359   0.18142751   
6.92000000   17.86000000   37.61000000   109.56000000   25.76375895   99.71799925   6.10374430   0.17248499   
6.92000000   17.86000000   37.61000000   109.56000000   25.75960739   99.71832278   5.73623358   0.00400616   
6.92000000   17.86000000   37.61000000   109.56000000   25.74072871   99.74002134   5.56146530   0.01357167   
6.92000000   17.86000000   37.61000000   109.56000000   25.71685131   99.75524987   5.28484018   0.07185065   
6.92000000   17.86000000   37.61000000   109.56000000   25.71666456   99.77169522   4.31504381   0.09635366   
6.92000000   17.86000000   37.61000000   109.56000000   25.69609949   99.74969238   4.28025969   0.05538102   
6.92000000   17.86000000   37.61000000   109.56000000   25.67611309   99.74993989   4.16152898   0.18971923   
6.92000000   17.86000000   37.61000000   109.56000000   25.70707340   99.76076815   4.12247784   0.13441120   
6.92000000   17.86000000   37.61000000   109.56000000   25.73361672   99.73832272   3.71339473   0.26783196   
6.92000000   17.86000000   37.61000000   109.56000000   25.70299966   99.73098956   3.33365713   0.10326107   
6.92000000   17.86000000   37.61000000   109.56000000   25.69790790   99.75380782   2.29261452   -0.02492689   
6.92000000   17.86000000   37.61000000   109.56000000   25.70575508   99.74623347   1.77599468   0.11162137   
6.92000000   17.86000000   37.61000000   109.56000000   25.70987208   99.75750288   1.04596733   -0.04062933   
6.92000000   17.86000000   37.61000000   109.56000000   25.73396925   99.76284715   1.02310565   -0.09953149   
6.92000000   17.86000000   37.61000000   109.56000000   25.72704550   99.75620399   1.53828503   -0.14555601   
6.92000000   17.86000000   37.61000000   109.56000000   25.74428438   99.73607717   1.64167641   -0.29592146   
6.92000000   17.86000000   37.61000000   109.56000000   25.76458750   99.74294778   1.44381849   -0.16838270   
6.92000000   17.86000000   37.61000000   109.56000000   25.76888097   99.73430857   1.34533238   -0.30092464   
6.92000000   17.86000000   37.61000000   109.56000000   25.73586791   99.73643921   1.70488365   -0.24025718   
6.92000000   17.86000000   37.61000000   109.56000000   25.74165256   99.73923055   1.11136365   -0.23251026   
6.92000000   17.86000000   37.61000000   109.56000000   25.73460705   99.74865681   1.43425728   -0.23143715   
6.92000000   17.86000000   37.61000000   109.56000000   25.71981242   99.76811334   1.48718765   -0.09281620   
6.92000000   17.86000000   37.61000000   109.56000000   25.72763939   99.74176927   1.59139517   0.02704319   
6.92000000   17.86000000   37.61000000   109.56000000   25.71112466   99.74794813   1.93547117   0.04500534   
6.92000000   17.86000000   37.61000000   109.56000000   25.70759086   99.75152679   1.38345863   -0.03450103   
6.92000000   17.86000000   37.61000000   109.56000000   25.71584734   99.73879753   1.09530325   0.00834183   
6.92000000   17.86000000   37.61000000   109.56000000   25.72744292   99.75745524   2.02640724   -0.05082988   
6.92000000   17.86000000   37.61000000   109.56000000   25.73634845   99.74644889   1.99264751   -0.05612306   
6.92000000   17.86000000   37.61000000   109.56000000   25.72053912   99.75059630   2.11719502   0.04356435   
6.92000000   17.86000000   37.61000000   109.56000000   25.70989252   99.75480846   2.07858356   0.02915804   
6.92000000   17.86000000   37.61000000   109.56000000   25.72219542   99.75921554   1.89286947   0.02008131   
6.92000000   17.86000000   37.61000000   109.56000000   25.75028746   99.76925474   1.62036547   -0.02832336   
6.92000000   17.86000000   37.61000000   109.56000000   25.76101886   99.75796781   1.76390407   -0.32764732   
6.92000000   17.86000000   37.61000000   109.56000000   25.76656014   99.75685156   1.61236574   -0.39526001   
6.92000000   17.86000000   37.61000000   109.56000000   25.76578084   99.73455446   2.30000406   -0.36871505   
6.92000000   17.86000000   37.61000000   109.56000000   25.74741419   99.76713226   2.73141992   -0.46907817   
6.92000000   17.86000000   37.61000000   109.56000000   25.74369424   99.75334814   2.00326859   -0.21445808   
6.92000000   17.86000000   37.61000000   109.56000000   25.72552562   99.76117553   1.97870345   -0.16047500   
6.92000000   17.86000000   37.61000000   109.56000000   25.73866060   99.74073359   1.31645384   -0.37926982   
6.92000000   17.86000000   37.61000000   109.56000000   25.74656533   99.74025685   1.38855481   -0.29807869   
6.92000000   17.86000000   37.61000000   109.56000000   25.72987432   99.74503651   1.87576511   -0.23706839   
6.92000000   17.86000000   37.61000000   109.56000000   25.73105061   99.72534452   1.79744850   -0.15282002   
6.92000000   17.86000000   37.61000000   109.56000000   25.70821848   99.74990217   2.16964033   -0.21461774   
6.92000000   17.86000000   37.61000000   109.56000000   25.73559059   99.74686904   2.14915178   -0.32103626   
6.92000000   17.86000000   37.61000000   109.56000000   25.73643419   99.74326938   1.89242556   -0.32107893   
6.92000000   17.86000000   37.61000000   109.56000000   25.74078352   99.75658258   1.83724927   -0.38588560   
6.92000000   17.86000000   37.61000000   109.56000000   25.74547289   99.73895154   1.54379766   -0.57634713   
6.92000000   17.86000000   37.61000000   109.56000000   25.74656649   99.73727223   1.66201135   -0.63620500   
6.92000000   17.86000000   37.61000000   109.56000000   25.73192867   99.74348010   1.38285673   -0.72332888   
6.92000000   17.86000000   37.61000000   109.56000000   25.74259906   99.74356814   1.11695355   -0.96808383   
6.92000000   17.86000000   37.61000000   109.56000000   25.71597213   99.72561254   1.06395050   -0.85580655   
6.92000000   17.86000000   37.61000000   109.56000000   25.70492249   99.74023573   1.18909837   -0.81012437   
6.92000000   17.86000000   37.61000000   109.56000000   25.72643161   99.70989835   1.74166193   -0.55381393   
6.92000000   17.86000000   37.61000000   109.56000000   25.72493940   99.71489166   1.18556472   -0.58608207   
6.92000000   17.86000000   37.61000000   109.56000000   25.72089605   99.73367455   1.56203085   -0.52519437   
6.92000000   17.86000000   37.61000000   109.56000000   25.70225180   99.74728457   1.35075014   -0.36658295   
6.92000000   17.86000000   37.61000000   109.56000000   25.72985070   99.71740191   1.22128891   -0.30724883   
6.92000000   17.86000000   37.61000000   109.56000000   25.72751529   99.74423568   1.56279149   -0.49028983   
6.92000000   17.86000000   37.61000000   109.56000000   25.69395898   99.71386374   1.08059279   -0.62888911   
6.92000000   17.86000000   37.61000000   109.56000000   25.72069409   99.70612764   1.07581189   -0.60773603   
6.92000000   17.86000000   37.61000000   109.56000000   25.73975946   99.71173545   1.41662714   -0.62067163   
6.92000000   17.86000000   37.61000000   109.56000000   25.74157658   99.73657616   1.10710059   -0.70793116   
6.92000000   17.86000000   37.61000000   109.56000000   25.73450179   99.73226545   1.04993365   -0.68838115   
6.92000000   17.86000000   37.61000000   109.56000000   25.74749435   99.74777153   1.08184653   -0.56805747   
6.92000000   17.86000000   37.61000000   109.56000000   25.73659344   99.71384784   1.58296968   -0.63297326   
6.92000000   17.86000000   37.61000000   109.56000000   25.76342877   99.74067257   1.03363562   -0.59733148   
6.92000000   17.86000000   37.61000000   109.56000000   25.74843480   99.74922132   1.34878452   -0.64079258   
6.92000000   17.86000000   37.61000000   109.56000000   25.74880517   99.72447451   1.07161891   -0.50639705   
6.92000000   17.86000000   37.61000000   109.56000000   25.75253686   99.73098532   1.31734697   -0.51643358   
6.92000000   17.86000000   37.61000000   109.56000000   25.74925062   99.73251020   1.52038651   -0.69533857   
6.92000000   17.86000000   37.61000000   109.56000000   25.76086040   99.72137092   1.06107407   -0.64732951   
6.92000000   17.86000000   37.61000000   109.56000000   25.74672800   99.74470921   1.24885869   -0.73556472   
6.92000000   17.86000000   37.61000000   109.56000000   25.74460447   99.75523244   1.08353195   -0.57937780   
6.92000000   17.86000000   37.61000000   109.56000000   25.73907571   99.73693351   1.61386070   -0.54264441   
6.92000000   17.86000000   37.61000000   109.56000000   25.73700926   99.73106353   1.66572854   -0.62012725   
6.92000000   17.86000000   37.61000000   109.56000000   25.71964709   99.72382798   1.47868618   -0.39559698   
6.92000000   17.86000000   37.61000000   109.56000000   25.72754178   99.73684184   2.15854731   -0.31218078   
6.92000000   17.86000000   37.61000000   109.56000000   25.71964572   99.73581709   1.67876232   -0.33909270   
6.92000000   17.86000000   37.61000000   109.56000000   25.71070605   99.74135116   1.22501428   -0.36303739   
6.92000000   17.86000000   37.61000000   109.56000000   25.71635868   99.73732414   1.07868278   -0.48823880   
6.92000000   17.86000000   37.61000000   109.56000000   25.73070417   99.74830462   1.32797340   -0.47782901   
6.92000000   17.86000000   37.61000000   109.56000000   25.73700768   99.73935941   1.54359540   -0.57663111   
6.92000000   17.86000000   37.61000000   109.56000000   25.72665819   99.73039011   1.10303910   -0.51758314   
6.92000000   17.86000000   37.61000000   109.56000000   25.71657406   99.73946243   1.23116037   -0.55625696   
6.92000000   17.86000000   37.61000000   109.56000000   25.72568081   99.74233740   1.98600276   -0.51138474   
6.92000000   17.86000000   37.61000000   109.56000000   25.71905068   99.73027206   1.44443102   -0.52522232   
6.92000000   17.86000000   37.61000000   109.56000000   25.73203577   99.75073913   1.93536937   -0.43770572   
6.92000000   17.86000000   37.61000000   109.56000000   25.73825252   99.74878794   1.33180435   -0.51539051   
6.92000000   17.86000000   37.61000000   109.56000000   25.75039711   99.74272178   1.41743136   -0.40922297   
6.92000000   17.86000000   37.61000000   109.56000000   25.75417239   99.75158707   1.37880346   -0.52029141   
6.92000000   17.86000000   37.61000000   109.56000000   25.75332712   99.74563819   1.47165894   -0.40305729   
6.92000000   17.86000000   37.61000000   109.56000000   25.74908407   99.72358164   1.49953022   -0.36593064   
6.92000000   17.86000000   37.61000000   109.56000000   25.73331642   99.72790985   1.20855226   -0.28383972   
6.92000000   17.86000000   37.61000000   109.56000000   25.73038768   99.72781751   1.56785910   -0.22665847   
6.92000000   17.86000000   37.61000000   109.56000000   25.72535272   99.74143129   2.33506930   -0.21693147   
6.92000000   17.86000000   37.61000000   109.56000000   25.72260520   99.72532300   2.50788981   -0.12699120   
6.92000000   17.86000000   37.61000000   109.56000000   25.69682090   99.72514636   1.49435123   -0.22245847   
6.92000000   17.86000000   37.61000000   109.56000000   25.70153491   99.71476940   1.12086162   -0.21087140   
6.92000000   17.86000000   37.61000000   109.56000000   25.69096313   99.71925555   2.08512883   -0.11987953   
6.92000000   17.86000000   37.61000000   109.56000000   25.68760928   99.73170512   2.18734946   -0.02245900   
6.92000000   17.86000000   37.61000000   109.56000000   25.70435579   99.74104683   1.56450069   0.02150287   
6.92000000   17.86000000   37.61000000   109.56000000   25.70567152   99.74810066   1.21078739   0.03518320   
6.92000000   17.86000000   37.61000000   109.56000000   25.71189386   99.74938764   1.05426707   0.04086767   
6.92000000   17.86000000   37.61000000   109.56000000   25.70658858   99.74906046   1.39450185   0.06999890   
6.92000000   17.86000000   37.61000000   109.56000000   25.72344183   99.73902553   1.28596269   0.13414435   
6.92000000   17.86000000   37.61000000   109.56000000   25.72924461   99.73615767   1.64724939   0.10513899   
6.92000000   17.86000000   37.61000000   109.56000000   25.75577298   99.74439674   1.39655757   -0.12616945   
6.92000000   17.86000000   37.61000000   109.56000000   25.73565632   99.74663589   1.05112395   -0.03639108   
6.92000000   17.86000000   37.61000000   109.56000000   25.74356216   99.74027869   1.53221718   -0.19128313   
6.92000000   17.86000000   37.61000000   109.56000000   25.72752134   99.74116994   1.16630216   -0.08660308   
6.92000000   17.86000000   37.61000000   109.56000000   25.72642542   99.74349727   1.59838867   -0.07506224   
6.92000000   17.86000000   37.61000000   109.56000000   25.72188302   99.75882991   1.44954414   -0.07122507   
6.92000000   17.86000000   37.61000000   109.56000000   25.72447432   99.75615626   1.07926047   -0.10055000   
6.92000000   17.86000000   37.61000000   109.56000000   25.71095095   99.76165347   1.31484904   -0.22534334   
6.92000000   17.86000000   37.61000000   109.56000000   25.72140129   99.76633002   1.48746364   -0.22078214   
6.92000000   17.86000000   37.61000000   109.56000000   25.70978374   99.75240742   1.32326106   -0.24589626   
6.92000000   17.86000000   37.61000000   109.56000000   25.72618040   99.72054049   1.05026722   -0.35767637   
6.92000000   17.86000000   37.61000000   109.56000000   25.71431235   99.72871989   1.43389055   -0.14067901   
6.92000000   17.86000000   37.61000000   109.56000000   25.73955172   99.72850617   1.52318114   -0.23828233   
6.92000000   17.86000000   37.61000000   109.56000000   25.72262413   99.73297949   1.40315313   -0.27213270   
6.92000000   17.86000000   37.61000000   109.56000000   25.72792675   99.75989239   1.46227322   -0.18750850   
6.92000000   17.86000000   37.61000000   109.56000000   25.74162392   99.74975337   1.11032207   -0.17135262   
6.92000000   17.86000000   37.61000000   109.56000000   25.73683796   99.73999927   1.04949418   -0.17931131   
6.92000000   17.86000000   37.61000000   109.56000000   25.73181351   99.73232418   1.72356606   -0.27949766   
6.92000000   17.86000000   37.61000000   109.56000000   25.73217953   99.75722573   1.67178505   -0.21866192   
6.92000000   17.86000000   37.61000000   109.56000000   25.71395135   99.75035648   1.45398826   -0.05855520   
6.92000000   17.86000000   37.61000000   109.56000000   25.72512255   99.75950682   1.33539187   -0.16108994   
6.92000000   17.86000000   37.61000000   109.56000000   25.74380320   99.73156064   1.17258106   -0.21618211   
6.92000000   17.86000000   37.61000000   109.56000000   25.71458795   99.71579186   1.48346220   -0.34228348   
6.92000000   17.86000000   37.61000000   109.56000000   25.74404834   99.72295882   1.54782483   -0.29522443   
6.92000000   17.86000000   37.61000000   109.56000000   25.74465965   99.75772000   1.47891727   -0.32496910   
6.92000000   17.86000000   37.61000000   109.56000000   25.74415935   99.74223956   1.86469585   -0.48862986   
6.92000000   17.86000000   37.61000000   109.56000000   25.74807512   99.72379641   1.79524431   -0.49812002   
6.92000000   17.86000000   37.61000000   109.56000000   25.75653134   99.74513831   1.70960507   -0.53919885   
6.92000000   17.86000000   37.61000000   109.56000000   25.75334441   99.73867081   1.26462856   -0.53794190   
6.92000000   17.86000000   37.61000000   109.56000000   25.75413565   99.74832530   1.04934777   -0.55632979   
6.92000000   17.86000000   37.61000000   109.56000000   25.73937585   99.73584653   1.11530282   -0.56779563   
6.92000000   17.86000000   37.61000000   109.56000000   25.73405059   99.73513271   1.19478339   -0.36680102   
6.92000000   17.86000000   37.61000000   109.56000000   25.71411746   99.75359476   1.24058584   -0.50108080   
6.92000000   17.86000000   37.61000000   109.56000000   25.72607225   99.74517021   1.27078872   -0.59954265   
6.92000000   17.86000000   37.61000000   109.56000000   25.73760364   99.73871766   1.27964163   -0.58136234   
6.92000000   17.86000000   37.61000000   109.56000000   25.72283344   99.74110735   1.50875836   -0.47977259   
6.92000000   17.86000000   37.61000000   109.56000000   25.72921170   99.72956071   1.41172751   -0.36905004   
6.92000000   17.86000000   37.61000000   109.56000000   25.70982494   99.74848256   1.54397590   -0.23856806   
6.92000000   17.86000000   37.61000000   109.56000000   25.72847650   99.74195565   1.28232004   -0.16435577   
6.92000000   17.86000000   37.61000000   109.56000000   25.74215359   99.72549269   1.15855956   -0.15234850   
6.92000000   17.86000000   37.61000000   109.56000000   25.73719178   99.74260111   1.20223532   -0.16053732   
6.92000000   17.86000000   37.61000000   109.56000000   25.71792518   99.74336013   1.14488766   -0.28659560   
6.92000000   17.86000000   37.61000000   109.56000000   25.73442014   99.72941510   1.23734203   -0.35037633   
6.92000000   17.86000000   37.61000000   109.56000000   25.72360756   99.74384151   1.56722666   -0.41100793   
6.92000000   17.86000000   37.61000000   109.56000000   25.74782950   99.72943665   1.51516433   -0.48302554   
6.92000000   17.86000000   37.61000000   109.56000000   25.73316356   99.73206822   1.52530478   -0.57563864   
6.92000000   17.86000000   37.61000000   109.56000000   25.76024162   99.71953797   1.71751039   -0.70476008   
6.92000000   17.86000000   37.61000000   109.56000000   25.74488946   99.70782946   1.54283703   -0.65355517   
6.92000000   17.86000000   37.61000000   109.56000000   25.72192389   99.72006113   1.71178966   -0.50916744   
6.92000000   17.86000000   37.61000000   109.56000000   25.75101858   99.73007339   1.47816020   -0.43181053   
6.92000000   17.86000000   37.61000000   109.56000000   25.76252768   99.72524813   1.59926567   -0.50881268   
6.92000000   17.86000000   37.61000000   109.56000000   25.75211041   99.73175006   1.68927801   -0.53483132   
6.92000000   17.86000000   37.61000000   109.56000000   25.73774172   99.74203594   2.11325727   -0.44695621   
6.92000000   17.86000000   37.61000000   109.56000000   25.74029355   99.75117087   1.62735760   -0.39779505   
6.92000000   17.86000000   37.61000000   109.56000000   25.72968285   99.75351174   1.71140722   -0.44386802   
6.92000000   17.86000000   37.61000000   109.56000000   25.72991155   99.72229794   1.53400140   -0.41869150   
6.92000000   17.86000000   37.61000000   109.56000000   25.74627575   99.75233150   1.21754594   -0.32592645   
6.92000000   17.86000000   37.61000000   109.56000000   25.75361402   99.75377023   1.09052198   -0.36686395   
6.92000000   17.86000000   37.61000000   109.56000000   25.72658178   99.73914463   1.29726123   -0.48524964   
6.92000000   17.86000000   37.61000000   109.56000000   25.73967791   99.73839953   1.67600280   -0.43861370   
6.92000000   17.86000000   37.61000000   109.56000000   25.76285661   99.74097751   1.42019035   -0.35614516   
6.92000000   17.86000000   37.61000000   109.56000000   25.72644282   99.75050356   1.81022303   -0.35193122   
6.92000000   17.86000000   37.61000000   109.56000000   25.74550908   99.73633335   2.68051370   -0.41629339   
6.92000000   17.86000000   37.61000000   109.56000000   25.73645438   99.72766564   2.14297460   -0.37925342   
6.92000000   17.86000000   37.61000000   109.56000000   25.73797040   99.75232990   1.75846307   -0.24256065   
6.92000000   17.86000000   37.61000000   109.56000000   25.73468776   99.73688881   2.13635086   -0.39502483   
6.92000000   17.86000000   37.61000000   109.56000000   25.71791511   99.72898387   1.29894913   -0.36728254   
6.92000000   17.86000000   37.61000000   109.56000000   25.72861953   99.72343288   1.15054543   -0.34498702   
6.92000000   17.86000000   37.61000000   109.56000000   25.74523304   99.73034404   1.31036863   -0.49920834   
6.92000000   17.86000000   37.61000000   109.56000000   25.73274476   99.71980973   1.36473384   -0.58490715   
6.92000000   17.86000000   37.61000000   109.56000000   25.73965236   99.75892871   1.14627744   -0.71816990   
6.92000000   17.86000000   37.61000000   109.56000000   25.74682164   99.76225840   1.41696995   -0.66124958   
6.92000000   17.86000000   37.61000000   109.56000000   25.73278183   99.74106287   1.55464665   -0.78615719   
6.92000000   17.86000000   37.61000000   109.56000000   25.71698384   99.71734435   1.40229649   -0.60573999   
6.92000000   17.86000000   37.61000000   109.56000000   25.73353072   99.72805658   1.87931304   -0.45628982   
6.92000000   17.86000000   37.61000000   109.56000000   25.75044258   99.72678737   1.70843113   -0.61329169   
6.92000000   17.86000000   37.61000000   109.56000000   25.72464001   99.72249333   1.14843038   -0.44560473   
6.92000000   17.86000000   37.61000000   109.56000000   25.72620092   99.73311968   1.15706506   -0.55717168   
6.92000000   17.86000000   37.61000000   109.56000000   25.72706793   99.73943142   1.18606261   -0.44170117   
6.92000000   17.86000000   37.61000000   109.56000000   25.72972390   99.73156943   1.29057934   -0.43375070   
6.92000000   17.86000000   37.61000000   109.56000000   25.75016637   99.73993576   1.82928105   -0.59278755   
6.92000000   17.86000000   37.61000000   109.56000000   25.74017024   99.74681674   2.01875578   -0.73659935   
6.92000000   17.86000000   37.61000000   109.56000000   25.73527726   99.75377637   1.07222680   -0.74877144   
6.92000000   17.86000000   37.61000000   109.56000000   25.73031976   99.75043749   1.43951675   -0.71736452   
6.92000000   17.86000000   37.61000000   109.56000000   25.73685682   99.75177552   1.08993140   -0.85310075   
6.92000000   17.86000000   37.61000000   109.56000000   25.73494259   99.72785270   1.11009477   -0.79925720   
6.92000000   17.86000000   37.61000000   109.56000000   25.73515900   99.71477566   1.07955732   -0.79631032   
6.92000000   17.86000000   37.61000000   109.56000000   25.72333868   99.72349575   1.16860578   -0.84776999   
6.92000000   17.86000000   37.61000000   109.56000000   25.72778129   99.70181348   1.02887133   -0.86292776   
6.92000000   17.86000000   37.61000000   109.56000000   25.73763951   99.72113713   1.04152785   -0.77089041   
6.92000000   17.86000000   37.61000000   109.56000000   25.71536231   99.73346346   1.30733697   -0.76421385   
6.92000000   17.86000000   37.61000000   109.56000000   25.73114260   99.72228687   1.44707791   -0.58538529   
6.92000000   17.86000000   37.61000000   109.56000000   25.71604278   99.72239528   1.60728252   -0.45060560   
6.92000000   17.86000000   37.61000000   109.56000000   25.72109597   99.74140584   2.20943875   -0.52461617   
6.92000000   17.86000000   37.61000000   109.56000000   25.73552938   99.74984937   1.87970009   -0.35266968   
6.92000000   17.86000000   37.61000000   109.56000000   25.74058275   99.73974232   2.39601996   -0.35901574   
6.92000000   17.86000000   37.61000000   109.56000000   25.71310599   99.73537773   2.24159253   -0.46870039   
6.92000000   17.86000000   37.61000000   109.56000000   25.70919084   99.72968617   2.19005123   -0.54975487   
6.92000000   17.86000000   37.61000000   109.56000000   25.71975738   99.74672470   2.71835253   -0.40716482   
6.92000000   17.86000000   37.61000000   109.56000000   25.73838029   99.73210251   2.44426752   -0.32060124   
6.92000000   17.86000000   37.61000000   109.56000000   25.73975976   99.73212696   2.33232906   -0.31732159   
6.92000000   17.86000000   37.61000000   109.56000000   25.73571616   99.73735240   1.91301750   -0.35640705   
6.92000000   17.86000000   37.61000000   109.56000000   25.71290621   99.74782955   2.22016377   -0.34677164   
6.92000000   17.86000000   37.61000000   109.56000000   25.70334704   99.75203512   2.10813209   -0.29586425   
6.92000000   17.86000000   37.61000000   109.56000000   25.68969788   99.74698564   2.37425264   -0.37835975   
6.92000000   17.86000000   37.61000000   109.56000000   25.70256958   99.77374541   1.47667498   -0.34844805   
6.92000000   17.86000000   37.61000000   109.56000000   25.73043622   99.77341651   1.48837717   -0.38823890   
6.92000000   17.86000000   37.61000000   109.56000000   25.70872116   99.76809008   1.23263163   -0.48186660   
6.92000000   17.86000000   37.61000000   109.56000000   25.70892942   99.74502239   1.34249749   -0.29019205   
6.92000000   17.86000000   37.61000000   109.56000000   25.74243303   99.75578157   1.26331155   -0.25001565   
6.92000000   17.86000000   37.61000000   109.56000000   25.73894882   99.74573726   1.45045054   -0.18289232   
6.92000000   17.86000000   37.61000000   109.56000000   25.73538851   99.72740578   1.44800999   -0.13965835   
6.92000000   17.86000000   37.61000000   109.56000000   25.74451617   99.75044351   1.13627478   -0.14553619   
6.92000000   17.86000000   37.61000000   109.56000000   25.73381391   99.76393391   1.09737855   -0.10480712   
6.92000000   17.86000000   37.61000000   109.56000000   25.71947519   99.75777510   1.14129480   -0.29416044   
6.92000000   17.86000000   37.61000000   109.56000000   25.73193549   99.76443122   1.10584870   -0.32216404   
6.92000000   17.86000000   37.61000000   109.56000000   25.71484906   99.75665286   1.13484728   -0.27610827   
6.92000000   17.86000000   37.61000000   109.56000000   25.74170675   99.75148405   1.12591034   -0.28131605   
6.92000000   17.86000000   37.61000000   109.56000000   25.71809360   99.75798325   1.12516294   -0.15750423   
6.92000000   17.86000000   37.61000000   109.56000000   25.72237484   99.74146272   1.05208334   -0.29326139   
6.92000000   17.86000000   37.61000000   109.56000000   25.72398927   99.74103477   1.02545881   -0.41172213   
6.92000000   17.86000000   37.61000000   109.56000000   25.73625290   99.73738611   1.18120619   -0.56603327   
6.92000000   17.86000000   37.61000000   109.56000000   25.72890059   99.74063704   1.72085111   -0.64601654   
6.92000000   17.86000000   37.61000000   109.56000000   25.71632672   99.73981590   1.93985928   -0.56982034   
6.92000000   17.86000000   37.61000000   109.56000000   25.70613851   99.75241134   1.46317403   -0.44565598   
6.92000000   17.86000000   37.61000000   109.56000000   25.71743242   99.75233931   1.63312492   -0.48388336   
6.92000000   17.86000000   37.61000000   109.56000000   25.72978717   99.75304931   1.43107061   -0.43473137   
6.92000000   17.86000000   37.61000000   109.56000000   25.73287450   99.75909005   1.43418221   -0.34546064   
6.92000000   17.86000000   37.61000000   109.56000000   25.70850909   99.76229460   1.14299609   -0.30693545   
6.92000000   17.86000000   37.61000000   109.56000000   25.73876654   99.74919234   1.25718930   -0.30765654   
6.92000000   17.86000000   37.61000000   109.56000000   25.75025298   99.72594837   1.78701747   -0.49193938   
6.92000000   17.86000000   37.61000000   109.56000000   25.74320723   99.72586975   2.43347898   -0.53168322   
6.92000000   17.86000000   37.61000000   109.56000000   25.76527061   99.71633188   2.09439555   -0.53819033   
6.92000000   17.86000000   37.61000000   109.56000000   25.71914930   99.75574809   2.14232149   -0.79324255   
6.92000000   17.86000000   37.61000000   109.56000000   25.71378025   99.72952191   2.38225451   -0.79690513   
6.92000000   17.86000000   37.61000000   109.56000000   25.72853515   99.74436251   2.57673195   -0.86083792   
6.92000000   17.86000000   37.61000000   109.56000000   25.71036687   99.72841371   2.32356127   -0.77082187   
6.92000000   17.86000000   37.61000000   109.56000000   25.70477395   99.72840222   2.11627060   -0.95134213   
6.92000000   17.86000000   37.61000000   109.56000000   25.71065957   99.71682010   1.99766074   -0.98860029   
6.92000000   17.86000000   37.61000000   109.56000000   25.71433331   99.71675535   2.18825708   -1.00781267   
6.92000000   17.86000000   37.61000000   109.56000000   25.69107867   99.71257205   1.18733444   -0.95136046   
6.92000000   17.86000000   37.61000000   109.56000000   25.69479684   99.75650179   1.01014892   -0.79980352   
6.92000000   17.86000000   37.61000000   109.56000000   25.72030945   99.74225914   1.42397205   -0.73659344   
6.92000000   17.86000000   37.61000000   109.56000000   25.74548492   99.71591479   1.79743269   -0.67225394   
6.92000000   17.86000000   37.61000000   109.56000000   25.73423081   99.71661089   1.70524107   -0.64799913   
6.92000000   17.86000000   37.61000000   109.56000000   25.73588250   99.70992506   1.42305949   -0.65859152   
6.92000000   17.86000000   37.61000000   109.56000000   25.73472235   99.70574026   1.19587211   -0.60028421   
6.92000000   17.86000000   37.61000000   109.56000000   25.73383698   99.71287381   1.62290188   -0.67375242   
6.92000000   17.86000000   37.61000000   109.56000000   25.74271532   99.71940976   1.25421710   -0.61570131   
6.92000000   17.86000000   37.61000000   109.56000000   25.72143710   99.72985539   1.12450262   -0.76588847   
6.92000000   17.86000000   37.61000000   109.56000000   25.72970985   99.73554792   1.35442532   -0.74484310   
6.92000000   17.86000000   37.61000000   109.56000000   25.72608023   99.74168487   1.29748627   -0.67697653   
6.92000000   17.86000000   37.61000000   109.56000000   25.70957986   99.72576607   1.11594702   -0.56274649   
6.92000000   17.86000000   37.61000000   109.56000000   25.72387287   99.72596491   1.28030891   -0.52152278   
6.92000000   17.86000000   37.61000000   109.56000000   25.73730562   99.72463869   1.46381966   -0.60298503   
6.92000000   17.86000000   37.61000000   109.56000000   25.70680605   99.73927349   1.62737618   -0.72374444   
6.92000000   17.86000000   37.61000000   109.56000000   25.73241594   99.72650426   1.68431057   -0.76791357   
6.92000000   17.86000000   37.61000000   109.56000000   25.73771756   99.70993376   1.16337410   -0.63210178   
6.92000000   17.86000000   37.61000000   109.56000000   25.69939222   99.72116573   1.09527575   -0.62685741   
6.92000000   17.86000000   37.61000000   109.56000000   25.70554917   99.73245849   1.25411986   -0.71699573   
6.92000000   17.86000000   37.61000000   109.56000000   25.72932791   99.75541817   1.54728436   -0.70622146   
6.92000000   17.86000000   37.61000000   109.56000000   25.73461934   99.74763134   1.84703412   -0.55973417   
6.92000000   17.86000000   37.61000000   109.56000000   25.73975303   99.75794655   1.48026568   -0.43895918   
6.92000000   17.86000000   37.61000000   109.56000000   25.73102891   99.76608403   1.01164245   -0.32261710   
6.92000000   17.86000000   37.61000000   109.56000000   25.71626315   99.78523437   1.15129090   -0.33152191   
6.92000000   17.86000000   37.61000000   109.56000000   25.73992981   99.76147549   1.42685849   -0.41397095   
6.92000000   17.86000000   37.61000000   109.56000000   25.74185653   99.75985811   1.97458641   -0.37188252   
6.92000000   17.86000000   37.61000000   109.56000000   25.74234166   99.75636477   2.10068597   -0.27763840   
6.92000000   17.86000000   37.61000000   109.56000000   25.76275170   99.74241875   1.47857455   -0.28580770   
6.92000000   17.86000000   37.61000000   109.56000000   25.73831163   99.75500639   1.37135159   -0.39968296   
6.92000000   17.86000000   37.61000000   109.56000000   25.75202868   99.75160177   1.36151096   -0.38963365   
6.92000000   17.86000000   37.61000000   109.56000000   25.76698645   99.75268852   1.36288241   -0.49458871   
6.92000000   17.86000000   37.61000000   109.56000000   25.75774816   99.77840660   1.06883044   -0.50117773   
6.92000000   17.86000000   37.61000000   109.56000000   25.72355421   99.77517312   1.20549096   -0.46309594   
6.92000000   17.86000000   37.61000000   109.56000000   25.74873691   99.75906275   1.67621581   -0.38717262   
6.92000000   17.86000000   37.61000000   109.56000000   25.72404643   99.75477397   1.71988863   -0.45670588   
6.92000000   17.86000000   37.61000000   109.56000000   25.73269387   99.72459229   1.48874030   -0.61560310   
6.92000000   17.86000000   37.61000000   109.56000000   25.76036591   99.73372513   1.58729275   -0.61467944   
6.92000000   17.86000000   37.61000000   109.56000000   25.74609160   99.72206859   1.41207532   -0.67243540   
6.92000000   17.86000000   37.61000000   109.56000000   25.74653493   99.72647224   1.35313516   -0.73699509   
6.92000000   17.86000000   37.61000000   109.56000000   25.73473219   99.73030167   1.62915830   -0.75834103   
6.92000000   17.86000000   37.61000000   109.56000000   25.73427966   99.73878294   1.67744395   -0.66356886   
6.92000000   17.86000000   37.61000000   109.56000000   25.75658848   99.72822452   1.03439575   -0.54867615   
6.92000000   17.86000000   37.61000000   109.56000000   25.74417168   99.75833491   1.11906951   -0.51039850   
6.92000000   17.86000000   37.61000000   109.56000000   25.71018163   99.74619741   1.22243372   -0.35861698   
6.92000000   17.86000000   37.61000000   109.56000000   25.71865737   99.75005416   1.17307915   -0.40106108   
6.92000000   17.86000000   37.61000000   109.56000000   25.71579502   99.73177281   1.09283770   -0.59316957   
6.92000000   17.86000000   37.61000000   109.56000000   25.72715438   99.73032716   1.03093206   -0.61539518   
6.92000000   17.86000000   37.61000000   109.56000000   25.71340091   99.74020643   1.10403337   -0.65008466   
6.92000000   17.86000000   37.61000000   109.56000000   25.70065311   99.73389617   1.07245100   -0.60183418   
6.92000000   17.86000000   37.61000000   109.56000000   25.69533501   99.74175413   1.21129616   -0.59007191   
6.92000000   17.86000000   37.61000000   109.56000000   25.71645238   99.72017486   2.23789688   -0.48819540   
6.92000000   17.86000000   37.61000000   109.56000000   25.72178874   99.72021287   1.91306938   -0.47495322   
6.92000000   17.86000000   37.61000000   109.56000000   25.69234095   99.73939137   1.19157549   -0.50990724   
6.92000000   17.86000000   37.61000000   109.56000000   25.71277523   99.73504791   1.07342370   -0.46706307   
6.92000000   17.86000000   37.61000000   109.56000000   25.69640655   99.74741551   1.10889315   -0.34818193   
6.92000000   17.86000000   37.61000000   109.56000000   25.71673297   99.76063925   1.16764948   -0.46187924   
6.92000000   17.86000000   37.61000000   109.56000000   25.72228604   99.75359026   1.45768068   -0.27345973   
6.92000000   17.86000000   37.61000000   109.56000000   25.72577236   99.75091147   1.75234113   -0.25159188   
6.92000000   17.86000000   37.61000000   109.56000000   25.73520398   99.73098160   1.50539504   -0.22457861   
6.92000000   17.86000000   37.61000000   109.56000000   25.73160204   99.72527824   1.57326165   -0.30080696   
6.92000000   17.86000000   37.61000000   109.56000000   25.72773642   99.73574326   1.08987779   -0.43225398   
6.92000000   17.86000000   37.61000000   109.56000000   25.73584449   99.71297891   1.36938199   -0.43282835   
6.92000000   17.86000000   37.61000000   109.56000000   25.72932094   99.70906559   1.06165639   -0.45848277   
6.92000000   17.86000000   37.61000000   109.56000000   25.71752386   99.72893406   1.36045260   -0.33885271   
6.92000000   17.86000000   37.61000000   109.56000000   25.73453756   99.73346522   1.66630601   -0.32753530   
6.92000000   17.86000000   37.61000000   109.56000000   25.72054761   99.76188277   1.66994214   -0.27849342   
6.92000000   17.86000000   37.61000000   109.56000000   25.73398751   99.74414601   1.46232188   -0.25395843   
6.92000000   17.86000000   37.61000000   109.56000000   25.73999423   99.75829237   1.99013428   -0.28794563   
6.92000000   17.86000000   37.61000000   109.56000000   25.74267745   99.72422511   1.72322880   -0.23877494   
6.92000000   17.86000000   37.61000000   109.56000000   25.74173496   99.72491145   2.31446570   -0.29366746   
6.92000000   17.86000000   37.61000000   109.56000000   25.72097579   99.73773515   1.47421817   -0.18738641   
6.92000000   17.86000000   37.61000000   109.56000000   25.72152528   99.76009624   1.28239142   -0.16701389   
6.92000000   17.86000000   37.61000000   109.56000000   25.70876618   99.73266053   1.13223353   -0.20517949   
6.92000000   17.86000000   37.61000000   109.56000000   25.70547679   99.74706696   1.01933200   -0.36764563   
6.92000000   17.86000000   37.61000000   109.56000000   25.72400145   99.75594137   1.10818223   -0.45250792   
6.92000000   17.86000000   37.61000000   109.56000000   25.72013507   99.75783338   1.15901994   -0.50861385   
6.92000000   17.86000000   37.61000000   109.56000000   25.72006483   99.75387125   1.02420380   -0.39826385   
6.92000000   17.86000000   37.61000000   109.56000000   25.70489375   99.74129221   1.00307034   -0.41058960   
6.92000000   17.86000000   37.61000000   109.56000000   25.74157570   99.75035978   1.22950169   -0.63082068   
6.92000000   17.86000000   37.61000000   109.56000000   25.72039127   99.74670779   1.30191569   -0.66258875   
6.92000000   17.86000000   37.61000000   109.56000000   25.73411333   99.74308658   1.38615548   -0.73648502   
6.92000000   17.86000000   37.61000000   109.56000000   25.73485315   99.75339717   1.75725688   -0.74318433   
6.92000000   17.86000000   37.61000000   109.56000000   25.73883935   99.76036885   1.45629454   -0.75581446   
6.92000000   17.86000000   37.61000000   109.56000000   25.74122591   99.75200214   1.02039960   -0.65166911   
6.92000000   17.86000000   37.61000000   109.56000000   25.73732414   99.75369282   1.04488980   -0.60753801   
6.92000000   17.86000000   37.61000000   109.56000000   25.73394416   99.74245656   1.02198881   -0.65256081   
6.92000000   17.86000000   37.61000000   109.56000000   25.74349656   99.73371901   1.32763281   -0.71621464   
6.92000000   17.86000000   37.61000000   109.56000000   25.73695894   99.74696723   1.32256348   -0.59569846   
6.92000000   17.86000000   37.61000000   109.56000000   25.70635990   99.72652924   1.63531420   -0.64646717   
6.92000000   17.86000000   37.61000000   109.56000000   25.70993608   99.72769055   1.04339225   -0.75353990   
6.92000000   17.86000000   37.61000000   109.56000000   25.70282319   99.73092270   1.19717854   -0.74974122   
6.92000000   17.86000000   37.61000000   109.56000000   25.71584049   99.72075021   1.21120525   -0.89864454   
6.92000000   17.86000000   37.61000000   109.56000000   25.72911273   99.71802370   1.07988116   -0.86312380   
6.92000000   17.86000000   37.61000000   109.56000000   25.71330225   99.71482719   1.36751232   -0.85204037   
6.92000000   17.86000000   37.61000000   109.56000000   25.70020987   99.71657084   1.11903463   -0.98060595   
6.92000000   17.86000000   37.61000000   109.56000000   25.71660818   99.73592553   1.60454388   -0.88595251   
6.92000000   17.86000000   37.61000000   109.56000000   25.70727245   99.74852560   1.24516244   -0.96038677   
6.92000000   17.86000000   37.61000000   109.56000000   25.70639944   99.73447739   1.49037910   -1.05938099   
6.92000000   17.86000000   37.61000000   109.56000000   25.70158262   99.75551043   1.57051972   -0.97247256   
6.92000000   17.86000000   37.61000000   109.56000000   25.69964604   99.72319794   1.30301202   -1.03503419   
6.92000000   17.86000000   37.61000000   109.56000000   25.72572454   99.71071513   1.12883260   -0.90299711   
6.92000000   17.86000000   37.61000000   109.56000000   25.74413301   99.72797478   1.41586955   -0.84329098   
6.92000000   17.86000000   37.61000000   109.56000000   25.71049736   99.74782695   1.44131866   -0.80053639   
6.92000000   17.86000000   37.61000000   109.56000000   25.73210766   99.73565358   1.75238806   -0.59693243   
6.92000000   17.86000000   37.61000000   109.56000000   25.72771713   99.72986795   1.24113100   -0.52151565   
6.92000000   17.86000000   37.61000000   109.56000000   25.72883025   99.73340616   1.69682043   -0.58548092   
6.92000000   17.86000000   37.61000000   109.56000000   25.70816640   99.73495530   1.56091692   -0.41489056   
6.92000000   17.86000000   37.61000000   109.56000000   25.73269938   99.73367673   1.18354781   -0.37920272   
6.92000000   17.86000000   37.61000000   109.56000000   25.72890211   99.72624721   1.08105280   -0.44644128   
6.92000000   17.86000000   37.61000000   109.56000000   25.75631704   99.72817568   1.37588033   -0.38231514   
6.92000000   17.86000000   37.61000000   109.56000000   25.72549110   99.73209055   1.45973666   -0.52816850   
6.92000000   17.86000000   37.61000000   109.56000000   25.71987055   99.72709192   1.19694767   -0.37801214   
6.92000000   17.86000000   37.61000000   109.56000000   25.72171143   99.76491113   1.15412639   -0.32536386   
6.92000000   17.86000000   37.61000000   109.56000000   25.73340933   99.74352988   1.47197005   -0.43595463   
6.92000000   17.86000000   37.61000000   109.56000000   25.71739152   99.73791231   1.23130372   -0.29910734   
6.92000000   17.86000000   37.61000000   109.56000000   25.72462317   99.76394867   1.25965185   -0.07739137   
6.92000000   17.86000000   37.61000000   109.56000000   25.72075267   99.75852053   1.52413756   -0.14873467   
6.92000000   17.86000000   37.61000000   109.56000000   25.70790440   99.72552779   1.04805638   -0.06283034   
6.92000000   17.86000000   37.61000000   109.56000000   25.71159515   99.74302575   2.10748169   -0.01344855   
6.92000000   17.86000000   37.61000000   109.56000000   25.73226868   99.73761668   1.85007684   -0.06187434   
6.92000000   17.86000000   37.61000000   109.56000000   25.72243653   99.72937040   1.08662762   -0.07895773   
6.92000000   17.86000000   37.61000000   109.56000000   25.73347521   99.70771916   1.27144342   -0.12634608   
6.92000000   17.86000000   37.61000000   109.56000000   25.73844289   99.74622580   1.64861911   -0.01042794   
6.92000000   17.86000000   37.61000000   109.56000000   25.73757985   99.76381158   1.55806850   -0.04850071   
6.92000000   17.86000000   37.61000000   109.56000000   25.72371091   99.76468088   1.70985753   -0.19745879   
