1073.55073385   
1059.89448749   
984.12434066   
938.16963145   
907.44020607   
881.63670007   
850.82987297   
785.17505201   
753.47610859   
741.19257596   
694.17867867   
691.66472254   
655.90619759   
652.17541121   
651.12279539   
647.96791329   
639.07736364   
626.54066043   
622.25857690   
620.18533816   
620.82829222   
614.24113184   
613.40180347   
611.47434707   
603.37709063   
594.67146574   
591.70262826   
594.83286592   
594.06086323   
593.60285388   
594.86484835   
589.05069482   
587.60050840   
588.17420673   
591.92543827   
587.53136423   
578.30468662   
575.39882658   
572.41988623   
572.56346759   
569.42203350   
567.39121644   
563.73357430   
557.70397681   
555.75929100   
556.39239425   
562.84415883   
553.95824329   
554.82048600   
555.66090476   
555.48467752   
552.23546896   
554.73551402   
554.14035066   
550.87701207   
549.97487780   
550.94385525   
550.23932522   
553.55940400   
550.54452068   
550.37961116   
551.81660118   
551.83349624   
548.34160775   
546.02951466   
548.20574304   
547.14093153   
545.68258992   
547.87528083   
548.23667093   
544.17371705   
543.01541746   
546.43211612   
545.02281360   
543.34914158   
547.43602242   
538.48418330   
535.25698964   
535.28978075   
530.79017444   
527.32446349   
519.35205199   
520.35658011   
520.15137084   
521.27826133   
526.52818842   
526.37488503   
519.95329778   
519.39725624   
520.42660451   
523.19275801   
524.55060252   
523.71444508   
521.20684135   
521.75126500   
524.47819612   
523.93347337   
523.64039523   
526.08838832   
524.36421119   
526.62036937   
528.84402006   
527.32098716   
530.72688182   
531.55964931   
524.10028093   
523.40654715   
519.75170353   
521.06988832   
522.25319340   
525.15966035   
524.69713735   
522.02481581   
522.09446280   
523.24675149   
520.27437413   
519.53373915   
521.12621921   
520.58205405   
520.11393749   
521.68377835   
522.00379106   
519.10912310   
519.65084211   
521.95274054   
522.54091629   
520.11961908   
525.13147576   
522.95225180   
521.37845925   
516.92558201   
515.84561073   
518.39282884   
521.50461155   
521.57307688   
521.80377200   
519.00929483   
520.82748072   
521.06384666   
521.09169974   
518.61087627   
518.37382269   
519.20715972   
519.13491770   
520.24607709   
521.86053101   
519.62623355   
517.61985875   
516.95368005   
519.43181434   
519.41176109   
516.55989576   
516.58520486   
522.22059342   
519.87103288   
522.00685703   
520.11381660   
520.76136296   
522.54031855   
522.42639618   
523.29206798   
520.18744416   
521.50714572   
524.98240093   
526.75545909   
526.26654561   
527.78739093   
534.75712102   
532.89477466   
525.64238094   
522.68337784   
521.97203831   
523.75421382   
526.39470176   
526.45141542   
526.00488728   
521.35425244   
522.68389488   
520.47790000   
521.42392535   
521.10945967   
518.51583758   
521.36241603   
522.38727403   
519.61000564   
519.92658821   
524.24866634   
522.82996175   
521.30021065   
520.26508770   
520.25836535   
519.82106188   
521.26426046   
521.09239705   
522.35780202   
521.54907718   
521.56666164   
522.99849939   
523.54505772   
522.11665641   
522.22734966   
522.71776447   
522.17210735   
520.27732867   
519.40565970   
516.00723870   
517.61128637   
517.49948707   
519.42717870   
519.61190785   
518.91073123   
520.13987568   
521.30243770   
520.74715405   
523.45567479   
518.41472655   
516.95003410   
518.71847385   
519.17355095   
520.26857160   
518.92309551   
523.54513496   
522.29378272   
520.63087312   
521.84975923   
524.60778973   
521.25139372   
521.34133650   
519.89471771   
520.04465879   
520.89422192   
519.09963592   
519.35071766   
519.07325933   
519.00386636   
524.67779004   
521.94012953   
525.25260475   
522.75827816   
523.12925063   
522.26794472   
520.14959281   
519.57299919   
520.55663555   
521.31943484   
519.59772979   
525.96827029   
520.80922869   
520.69311809   
522.36753109   
521.11839622   
518.92025327   
516.72640485   
516.58589093   
519.63644393   
523.12739280   
525.05065545   
519.79442098   
520.98325202   
520.51303866   
516.95790021   
518.66459783   
519.12316484   
522.92304762   
516.53930402   
520.97003211   
520.12106665   
520.11161621   
522.18341274   
523.08232885   
525.20187916   
524.19010970   
524.39097980   
525.97696337   
524.68114239   
524.42724356   
522.33031628   
522.32409550   
526.77284107   
533.30356699   
527.20010415   
524.86609922   
520.43049076   
520.80719360   
521.15451985   
520.93720475   
523.52089691   
519.64363154   
520.93303677   
517.65980272   
518.77083277   
518.49777244   
518.29132928   
517.88931853   
517.25602484   
515.64547429   
516.19198635   
519.91345658   
524.40753160   
522.83013847   
521.50055206   
519.45738902   
521.29269064   
518.29515336   
520.65029524   
523.31353521   
524.73505998   
527.01317854   
530.62374657   
532.06991840   
532.47542042   
531.94873886   
532.35469543   
531.67535013   
530.09891911   
529.99929427   
528.36373350   
521.70129175   
523.77324987   
520.30542763   
522.33815858   
522.14092866   
522.06403856   
521.18673074   
517.15094503   
519.61174406   
520.42521292   
519.02898442   
519.46385899   
520.79483954   
523.15581430   
520.50806697   
520.83315755   
522.52309406   
523.26276873   
522.61207293   
523.26981354   
520.79390456   
519.04727912   
525.28027633   
521.51934532   
525.01427765   
524.57575460   
524.96336153   
521.66978636   
521.98296599   
524.17049953   
529.20617719   
522.07960819   
523.11363604   
520.17517407   
519.85626930   
522.57499255   
520.88128393   
520.66539328   
519.37656145   
519.63043091   
519.91814253   
519.15945935   
516.97057533   
516.37053820   
517.49491363   
517.03424271   
518.09964402   
521.70202673   
521.49677651   
525.18028754   
522.71916180   
521.59523094   
518.23443248   
519.47705265   
518.33468727   
520.36088488   
521.66930992   
520.30482037   
521.72093286   
516.85307445   
523.77763745   
522.68281141   
520.22104399   
519.98636576   
520.52894153   
519.20632768   
523.73110754   
523.62849158   
526.64777621   
521.33209932   
519.78438250   
521.46400251   
518.27851819   
516.70239119   
518.32848303   
517.57770225   
518.53308138   
518.81221513   
521.32572467   
521.42332720   
527.78464892   
525.97584898   
518.43794492   
518.37508267   
517.05400454   
518.93513319   
520.09240867   
522.81533710   
520.34607142   
520.34785900   
520.00373967   
517.55336728   
524.33986598   
526.59422006   
524.16704017   
527.07540541   
530.79972648   
535.28278225   
532.38503941   
518.65901948   
520.77557135   
523.86286773   
522.12170473   
517.55931714   
519.56026038   
520.64503949   
517.98195076   
517.87141957   
523.82331099   
519.02058286   
518.98961305   
518.25767918   
518.69767789   
517.75775127   
521.26499829   
521.25626335   
525.00759606   
525.28783237   
524.57140723   
522.65891993   
531.55201639   
523.09681020   
521.96878497   
521.25889233   
