1073.55073385   
1059.89448749   
984.12434066   
1016.54131179   
996.76511924   
938.16963145   
1021.85088361   
1028.19775206   
907.44020607   
881.63670007   
901.01016378   
948.83560704   
918.49755198   
850.82987297   
903.32009522   
785.17505201   
804.02174481   
753.47610859   
741.19257596   
694.17867867   
691.66472254   
700.60838584   
655.90619759   
670.93233055   
715.05920025   
673.55684180   
652.17541121   
651.12279539   
647.96791329   
639.07736364   
626.54066043   
630.18627533   
629.53180787   
622.25857690   
620.18533816   
620.82829222   
641.34394201   
614.24113184   
614.96888973   
613.40180347   
621.87328916   
611.47434707   
603.37709063   
594.67146574   
591.70262826   
605.62550182   
598.02208024   
594.83286592   
594.06086323   
603.17649275   
625.57057960   
599.39884605   
632.06331355   
593.60285388   
595.77587391   
604.99656309   
594.86484835   
589.05069482   
590.50129909   
587.60050840   
589.04503363   
589.51538672   
597.38566570   
588.17420673   
596.91458551   
591.92543827   
587.53136423   
606.47069829   
590.25528804   
597.49229275   
590.40506862   
592.01617916   
595.21954689   
592.24110902   
578.30468662   
575.39882658   
588.27667914   
591.37396483   
572.41988623   
575.85248234   
572.86826004   
586.13986737   
573.29191870   
572.56346759   
581.17607190   
569.42203350   
567.39121644   
563.73357430   
564.66971014   
575.68192798   
573.28854248   
557.70397681   
555.75929100   
561.53474652   
570.60177622   
556.39239425   
561.44385027   
559.04720101   
562.84415883   
553.95824329   
554.82048600   
561.66850536   
555.66090476   
555.48467752   
552.23546896   
573.58164198   
554.18921825   
554.73551402   
555.99353279   
567.53903507   
557.89789197   
554.14035066   
550.87701207   
549.97487780   
551.95055064   
550.94385525   
550.23932522   
553.55940400   
554.69869313   
566.93302807   
550.54452068   
553.70246714   
550.37961116   
556.65755675   
551.81660118   
556.67973375   
551.83349624   
563.14915322   
548.34160775   
552.22220831   
565.46615360   
546.02951466   
548.20574304   
550.63864556   
548.31621165   
547.14093153   
545.68258992   
550.93691379   
555.18939193   
547.40989643   
547.87528083   
554.87620076   
550.29550647   
548.23667093   
544.17371705   
549.97467799   
543.01541746   
546.43211612   
545.02281360   
565.40058727   
543.34914158   
547.43602242   
538.48418330   
541.85222886   
540.71940140   
535.25698964   
535.28978075   
542.87517621   
530.79017444   
527.32446349   
519.35205199   
533.37999645   
535.79117402   
527.32777740   
523.44521330   
523.08752953   
523.51329800   
523.62676784   
523.35172793   
523.69531794   
520.35658011   
524.02091848   
524.31452592   
520.15137084   
527.03828783   
523.28460414   
521.27826133   
532.75035332   
528.53130880   
526.52818842   
529.33689294   
526.37488503   
519.95329778   
524.63532981   
526.22906594   
519.39725624   
530.37794176   
528.09303358   
520.41417080   
528.15824477   
520.42660451   
524.79424848   
527.01461417   
523.19275801   
524.55060252   
533.45387448   
523.71444508   
521.20684135   
521.75126500   
525.89755929   
522.46856850   
523.93358047   
539.02405238   
527.22321384   
524.47819612   
523.93347337   
527.94022712   
529.00107122   
540.04094742   
532.81994200   
537.99649510   
534.30275865   
523.64039523   
530.86295099   
530.08986709   
535.38667953   
537.80268777   
527.20817217   
525.61270913   
524.83557276   
539.88107728   
530.61410535   
533.13487841   
533.87172732   
526.08838832   
524.36421119   
528.57176143   
526.62036937   
532.21100751   
528.80692696   
528.84402006   
527.32098716   
532.72675616   
548.37867425   
541.31064028   
530.72688182   
539.89041765   
531.55964931   
546.25774295   
535.70370840   
542.24726500   
536.53156921   
545.66834023   
524.10028093   
523.40654715   
525.18084262   
519.75170353   
522.00291839   
526.35790801   
521.99210968   
529.78214671   
524.92733598   
521.06988832   
522.25319340   
528.39855102   
525.52863347   
534.67947790   
525.15966035   
524.69713735   
522.02481581   
528.43004682   
522.09446280   
523.24675149   
520.27437413   
526.76372978   
525.73608568   
529.85288687   
519.53373915   
532.08004129   
528.11216141   
526.84904116   
521.12621921   
520.58205405   
520.11393749   
531.04925029   
521.68377835   
527.84049514   
522.00379106   
523.21380744   
529.27469754   
528.30412994   
519.10912310   
523.79836507   
519.65084211   
533.21315249   
521.44276322   
525.65515651   
524.92075855   
521.95274054   
536.55069904   
522.69241771   
522.80971782   
526.44837242   
539.06234183   
534.83990583   
522.54091629   
520.11961908   
525.13147576   
533.79134786   
522.95225180   
524.64478618   
526.21944703   
521.37845925   
526.20146379   
526.88857761   
516.92558201   
521.07630269   
527.05586108   
527.24475586   
519.28750648   
525.53375685   
521.53113001   
523.83771436   
524.77261276   
524.54850279   
529.72933863   
515.84561073   
522.93448940   
523.18670171   
518.38725969   
518.39282884   
521.50461155   
530.13137237   
528.92175485   
522.69771575   
525.29394916   
523.28063954   
524.01230374   
525.85055750   
523.25918917   
521.57307688   
530.02579789   
530.36489817   
540.53492442   
535.22347142   
521.80377200   
519.00929483   
520.82748072   
521.06384666   
521.09169974   
518.61087627   
521.12257588   
522.12095256   
524.16130021   
525.44781699   
522.37987673   
522.76970317   
530.63090495   
522.50089858   
525.19647196   
524.89919602   
528.52107208   
518.37382269   
519.20715972   
519.13491770   
528.56041755   
520.24607709   
521.86053101   
527.91249487   
523.33025800   
519.62623355   
520.54062304   
523.27625474   
528.07757035   
538.34412591   
517.61985875   
516.95368005   
522.23296653   
528.14878752   
523.07011356   
521.91077784   
521.22778682   
527.04625102   
520.95885064   
527.02566153   
519.43181434   
521.50815552   
542.52880324   
531.03046168   
519.41176109   
524.15251675   
520.65793490   
521.56478168   
527.54440467   
520.93177525   
519.52316344   
525.08813163   
523.62289769   
531.68709486   
520.92428711   
516.55989576   
520.26661410   
516.58520486   
528.20898637   
527.01389644   
532.56958576   
525.11913404   
523.41875486   
521.63611718   
520.90266573   
525.49688855   
523.99179336   
518.42957804   
519.66507838   
519.44766824   
521.52211845   
518.14282899   
525.71714581   
519.31877689   
520.98843431   
533.20206332   
534.62857755   
528.78096922   
522.22059342   
523.79344473   
528.33528992   
523.02331618   
519.87103288   
530.67658013   
522.00685703   
527.65864429   
529.03837273   
523.56839108   
531.80611342   
532.60711151   
530.67729287   
527.62823020   
539.51595548   
537.73402002   
520.11381660   
523.47846282   
531.98870616   
520.76136296   
531.97686095   
522.54031855   
522.42639618   
535.48970295   
527.38790810   
522.78802303   
526.91302316   
523.29206798   
526.91180032   
525.20154347   
520.18744416   
527.24087550   
523.79084275   
524.08581895   
521.50714572   
533.50357572   
524.98240093   
535.09758579   
537.54103579   
526.75545909   
526.26654561   
531.93496254   
543.03669258   
526.99892583   
530.64243893   
527.78739093   
534.75712102   
532.89477466   
554.35808101   
543.07952301   
525.64238094   
522.68337784   
530.21768741   
526.86145443   
530.03728778   
532.29330606   
539.88073765   
524.72310508   
521.97203831   
525.01322937   
526.77923904   
530.17836244   
539.68330409   
539.91494085   
526.37130514   
533.83435211   
535.24822967   
525.00416025   
531.03668540   
530.90074700   
530.80554770   
532.23899382   
528.10844855   
525.98235160   
523.42415025   
523.75421382   
545.46701730   
528.33079869   
526.33033574   
528.91839347   
529.19264421   
529.08917249   
536.45128497   
526.39470176   
529.64341910   
526.45141542   
526.00488728   
521.35425244   
530.88267531   
525.76222046   
522.68389488   
520.47790000   
523.11728182   
523.96955685   
522.36822256   
528.20600979   
534.67241010   
523.35087511   
528.97200853   
531.50948499   
523.25185476   
521.42392535   
525.71426504   
524.24406611   
526.08439046   
521.10945967   
528.84123215   
524.67397722   
525.90046335   
526.78118116   
518.51583758   
527.37683084   
526.67839708   
521.36241603   
522.54534483   
522.47679061   
522.38727403   
519.61000564   
527.24950030   
520.77254436   
524.46133976   
519.92658821   
524.11465084   
524.24866634   
528.24077048   
522.82996175   
521.30021065   
523.99590475   
520.26508770   
527.45469279   
525.88704288   
524.21052336   
534.38760801   
529.74115591   
529.99443431   
520.25836535   
519.82106188   
524.48350333   
521.26426046   
526.28509452   
523.46641127   
528.15845139   
526.27285879   
526.13410439   
521.09239705   
525.11098663   
532.81577003   
526.11140092   
538.13343233   
526.70275029   
533.71668075   
522.35780202   
521.54907718   
525.44113953   
523.66151668   
529.40833439   
524.63802933   
521.56666164   
523.54713013   
522.99849939   
525.09894382   
523.54505772   
529.49046063   
542.87068161   
522.11665641   
525.51659001   
522.22734966   
522.71776447   
522.17210735   
523.43011791   
520.27732867   
523.92356773   
529.03147795   
525.81675974   
521.43132739   
524.95272860   
525.29588465   
519.40565970   
516.00723870   
519.70843130   
520.48486044   
525.79303008   
521.83742286   
518.12959239   
535.67952179   
523.07665316   
523.76323104   
525.42526193   
534.68988115   
523.91805534   
524.13901587   
528.57614336   
527.09337295   
517.61128637   
523.20544642   
522.42017515   
523.11963733   
528.09241469   
524.93071953   
531.05855888   
530.20700981   
521.21897621   
519.98128940   
524.02662704   
517.49948707   
519.42717870   
519.61190785   
530.11241383   
521.20476121   
518.91073123   
522.34531276   
539.05553775   
522.87475280   
520.13987568   
525.32051120   
524.24205747   
522.87333405   
521.30243770   
524.77439239   
524.21295799   
522.84553887   
548.00809247   
523.18097606   
530.40339033   
526.33003899   
531.24604584   
531.46475042   
524.66388777   
520.74715405   
523.45567479   
518.41472655   
522.48102141   
532.06935927   
526.77859384   
525.43539751   
522.77598580   
526.77598061   
524.24140840   
516.95003410   
517.92921676   
525.96004345   
528.44326460   
524.89767828   
522.06485773   
520.88819713   
518.71847385   
523.21598536   
524.52545467   
519.17355095   
529.22085458   
528.89086584   
526.70072329   
528.88892824   
525.12207483   
531.51672131   
524.18131531   
524.37853176   
522.28463690   
529.40276211   
522.84890635   
524.54985425   
520.26857160   
524.10697540   
518.92309551   
526.10715993   
527.01693390   
523.54513496   
522.29378272   
520.63087312   
521.84975923   
537.09998044   
524.60778973   
521.25139372   
524.72249645   
521.34133650   
524.26288750   
527.89683463   
525.20661215   
519.89471771   
536.71296792   
522.19089533   
530.29280738   
520.04465879   
531.60145236   
520.89422192   
525.90555179   
522.93923862   
526.47880187   
519.09963592   
521.52131892   
531.29289935   
522.26544964   
526.58639685   
530.09049540   
527.59314392   
524.18790851   
519.35071766   
522.89174936   
522.84847459   
519.07325933   
521.93486782   
522.25697378   
524.45459497   
527.21501484   
522.41668840   
528.68726181   
523.86187743   
526.83538939   
519.00386636   
529.98665500   
525.04684995   
524.51386429   
526.64914439   
524.67779004   
528.37614871   
521.94012953   
531.64662993   
526.00918825   
525.25260475   
554.01878375   
528.78221936   
526.67241314   
536.10172807   
522.75827816   
535.13800678   
523.12925063   
538.69740346   
532.50420895   
532.62572437   
528.90410139   
534.30364492   
522.26794472   
520.14959281   
519.57299919   
525.00561928   
523.60468297   
522.83719370   
523.46025930   
524.86312119   
522.71825024   
521.06173775   
528.55098469   
523.66850125   
520.55663555   
540.98581947   
525.56648080   
521.31943484   
523.68556577   
519.59772979   
531.71405427   
531.15669679   
525.96827029   
520.80922869   
530.29652098   
520.69311809   
526.06947830   
528.70846773   
522.36753109   
527.45608901   
521.11839622   
524.94932336   
522.99827216   
518.92025327   
516.72640485   
525.46613509   
536.99598168   
549.32637957   
516.58589093   
519.63644393   
528.25874053   
523.12739280   
525.05065545   
519.79442098   
529.88235615   
520.98325202   
535.00983152   
520.51303866   
526.02256967   
534.25681220   
516.95790021   
519.18510047   
520.81691053   
543.26150248   
523.67608503   
518.66459783   
520.14822651   
523.30831177   
519.12316484   
523.45774875   
522.41275276   
526.92420161   
522.92304762   
516.53930402   
525.34048899   
519.68151988   
525.54177558   
526.43908154   
521.69840129   
520.98638256   
520.66917909   
521.03419420   
521.94265873   
521.46388702   
521.07124935   
522.22315198   
523.53668665   
523.64120073   
525.76298435   
520.97003211   
520.12106665   
524.44704554   
520.11161621   
522.18341274   
526.28747175   
524.85522042   
533.21751600   
523.08232885   
529.00435952   
525.20187916   
534.08152933   
533.80444609   
524.19010970   
524.39097980   
525.97696337   
524.68114239   
530.88585941   
530.19523349   
524.42724356   
530.11341290   
532.10570918   
522.33031628   
527.18485720   
522.32409550   
530.81202113   
529.12055412   
526.77284107   
542.23880603   
533.30356699   
561.90817239   
538.12278743   
527.20010415   
524.86609922   
520.43049076   
530.60399986   
540.80807022   
533.10656674   
520.80719360   
521.15451985   
520.93720475   
523.52089691   
529.11329221   
538.60536674   
533.06669243   
530.31049040   
538.77080863   
519.64363154   
520.93303677   
525.68744345   
527.08902186   
529.56418948   
530.26751693   
534.83216953   
523.35927314   
526.10033724   
539.37793538   
527.32391484   
527.17871682   
526.65059805   
517.65980272   
529.54634528   
518.77083277   
520.75536457   
518.49777244   
531.47252656   
537.41040753   
518.29132928   
529.89243375   
517.88931853   
527.33944435   
522.25836627   
521.09438809   
522.15978932   
523.25425667   
519.76357890   
522.40179934   
533.21954573   
523.54811967   
524.49788368   
530.03994040   
523.48649283   
521.55557684   
525.41168954   
524.20600064   
521.63716676   
521.11709833   
530.05732129   
522.06296235   
517.25602484   
515.64547429   
525.31859633   
524.23042827   
522.44641175   
525.28466589   
524.94948406   
523.03275832   
519.61070248   
523.77075087   
522.24455531   
520.25755050   
529.51365558   
517.72525096   
524.26187337   
521.14898343   
516.19198635   
524.76918282   
521.47042727   
517.55823891   
524.19986006   
538.08304639   
525.00057857   
518.40947274   
535.27822967   
519.91345658   
521.80461866   
527.01973044   
522.73317154   
554.75615535   
525.95072472   
523.52685915   
524.72843632   
523.62905125   
524.40753160   
526.82383064   
527.58629612   
529.97145419   
527.22272710   
530.66355873   
522.83013847   
529.46394111   
521.50055206   
519.45738902   
522.70109795   
533.64181991   
525.03979820   
527.87080991   
529.71165572   
521.29269064   
528.87768454   
518.29515336   
520.65029524   
524.96026536   
526.13901593   
523.31353521   
530.21959974   
528.51305491   
525.08129713   
524.73505998   
527.01317854   
535.83917612   
528.65616878   
537.15347451   
530.62374657   
532.06991840   
533.78766918   
532.47542042   
531.94873886   
542.82240160   
532.35469543   
551.38016748   
531.67535013   
530.09891911   
538.72663748   
537.09956423   
541.95847174   
529.99929427   
540.78203297   
534.49590622   
536.32196197   
528.36373350   
521.70129175   
523.77324987   
520.30542763   
528.62111862   
524.25092785   
522.33815858   
522.14092866   
525.21644396   
522.06403856   
526.55723107   
525.27303461   
526.38064216   
521.18673074   
534.75197067   
517.15094503   
520.10225097   
519.61174406   
520.42521292   
519.02898442   
531.80826452   
519.46385899   
524.22191980   
520.79483954   
523.15581430   
527.70615831   
520.50806697   
525.92956882   
521.61657976   
520.83315755   
522.52309406   
536.26535120   
527.08204266   
523.26276873   
541.96302429   
528.72529028   
522.61207293   
537.77758019   
530.23116661   
523.26981354   
543.59823910   
520.79390456   
519.04727912   
528.20249178   
525.28027633   
521.51934532   
524.96014072   
525.01427765   
524.57575460   
524.96336153   
530.81332221   
544.97484984   
527.07471695   
527.80899456   
521.66978636   
523.30627557   
521.98296599   
528.95704950   
526.70890329   
523.49247044   
523.85541772   
522.09340401   
531.11943448   
537.22105944   
524.36582358   
532.09860498   
530.83034274   
532.55825269   
525.05075338   
522.96829935   
529.86945592   
523.96881184   
524.17049953   
524.91399204   
529.20617719   
541.78400107   
522.07960819   
523.11363604   
528.55964315   
531.66015257   
526.21876800   
535.94543041   
524.86921094   
545.63677455   
520.17517407   
519.85626930   
524.13406967   
522.57499255   
527.53121289   
525.93425605   
531.45172130   
525.41533172   
520.88128393   
526.58418441   
522.51781350   
528.64309031   
520.66539328   
525.30781283   
527.60602619   
529.43104509   
519.37656145   
526.27440191   
538.09482127   
532.22782021   
527.94349099   
524.58056281   
521.90231785   
538.31497863   
524.86633834   
523.35025916   
523.17362156   
525.72140447   
533.83543699   
529.38898477   
525.41859394   
533.86887825   
525.08041799   
527.52276939   
527.08911570   
525.19333528   
526.68347333   
532.16302302   
527.75727772   
521.12601864   
522.58474185   
519.63043091   
527.78966773   
523.59314706   
519.91814253   
539.00344772   
522.52241183   
521.48863337   
542.06045884   
519.15945935   
522.87555844   
523.21756519   
529.27539703   
527.45508982   
529.04552667   
535.91979947   
523.17192916   
522.81520294   
522.86978724   
547.88962656   
516.97057533   
524.22576481   
530.59082056   
516.37053820   
522.14036378   
524.37498375   
527.02759561   
518.50223055   
524.65854279   
517.49491363   
520.65561745   
522.52749904   
520.76437477   
523.88838932   
517.03424271   
528.55906522   
525.80156267   
518.09964402   
527.64364340   
521.70202673   
521.49677651   
534.75613887   
525.68693887   
536.41757236   
530.09961923   
531.98135173   
535.44888025   
529.66858619   
530.08480907   
533.17155645   
527.12347411   
525.18028754   
530.71159552   
525.56804624   
522.71916180   
521.59523094   
526.66167939   
526.67146078   
538.80096168   
542.68128447   
526.92029496   
542.94241088   
536.00542056   
518.23443248   
525.38807480   
528.00201584   
523.59600386   
525.79002909   
521.49291155   
522.25933797   
525.65807031   
524.85500297   
519.47705265   
529.42790954   
518.33468727   
526.56332771   
520.23036120   
520.36088488   
521.66930992   
524.17471962   
520.30482037   
525.05853419   
521.72093286   
525.28336121   
516.85307445   
523.77763745   
522.68281141   
520.22104399   
524.59024977   
519.98636576   
522.45709797   
523.48757576   
525.82634722   
520.52894153   
525.43259849   
533.10503844   
522.53961344   
528.28823570   
523.84525551   
522.44078422   
523.86390029   
525.76823845   
519.20632768   
523.73110754   
523.62849158   
526.64777621   
521.33209932   
519.78438250   
522.57586226   
526.13597672   
540.06309445   
524.28149663   
521.46400251   
518.27851819   
526.94339937   
533.95405017   
516.70239119   
527.38883946   
527.65907032   
530.12746603   
522.12208945   
529.33225214   
529.77778047   
518.79513128   
526.87738565   
518.32848303   
524.27305879   
519.71263753   
525.72294352   
519.96580785   
525.41953124   
521.47995697   
528.30368800   
518.88019300   
536.06693131   
526.46104387   
517.57770225   
521.92025867   
525.73382824   
522.59001725   
520.40032492   
522.58230627   
534.02945807   
518.53308138   
531.67242864   
524.79837146   
518.81221513   
525.68883715   
539.78522834   
522.56148348   
521.32572467   
530.39128401   
521.42332720   
532.43086889   
524.12171511   
524.80782388   
527.78464892   
525.97584898   
518.43794492   
518.37508267   
528.53478729   
517.05400454   
529.42718127   
528.84559275   
525.40305831   
530.09962616   
526.44532775   
518.93513319   
522.43795887   
520.09240867   
522.81533710   
531.71161417   
530.54701618   
531.89574218   
520.34607142   
526.48337831   
520.34785900   
526.96938164   
531.25510790   
526.32540726   
533.66392752   
526.30674111   
520.00373967   
524.10306272   
525.96409537   
534.85229921   
527.01083747   
517.55336728   
524.33986598   
526.59422006   
533.56530603   
534.36387691   
549.79128993   
524.16704017   
528.43799599   
527.07540541   
530.79972648   
535.28278225   
549.83624328   
532.38503941   
538.56732279   
540.38222401   
518.65901948   
525.92423598   
531.02436277   
532.15556243   
523.30674116   
524.84494478   
520.77557135   
533.89278267   
523.86286773   
538.28037139   
547.34276883   
522.12170473   
525.27090621   
526.35861960   
517.55931714   
519.56026038   
524.87788679   
524.52215730   
520.64503949   
534.87866278   
517.98195076   
520.19175918   
517.87141957   
530.17102766   
523.82331099   
519.02058286   
525.24200978   
525.19902804   
520.19904657   
518.98961305   
538.93090076   
525.31485634   
527.33686408   
520.89113808   
530.17423120   
524.44666951   
522.17885631   
525.21364696   
529.13473831   
520.64710496   
518.25767918   
526.13481420   
522.79904191   
529.70999318   
532.72342268   
530.09926119   
532.91278886   
520.48725022   
527.34612021   
535.56303094   
523.98094363   
518.69767789   
535.30982935   
517.75775127   
519.99940131   
522.06562148   
525.51823772   
524.65810344   
530.47759903   
528.45911221   
523.58459470   
523.37836956   
521.26499829   
531.06889778   
525.11821088   
522.53640792   
523.69046456   
521.25626335   
525.00759606   
525.28783237   
524.57140723   
526.93509982   
541.61580424   
522.65891993   
532.53364103   
531.55201639   
523.09681020   
529.33571361   
525.76774128   
529.51033621   
536.13940072   
529.33720877   
530.64203180   
527.07784458   
532.36687464   
534.52536436   
521.96878497   
529.63524726   
521.25889233   
530.20511369   
