6.49000000   216.19000000   67.28000000   -93.66000000   25.79774058   99.80501246   27.45274900   0.64058487   
6.49000000   216.19000000   67.28000000   -93.66000000   25.82719959   99.79626269   28.07884893   0.70887911   
6.49000000   216.19000000   67.28000000   -93.66000000   25.81624903   99.76623222   28.23295141   0.70858099   
6.49000000   216.19000000   67.28000000   -93.66000000   25.77283121   99.75176120   28.72152550   0.68602285   
6.49000000   216.19000000   67.28000000   -93.66000000   25.73674447   99.72250159   27.91191442   0.82635055   
6.49000000   216.19000000   67.28000000   -93.66000000   25.75288770   99.73811505   27.86510582   0.96708475   
6.49000000   216.19000000   67.28000000   -93.66000000   25.74163606   99.72551148   28.24613006   1.06789262   
6.49000000   216.19000000   67.28000000   -93.66000000   25.73895414   99.70105466   27.94400241   1.12067399   
6.49000000   216.19000000   67.28000000   -93.66000000   25.75528419   99.71314202   28.00019018   0.93674514   
6.49000000   216.19000000   67.28000000   -93.66000000   25.75658162   99.71992496   27.42978342   1.08461698   
6.49000000   216.19000000   67.28000000   -93.66000000   25.79002095   99.70247255   26.78886164   1.02681810   
6.49000000   216.19000000   67.28000000   -93.66000000   25.81462360   99.71229754   25.77133783   1.10108639   
6.49000000   216.19000000   67.28000000   -93.66000000   25.80515257   99.70217099   25.54702629   0.89280910   
6.49000000   216.19000000   67.28000000   -93.66000000   25.80638428   99.70427069   25.16004754   0.94271559   
6.49000000   216.19000000   67.28000000   -93.66000000   25.80534912   99.70354768   24.29949904   0.89826535   
6.49000000   216.19000000   67.28000000   -93.66000000   25.80003373   99.71027174   23.61087783   0.84480107   
6.49000000   216.19000000   67.28000000   -93.66000000   25.78714954   99.70975442   23.72799422   0.79338429   
6.49000000   216.19000000   67.28000000   -93.66000000   25.79523311   99.70436512   23.08939565   0.87330397   
6.49000000   216.19000000   67.28000000   -93.66000000   25.81902321   99.70039616   23.19283712   1.03082879   
6.49000000   216.19000000   67.28000000   -93.66000000   25.78836385   99.70699595   22.23141843   1.07201671   
6.49000000   216.19000000   67.28000000   -93.66000000   25.78579347   99.71123913   22.38365358   1.13585411   
6.49000000   216.19000000   67.28000000   -93.66000000   25.76993885   99.70299284   22.23312921   1.13452491   
6.49000000   216.19000000   67.28000000   -93.66000000   25.79455486   99.70274879   21.94155302   1.11410042   
6.49000000   216.19000000   67.28000000   -93.66000000   25.77835132   99.71102590   22.22699507   1.25154625   
6.49000000   216.19000000   67.28000000   -93.66000000   25.77221321   99.70142078   22.31937769   1.17469303   
6.49000000   216.19000000   67.28000000   -93.66000000   25.76071709   99.70447755   21.80671356   1.08350504   
6.49000000   216.19000000   67.28000000   -93.66000000   25.73513747   99.71240410   21.75518797   1.33563990   
6.49000000   216.19000000   67.28000000   -93.66000000   25.75925683   99.70593152   21.92263526   1.37037336   
6.49000000   216.19000000   67.28000000   -93.66000000   25.77406171   99.71880864   21.98608133   1.34086284   
6.49000000   216.19000000   67.28000000   -93.66000000   25.78109325   99.71040978   22.72120663   1.46210846   
6.49000000   216.19000000   67.28000000   -93.66000000   25.75666236   99.70134130   22.93390346   1.48589300   
6.49000000   216.19000000   67.28000000   -93.66000000   25.77308671   99.70193420   22.41492098   1.40399350   
6.49000000   216.19000000   67.28000000   -93.66000000   25.77068811   99.70642052   22.16410917   1.35439662   
6.49000000   216.19000000   67.28000000   -93.66000000   25.79630455   99.71254973   21.52415705   1.29534523   
6.49000000   216.19000000   67.28000000   -93.66000000   25.78315981   99.71585348   21.51820941   1.38960961   
6.49000000   216.19000000   67.28000000   -93.66000000   25.76442198   99.70487060   20.56445934   1.41301648   
6.49000000   216.19000000   67.28000000   -93.66000000   25.78159450   99.70379632   20.36260462   1.37119974   
6.49000000   216.19000000   67.28000000   -93.66000000   25.78375387   99.71082228   20.13754389   1.15493310   
6.49000000   216.19000000   67.28000000   -93.66000000   25.78559456   99.70665953   19.76953180   1.24128151   
6.49000000   216.19000000   67.28000000   -93.66000000   25.77208971   99.73202158   18.87114117   1.33664070   
6.49000000   216.19000000   67.28000000   -93.66000000   25.76549400   99.72949926   19.61507013   1.32753556   
6.49000000   216.19000000   67.28000000   -93.66000000   25.75304266   99.72854129   18.33258290   1.41307884   
6.49000000   216.19000000   67.28000000   -93.66000000   25.77150806   99.72561769   17.41718614   1.32689344   
6.49000000   216.19000000   67.28000000   -93.66000000   25.76759925   99.72142959   17.32114443   1.51161208   
6.49000000   216.19000000   67.28000000   -93.66000000   25.75675780   99.72084703   17.39700406   1.56957907   
6.49000000   216.19000000   67.28000000   -93.66000000   25.72711907   99.72029648   17.05008227   1.45212618   
6.49000000   216.19000000   67.28000000   -93.66000000   25.71582349   99.75259479   17.23153935   1.47020332   
6.49000000   216.19000000   67.28000000   -93.66000000   25.72946898   99.74596305   17.58456467   1.43120987   
6.49000000   216.19000000   67.28000000   -93.66000000   25.75248404   99.73579271   17.95284412   1.25275606   
6.49000000   216.19000000   67.28000000   -93.66000000   25.76241230   99.74930508   17.20428349   1.12291967   
6.49000000   216.19000000   67.28000000   -93.66000000   25.77146104   99.73691878   17.61594523   1.29551764   
6.49000000   216.19000000   67.28000000   -93.66000000   25.79497982   99.72908663   17.63608930   1.21789706   
6.49000000   216.19000000   67.28000000   -93.66000000   25.81229192   99.71930828   17.14827344   1.04550738   
6.49000000   216.19000000   67.28000000   -93.66000000   25.79653710   99.72096227   16.46559110   1.08064623   
6.49000000   216.19000000   67.28000000   -93.66000000   25.79926185   99.71821938   16.76218709   1.05607788   
6.49000000   216.19000000   67.28000000   -93.66000000   25.80585121   99.70359317   16.78190845   1.01165422   
6.49000000   216.19000000   67.28000000   -93.66000000   25.76899185   99.73658277   17.02726931   1.07187919   
6.49000000   216.19000000   67.28000000   -93.66000000   25.78734292   99.71976578   17.13326426   1.01625592   
6.49000000   216.19000000   67.28000000   -93.66000000   25.77552466   99.72106186   16.71166241   1.11157643   
6.49000000   216.19000000   67.28000000   -93.66000000   25.77909601   99.72273249   16.43103688   1.07246229   
6.49000000   216.19000000   67.28000000   -93.66000000   25.76368433   99.72332093   16.17986266   0.98800491   
6.49000000   216.19000000   67.28000000   -93.66000000   25.75850527   99.73208483   16.64257939   1.02660349   
6.49000000   216.19000000   67.28000000   -93.66000000   25.73002995   99.71393786   16.65403978   0.92769282   
6.49000000   216.19000000   67.28000000   -93.66000000   25.71878806   99.72648941   15.72591314   1.00225289   
6.49000000   216.19000000   67.28000000   -93.66000000   25.73626226   99.72779634   16.60524639   1.12972860   
6.49000000   216.19000000   67.28000000   -93.66000000   25.75903644   99.70741006   17.01457446   0.97686644   
6.49000000   216.19000000   67.28000000   -93.66000000   25.77496598   99.71172210   15.94073236   0.91423435   
6.49000000   216.19000000   67.28000000   -93.66000000   25.74922946   99.71421985   14.93434441   0.93496994   
6.49000000   216.19000000   67.28000000   -93.66000000   25.74687895   99.71024662   14.86481535   0.87878640   
6.49000000   216.19000000   67.28000000   -93.66000000   25.74787158   99.70858266   14.92639140   0.89898467   
6.49000000   216.19000000   67.28000000   -93.66000000   25.74924217   99.70941216   14.49240677   0.85586695   
6.49000000   216.19000000   67.28000000   -93.66000000   25.76203984   99.73557898   14.06949738   0.82622014   
6.49000000   216.19000000   67.28000000   -93.66000000   25.74813439   99.73172253   12.81780714   0.94519834   
6.49000000   216.19000000   67.28000000   -93.66000000   25.75853866   99.71042744   12.43006559   1.00670816   
6.49000000   216.19000000   67.28000000   -93.66000000   25.76080137   99.70491733   11.95255860   0.91831086   
6.49000000   216.19000000   67.28000000   -93.66000000   25.74750488   99.70323616   12.33024307   0.78721201   
6.49000000   216.19000000   67.28000000   -93.66000000   25.75373809   99.71101158   12.09545736   0.82144891   
6.49000000   216.19000000   67.28000000   -93.66000000   25.74310051   99.71049866   11.15139971   0.78920151   
6.49000000   216.19000000   67.28000000   -93.66000000   25.74656798   99.70676053   10.44910815   0.96777750   
6.49000000   216.19000000   67.28000000   -93.66000000   25.72155930   99.70578270   9.93297759   1.01578363   
6.49000000   216.19000000   67.28000000   -93.66000000   25.72122654   99.70688631   10.21658425   0.99246048   
6.49000000   216.19000000   67.28000000   -93.66000000   25.70225056   99.70316601   9.92513253   0.92726540   
6.49000000   216.19000000   67.28000000   -93.66000000   25.71462152   99.72639566   10.19115185   0.98809212   
6.49000000   216.19000000   67.28000000   -93.66000000   25.70393058   99.75663674   9.14800954   0.98439783   
6.49000000   216.19000000   67.28000000   -93.66000000   25.73265266   99.78672929   8.24448684   0.95607637   
6.49000000   216.19000000   67.28000000   -93.66000000   25.70584498   99.77551530   8.23873035   0.81410433   
6.49000000   216.19000000   67.28000000   -93.66000000   25.71284049   99.76613268   7.85181691   0.74731581   
6.49000000   216.19000000   67.28000000   -93.66000000   25.71223126   99.74392410   7.91138244   0.79202940   
6.49000000   216.19000000   67.28000000   -93.66000000   25.70740280   99.73709347   8.52380449   0.73287485   
6.49000000   216.19000000   67.28000000   -93.66000000   25.74061413   99.75436711   9.11509415   0.59566806   
6.49000000   216.19000000   67.28000000   -93.66000000   25.74308166   99.73079050   8.32199052   0.73539473   
6.49000000   216.19000000   67.28000000   -93.66000000   25.72920592   99.75627286   8.10350014   0.72412223   
6.49000000   216.19000000   67.28000000   -93.66000000   25.71005072   99.77344284   7.64348571   0.78490772   
6.49000000   216.19000000   67.28000000   -93.66000000   25.70879238   99.78194192   6.75363165   0.59161004   
6.49000000   216.19000000   67.28000000   -93.66000000   25.71297712   99.77444416   5.94827928   0.51399226   
6.49000000   216.19000000   67.28000000   -93.66000000   25.69991684   99.75962866   5.99446943   0.26409972   
6.49000000   216.19000000   67.28000000   -93.66000000   25.70195600   99.73843683   5.89402343   0.10474846   
6.49000000   216.19000000   67.28000000   -93.66000000   25.70730635   99.73055184   6.80862092   0.08130742   
6.49000000   216.19000000   67.28000000   -93.66000000   25.71022636   99.72868945   6.19984924   0.07574016   
6.49000000   216.19000000   67.28000000   -93.66000000   25.71380660   99.73312286   5.65013477   0.08810248   
6.49000000   216.19000000   67.28000000   -93.66000000   25.73384161   99.71314391   5.52415510   -0.05372536   
6.49000000   216.19000000   67.28000000   -93.66000000   25.74984424   99.72115344   5.26061444   0.13128803   
6.49000000   216.19000000   67.28000000   -93.66000000   25.73788549   99.70918739   5.84004671   0.18125911   
6.49000000   216.19000000   67.28000000   -93.66000000   25.74148942   99.71353180   4.82083871   0.26711738   
6.49000000   216.19000000   67.28000000   -93.66000000   25.70727065   99.71878888   3.90156579   0.19211743   
6.49000000   216.19000000   67.28000000   -93.66000000   25.72421765   99.74296585   3.93823537   0.21589220   
6.49000000   216.19000000   67.28000000   -93.66000000   25.73199444   99.75949784   3.82162731   0.22336122   
6.49000000   216.19000000   67.28000000   -93.66000000   25.73797345   99.75525538   3.77159049   0.30130780   
6.49000000   216.19000000   67.28000000   -93.66000000   25.73821558   99.75206997   3.82292618   0.45361608   
6.49000000   216.19000000   67.28000000   -93.66000000   25.75924006   99.75593021   3.60085905   0.47142167   
6.49000000   216.19000000   67.28000000   -93.66000000   25.74383732   99.75832717   3.55680745   0.43220379   
6.49000000   216.19000000   67.28000000   -93.66000000   25.70406463   99.73741518   3.20666680   0.43498994   
6.49000000   216.19000000   67.28000000   -93.66000000   25.71419357   99.76846590   2.55894699   0.57819211   
6.49000000   216.19000000   67.28000000   -93.66000000   25.72596732   99.76798700   3.05783059   0.68858099   
6.49000000   216.19000000   67.28000000   -93.66000000   25.72501014   99.76976611   3.06918742   0.63568759   
6.49000000   216.19000000   67.28000000   -93.66000000   25.71152693   99.77660387   3.11590899   0.67116540   
6.49000000   216.19000000   67.28000000   -93.66000000   25.69622409   99.76450773   2.89303747   0.61515435   
6.49000000   216.19000000   67.28000000   -93.66000000   25.68654631   99.74766677   2.88678161   0.45378100   
6.49000000   216.19000000   67.28000000   -93.66000000   25.70326886   99.74510575   3.39752021   0.50252391   
6.49000000   216.19000000   67.28000000   -93.66000000   25.70849258   99.74903196   2.60622588   0.40431260   
6.49000000   216.19000000   67.28000000   -93.66000000   25.74283327   99.76077612   3.32923757   0.44242866   
6.49000000   216.19000000   67.28000000   -93.66000000   25.74512754   99.74450032   3.13111559   0.40110511   
6.49000000   216.19000000   67.28000000   -93.66000000   25.72701701   99.76010527   3.33963063   0.54521450   
6.49000000   216.19000000   67.28000000   -93.66000000   25.70256517   99.77725098   3.25741748   0.64723367   
6.49000000   216.19000000   67.28000000   -93.66000000   25.69292768   99.75044850   3.24827785   0.59109497   
6.49000000   216.19000000   67.28000000   -93.66000000   25.69734210   99.75836369   2.17143867   0.62872033   
6.49000000   216.19000000   67.28000000   -93.66000000   25.70974790   99.78372124   2.22369674   0.50069076   
6.49000000   216.19000000   67.28000000   -93.66000000   25.71729203   99.76979747   1.53362298   0.41467830   
6.49000000   216.19000000   67.28000000   -93.66000000   25.69777398   99.74934311   1.67694191   0.18795530   
6.49000000   216.19000000   67.28000000   -93.66000000   25.70975381   99.74643272   2.04421691   0.18949008   
6.49000000   216.19000000   67.28000000   -93.66000000   25.71078003   99.76797029   2.14853245   0.30153225   
6.49000000   216.19000000   67.28000000   -93.66000000   25.69231244   99.76101025   1.45602449   0.26685976   
6.49000000   216.19000000   67.28000000   -93.66000000   25.69670884   99.76672996   1.42921747   0.14581138   
6.49000000   216.19000000   67.28000000   -93.66000000   25.70673513   99.77275156   2.27196449   0.10213031   
6.49000000   216.19000000   67.28000000   -93.66000000   25.68627458   99.75583251   2.01220656   0.03394528   
6.49000000   216.19000000   67.28000000   -93.66000000   25.71484209   99.76752375   1.37225665   -0.10721994   
6.49000000   216.19000000   67.28000000   -93.66000000   25.70035022   99.76326971   1.30543856   -0.03714164   
6.49000000   216.19000000   67.28000000   -93.66000000   25.69529338   99.75129039   1.47415099   0.09154014   
6.49000000   216.19000000   67.28000000   -93.66000000   25.69085929   99.74929312   2.10692623   0.10654439   
6.49000000   216.19000000   67.28000000   -93.66000000   25.69795348   99.74099531   2.76940911   -0.03567176   
6.49000000   216.19000000   67.28000000   -93.66000000   25.73936304   99.71779698   2.26464441   -0.11059939   
6.49000000   216.19000000   67.28000000   -93.66000000   25.73728329   99.71859085   2.20423877   0.01686184   
6.49000000   216.19000000   67.28000000   -93.66000000   25.71370054   99.74430505   1.96122360   -0.05513386   
6.49000000   216.19000000   67.28000000   -93.66000000   25.71178707   99.75051214   1.43399151   -0.03833748   
6.49000000   216.19000000   67.28000000   -93.66000000   25.71986094   99.74573449   1.14322868   -0.11300840   
6.49000000   216.19000000   67.28000000   -93.66000000   25.71793089   99.74027560   1.61264405   -0.29706001   
6.49000000   216.19000000   67.28000000   -93.66000000   25.74856747   99.76049900   1.32115032   -0.23337439   
6.49000000   216.19000000   67.28000000   -93.66000000   25.73193748   99.76272675   1.38164314   -0.43844741   
6.49000000   216.19000000   67.28000000   -93.66000000   25.72061052   99.76391994   1.71615697   -0.40856635   
6.49000000   216.19000000   67.28000000   -93.66000000   25.73710924   99.75180218   1.86644346   -0.28034932   
6.49000000   216.19000000   67.28000000   -93.66000000   25.73716774   99.75957265   2.60345097   -0.12786194   
6.49000000   216.19000000   67.28000000   -93.66000000   25.73480532   99.74779265   2.44947139   -0.25107042   
6.49000000   216.19000000   67.28000000   -93.66000000   25.71165494   99.76936581   1.85390807   -0.01877451   
6.49000000   216.19000000   67.28000000   -93.66000000   25.72728369   99.76985228   1.87059168   0.12882084   
6.49000000   216.19000000   67.28000000   -93.66000000   25.73472466   99.78611633   1.47615264   0.21847945   
6.49000000   216.19000000   67.28000000   -93.66000000   25.68861516   99.77022320   1.63544197   0.30725894   
6.49000000   216.19000000   67.28000000   -93.66000000   25.68762756   99.77013529   1.27922032   0.24359240   
6.49000000   216.19000000   67.28000000   -93.66000000   25.68583863   99.79017470   1.61963062   0.18148027   
6.49000000   216.19000000   67.28000000   -93.66000000   25.68257202   99.79802553   1.23784637   0.16144286   
6.49000000   216.19000000   67.28000000   -93.66000000   25.69257600   99.76185955   1.55302732   0.04478773   
6.49000000   216.19000000   67.28000000   -93.66000000   25.70615235   99.75447507   1.10721616   0.09129360   
6.49000000   216.19000000   67.28000000   -93.66000000   25.73024208   99.76628409   1.01545072   0.09020486   
6.49000000   216.19000000   67.28000000   -93.66000000   25.74002584   99.75362956   1.19813297   0.22219755   
6.49000000   216.19000000   67.28000000   -93.66000000   25.73021032   99.77397966   1.54984613   0.18890185   
6.49000000   216.19000000   67.28000000   -93.66000000   25.69659686   99.76971328   1.73610309   0.15358430   
6.49000000   216.19000000   67.28000000   -93.66000000   25.68978508   99.76924017   1.69902311   0.06021251   
6.49000000   216.19000000   67.28000000   -93.66000000   25.71480856   99.76575698   2.29680546   0.06688973   
6.49000000   216.19000000   67.28000000   -93.66000000   25.72756889   99.77896035   2.06269747   -0.02854263   
6.49000000   216.19000000   67.28000000   -93.66000000   25.74601585   99.76543743   1.94001739   -0.10211185   
6.49000000   216.19000000   67.28000000   -93.66000000   25.72298262   99.74591548   2.02665135   -0.06158756   
6.49000000   216.19000000   67.28000000   -93.66000000   25.72752621   99.74509706   2.38052334   -0.26280725   
6.49000000   216.19000000   67.28000000   -93.66000000   25.73642191   99.75524562   1.95101407   -0.23749622   
6.49000000   216.19000000   67.28000000   -93.66000000   25.72941483   99.75903840   1.91385085   -0.15566291   
6.49000000   216.19000000   67.28000000   -93.66000000   25.74016882   99.73282264   1.45386780   -0.11060315   
6.49000000   216.19000000   67.28000000   -93.66000000   25.70284343   99.72808431   1.82384495   -0.16548016   
6.49000000   216.19000000   67.28000000   -93.66000000   25.70282895   99.75646030   1.80372103   -0.29145258   
6.49000000   216.19000000   67.28000000   -93.66000000   25.73731426   99.74384255   2.27116297   -0.33149343   
6.49000000   216.19000000   67.28000000   -93.66000000   25.74065356   99.76203625   1.61300353   -0.46301149   
6.49000000   216.19000000   67.28000000   -93.66000000   25.73132604   99.76346497   1.04557987   -0.52601108   
6.49000000   216.19000000   67.28000000   -93.66000000   25.74643183   99.75065990   1.10137309   -0.33332031   
6.49000000   216.19000000   67.28000000   -93.66000000   25.75229430   99.74604909   1.02124864   -0.42264413   
6.49000000   216.19000000   67.28000000   -93.66000000   25.73091526   99.73972051   1.49356246   -0.48106598   
6.49000000   216.19000000   67.28000000   -93.66000000   25.74793950   99.74003643   1.07023963   -0.44464289   
6.49000000   216.19000000   67.28000000   -93.66000000   25.74237947   99.74988621   1.43140084   -0.40342646   
6.49000000   216.19000000   67.28000000   -93.66000000   25.75124753   99.74836625   1.17439900   -0.31454499   
6.49000000   216.19000000   67.28000000   -93.66000000   25.72153338   99.73537212   1.77562428   -0.27100739   
6.49000000   216.19000000   67.28000000   -93.66000000   25.72027052   99.75964655   1.79581341   -0.25005598   
6.49000000   216.19000000   67.28000000   -93.66000000   25.70910121   99.76719967   1.38945007   -0.13463155   
6.49000000   216.19000000   67.28000000   -93.66000000   25.69405616   99.75388960   1.41735515   -0.18085664   
6.49000000   216.19000000   67.28000000   -93.66000000   25.70000327   99.74428678   1.43240284   -0.13319135   
6.49000000   216.19000000   67.28000000   -93.66000000   25.69436400   99.74108906   1.63133052   -0.03243641   
6.49000000   216.19000000   67.28000000   -93.66000000   25.69294434   99.72580642   1.15178899   -0.20684406   
6.49000000   216.19000000   67.28000000   -93.66000000   25.72183767   99.71239447   1.36520463   -0.46421200   
6.49000000   216.19000000   67.28000000   -93.66000000   25.73533882   99.72685559   1.42221491   -0.43512644   
6.49000000   216.19000000   67.28000000   -93.66000000   25.75839472   99.74165399   1.13770900   -0.49710907   
6.49000000   216.19000000   67.28000000   -93.66000000   25.75004930   99.74630630   1.45553087   -0.55346539   
6.49000000   216.19000000   67.28000000   -93.66000000   25.71425230   99.75186612   1.21268825   -0.45239445   
6.49000000   216.19000000   67.28000000   -93.66000000   25.71321290   99.72518912   1.18021814   -0.45604567   
6.49000000   216.19000000   67.28000000   -93.66000000   25.73305967   99.71472804   1.86838813   -0.40304941   
6.49000000   216.19000000   67.28000000   -93.66000000   25.72038081   99.71607353   1.44206903   -0.52363210   
6.49000000   216.19000000   67.28000000   -93.66000000   25.72979692   99.74350665   1.69867692   -0.54880986   
6.49000000   216.19000000   67.28000000   -93.66000000   25.73876941   99.71328278   1.62719079   -0.48943680   
6.49000000   216.19000000   67.28000000   -93.66000000   25.74634341   99.70874588   1.37680198   -0.42142009   
6.49000000   216.19000000   67.28000000   -93.66000000   25.70589840   99.72962794   1.75404591   -0.60794107   
6.49000000   216.19000000   67.28000000   -93.66000000   25.70713873   99.71236750   1.46063011   -0.49125940   
6.49000000   216.19000000   67.28000000   -93.66000000   25.73984109   99.70758794   1.07435468   -0.55265602   
6.49000000   216.19000000   67.28000000   -93.66000000   25.73821806   99.71054351   1.57472824   -0.37895665   
6.49000000   216.19000000   67.28000000   -93.66000000   25.74354028   99.72672133   1.77580364   -0.21048353   
6.49000000   216.19000000   67.28000000   -93.66000000   25.74230740   99.73478884   1.53571379   -0.22256357   
6.49000000   216.19000000   67.28000000   -93.66000000   25.76584687   99.74193027   1.09333138   -0.37713586   
6.49000000   216.19000000   67.28000000   -93.66000000   25.76751259   99.75944711   1.62050824   -0.44426098   
6.49000000   216.19000000   67.28000000   -93.66000000   25.73396392   99.77434814   1.94033264   -0.27511972   
6.49000000   216.19000000   67.28000000   -93.66000000   25.73342404   99.78735768   1.39636662   -0.15512968   
6.49000000   216.19000000   67.28000000   -93.66000000   25.73956699   99.77818407   1.68968232   -0.11014381   
6.49000000   216.19000000   67.28000000   -93.66000000   25.74676930   99.73397910   1.83345937   -0.15479792   
6.49000000   216.19000000   67.28000000   -93.66000000   25.73266491   99.71783684   1.91873943   -0.20504032   
6.49000000   216.19000000   67.28000000   -93.66000000   25.71795143   99.72465436   1.10839082   -0.30387861   
6.49000000   216.19000000   67.28000000   -93.66000000   25.71204883   99.73286568   1.54166571   -0.51543574   
6.49000000   216.19000000   67.28000000   -93.66000000   25.71579756   99.72778467   1.74820753   -0.47070376   
6.49000000   216.19000000   67.28000000   -93.66000000   25.74062617   99.74800541   1.40810684   -0.39524220   
6.49000000   216.19000000   67.28000000   -93.66000000   25.73140785   99.73558254   1.30605532   -0.47641197   
6.49000000   216.19000000   67.28000000   -93.66000000   25.74197791   99.72790720   1.68258748   -0.41074247   
6.49000000   216.19000000   67.28000000   -93.66000000   25.73231627   99.71181177   1.51136578   -0.53363891   
6.49000000   216.19000000   67.28000000   -93.66000000   25.73257255   99.72803940   1.58826573   -0.45688071   
6.49000000   216.19000000   67.28000000   -93.66000000   25.71762822   99.71526042   1.09086972   -0.48510739   
6.49000000   216.19000000   67.28000000   -93.66000000   25.69804708   99.75381676   1.17055198   -0.54631908   
6.49000000   216.19000000   67.28000000   -93.66000000   25.69527578   99.74660802   1.51652602   -0.49482348   
6.49000000   216.19000000   67.28000000   -93.66000000   25.73475949   99.72832351   1.60532693   -0.38269538   
6.49000000   216.19000000   67.28000000   -93.66000000   25.75817403   99.73786664   1.04864779   -0.46685668   
6.49000000   216.19000000   67.28000000   -93.66000000   25.75592453   99.73587580   1.54663626   -0.45984843   
6.49000000   216.19000000   67.28000000   -93.66000000   25.75280136   99.74836534   1.72622609   -0.54412810   
6.49000000   216.19000000   67.28000000   -93.66000000   25.76781376   99.72602255   1.17513214   -0.66436490   
6.49000000   216.19000000   67.28000000   -93.66000000   25.74676220   99.76035268   1.29494629   -0.57102178   
6.49000000   216.19000000   67.28000000   -93.66000000   25.73917780   99.75305162   1.69004376   -0.68177241   
6.49000000   216.19000000   67.28000000   -93.66000000   25.73578264   99.75302791   1.45723266   -0.73741165   
6.49000000   216.19000000   67.28000000   -93.66000000   25.75133960   99.74367122   2.16374525   -0.77886228   
6.49000000   216.19000000   67.28000000   -93.66000000   25.76024595   99.70523874   2.04735367   -0.72134869   
6.49000000   216.19000000   67.28000000   -93.66000000   25.76162582   99.72407377   2.30581416   -0.70228217   
6.49000000   216.19000000   67.28000000   -93.66000000   25.76989376   99.71538688   2.32125309   -0.68023800   
6.49000000   216.19000000   67.28000000   -93.66000000   25.73343573   99.71453439   3.04653674   -0.65758478   
6.49000000   216.19000000   67.28000000   -93.66000000   25.73411985   99.70253095   2.39743746   -0.69864921   
6.49000000   216.19000000   67.28000000   -93.66000000   25.73342861   99.70527580   2.54129275   -0.78582615   
6.49000000   216.19000000   67.28000000   -93.66000000   25.73956612   99.72806026   2.24140344   -0.64851612   
6.49000000   216.19000000   67.28000000   -93.66000000   25.74598361   99.71317893   2.06348639   -0.80744406   
6.49000000   216.19000000   67.28000000   -93.66000000   25.73670223   99.74143541   1.36222441   -0.85527717   
6.49000000   216.19000000   67.28000000   -93.66000000   25.72409950   99.72087712   1.35448648   -0.98044052   
6.49000000   216.19000000   67.28000000   -93.66000000   25.73732396   99.73607801   1.31314309   -0.98080527   
6.49000000   216.19000000   67.28000000   -93.66000000   25.73498653   99.72306247   1.49180478   -1.00597690   
6.49000000   216.19000000   67.28000000   -93.66000000   25.73880522   99.72704777   1.74956870   -1.05140230   
6.49000000   216.19000000   67.28000000   -93.66000000   25.74236171   99.73047226   1.18886036   -1.11410193   
6.49000000   216.19000000   67.28000000   -93.66000000   25.71734491   99.71380094   1.13822679   -1.08615749   
6.49000000   216.19000000   67.28000000   -93.66000000   25.73027569   99.70698427   1.33438505   -1.07915902   
6.49000000   216.19000000   67.28000000   -93.66000000   25.72429916   99.71482213   1.39650458   -0.98175775   
6.49000000   216.19000000   67.28000000   -93.66000000   25.72279723   99.74719054   1.36643590   -0.82070875   
6.49000000   216.19000000   67.28000000   -93.66000000   25.72680996   99.74719594   1.27641153   -0.77852718   
6.49000000   216.19000000   67.28000000   -93.66000000   25.74319865   99.72480531   1.32384245   -0.80321541   
6.49000000   216.19000000   67.28000000   -93.66000000   25.75539858   99.73796216   1.05211640   -0.78916336   
6.49000000   216.19000000   67.28000000   -93.66000000   25.76258867   99.72570156   1.48689468   -0.81425553   
6.49000000   216.19000000   67.28000000   -93.66000000   25.75673867   99.73317000   1.54962625   -0.83084394   
6.49000000   216.19000000   67.28000000   -93.66000000   25.73517339   99.71727874   1.65422276   -0.88993781   
6.49000000   216.19000000   67.28000000   -93.66000000   25.73482320   99.72264865   1.37455461   -0.94528031   
6.49000000   216.19000000   67.28000000   -93.66000000   25.72808450   99.73368501   1.65588705   -0.89386555   
6.49000000   216.19000000   67.28000000   -93.66000000   25.75389897   99.71739315   1.07029042   -0.97107322   
6.49000000   216.19000000   67.28000000   -93.66000000   25.73418445   99.72341608   1.19724548   -0.89480790   
6.49000000   216.19000000   67.28000000   -93.66000000   25.73131066   99.74873126   1.12108232   -0.91445043   
6.49000000   216.19000000   67.28000000   -93.66000000   25.75025730   99.72718730   1.06342034   -0.91230206   
6.49000000   216.19000000   67.28000000   -93.66000000   25.73881093   99.73613828   1.25319913   -0.77880824   
6.49000000   216.19000000   67.28000000   -93.66000000   25.74546952   99.74111293   1.61406022   -0.72724858   
6.49000000   216.19000000   67.28000000   -93.66000000   25.73976703   99.75636629   1.49922539   -0.67470261   
6.49000000   216.19000000   67.28000000   -93.66000000   25.74596131   99.74214547   1.49791877   -0.69512527   
6.49000000   216.19000000   67.28000000   -93.66000000   25.76059173   99.73096756   1.51196697   -0.79616234   
6.49000000   216.19000000   67.28000000   -93.66000000   25.74952005   99.73572533   1.67922129   -0.68869094   
6.49000000   216.19000000   67.28000000   -93.66000000   25.73333444   99.73009130   1.67907459   -0.63543732   
6.49000000   216.19000000   67.28000000   -93.66000000   25.73985320   99.71810490   1.23350636   -0.56496054   
6.49000000   216.19000000   67.28000000   -93.66000000   25.74149466   99.73505735   1.60646384   -0.51061100   
6.49000000   216.19000000   67.28000000   -93.66000000   25.73726758   99.72392372   1.59640270   -0.39026212   
6.49000000   216.19000000   67.28000000   -93.66000000   25.73270268   99.72422991   1.71562654   -0.44470831   
6.49000000   216.19000000   67.28000000   -93.66000000   25.72207823   99.72898068   1.04923397   -0.38110340   
6.49000000   216.19000000   67.28000000   -93.66000000   25.71984641   99.73974673   1.03628337   -0.32760201   
6.49000000   216.19000000   67.28000000   -93.66000000   25.71296484   99.72683229   1.92794545   -0.51026455   
6.49000000   216.19000000   67.28000000   -93.66000000   25.75433590   99.73300749   1.22689032   -0.65427051   
6.49000000   216.19000000   67.28000000   -93.66000000   25.75880420   99.73308536   1.04474378   -0.61991907   
6.49000000   216.19000000   67.28000000   -93.66000000   25.76091444   99.74968169   1.10057563   -0.74274086   
6.49000000   216.19000000   67.28000000   -93.66000000   25.73943679   99.74760405   1.44555638   -0.70671451   
6.49000000   216.19000000   67.28000000   -93.66000000   25.74540149   99.74918372   1.36777962   -0.53298578   
6.49000000   216.19000000   67.28000000   -93.66000000   25.71409706   99.73869356   1.60190197   -0.69557859   
6.49000000   216.19000000   67.28000000   -93.66000000   25.70974827   99.72599275   1.42334184   -0.63352302   
6.49000000   216.19000000   67.28000000   -93.66000000   25.74159565   99.73514335   1.29714428   -0.79753442   
6.49000000   216.19000000   67.28000000   -93.66000000   25.75245324   99.73986647   1.68736141   -0.66910802   
6.49000000   216.19000000   67.28000000   -93.66000000   25.76361974   99.76840163   1.02493352   -0.58616423   
6.49000000   216.19000000   67.28000000   -93.66000000   25.75291114   99.73779279   1.55958353   -0.69537566   
6.49000000   216.19000000   67.28000000   -93.66000000   25.75486816   99.74849032   1.03963096   -0.56353868   
6.49000000   216.19000000   67.28000000   -93.66000000   25.75873279   99.75924166   1.71869588   -0.37993554   
6.49000000   216.19000000   67.28000000   -93.66000000   25.72730897   99.74864012   1.24074651   -0.17579472   
6.49000000   216.19000000   67.28000000   -93.66000000   25.74341206   99.75040464   1.22462396   -0.22938702   
6.49000000   216.19000000   67.28000000   -93.66000000   25.73670467   99.74524459   1.47491659   -0.22978733   
6.49000000   216.19000000   67.28000000   -93.66000000   25.72366455   99.72436133   1.16095907   -0.13125311   
6.49000000   216.19000000   67.28000000   -93.66000000   25.71750215   99.72543170   1.24125903   -0.17301301   
6.49000000   216.19000000   67.28000000   -93.66000000   25.69336892   99.73529315   1.26893152   -0.15726027   
6.49000000   216.19000000   67.28000000   -93.66000000   25.71743784   99.72003212   1.33402556   -0.17556292   
6.49000000   216.19000000   67.28000000   -93.66000000   25.72486570   99.71465730   1.77503491   -0.34594308   
6.49000000   216.19000000   67.28000000   -93.66000000   25.72993887   99.71945161   1.56424557   -0.31317652   
6.49000000   216.19000000   67.28000000   -93.66000000   25.71088676   99.71176550   1.48069879   -0.38642201   
6.49000000   216.19000000   67.28000000   -93.66000000   25.72349318   99.70971877   1.48364243   -0.30099858   
6.49000000   216.19000000   67.28000000   -93.66000000   25.70942904   99.73645281   1.29158455   -0.29974634   
6.49000000   216.19000000   67.28000000   -93.66000000   25.72089707   99.75695846   1.00327330   -0.24334382   
6.49000000   216.19000000   67.28000000   -93.66000000   25.73626376   99.76114887   1.17291217   -0.20558752   
6.49000000   216.19000000   67.28000000   -93.66000000   25.73531516   99.74910195   1.16198951   -0.24549893   
6.49000000   216.19000000   67.28000000   -93.66000000   25.74309056   99.74852268   1.82911352   -0.32722492   
6.49000000   216.19000000   67.28000000   -93.66000000   25.74268713   99.76400894   1.38327066   -0.43709674   
6.49000000   216.19000000   67.28000000   -93.66000000   25.74058107   99.74980521   2.19687674   -0.54398473   
6.49000000   216.19000000   67.28000000   -93.66000000   25.72119740   99.71790817   2.17757117   -0.52633303   
6.49000000   216.19000000   67.28000000   -93.66000000   25.71267664   99.74521736   1.55897671   -0.68973514   
6.49000000   216.19000000   67.28000000   -93.66000000   25.70561812   99.71460661   1.00000397   -0.63189579   
6.49000000   216.19000000   67.28000000   -93.66000000   25.71734736   99.72555890   1.56967708   -0.44155846   
6.49000000   216.19000000   67.28000000   -93.66000000   25.74635841   99.71715668   1.04689112   -0.47078803   
6.49000000   216.19000000   67.28000000   -93.66000000   25.73132246   99.73709926   1.02399757   -0.54771913   
6.49000000   216.19000000   67.28000000   -93.66000000   25.71725364   99.73523807   1.12300761   -0.41059925   
6.49000000   216.19000000   67.28000000   -93.66000000   25.73437274   99.72562023   1.24562499   -0.40527726   
6.49000000   216.19000000   67.28000000   -93.66000000   25.74502858   99.74351731   1.09060343   -0.45495103   
6.49000000   216.19000000   67.28000000   -93.66000000   25.71116377   99.72939012   1.05293096   -0.50218860   
6.49000000   216.19000000   67.28000000   -93.66000000   25.72963128   99.72823373   1.30239041   -0.64484753   
6.49000000   216.19000000   67.28000000   -93.66000000   25.73010433   99.73346792   1.73852334   -0.65883200   
6.49000000   216.19000000   67.28000000   -93.66000000   25.71792211   99.72379439   1.32743205   -0.52188658   
6.49000000   216.19000000   67.28000000   -93.66000000   25.71029309   99.72555290   1.30828171   -0.47965283   
6.49000000   216.19000000   67.28000000   -93.66000000   25.71812336   99.74203603   1.32882588   -0.17775512   
6.49000000   216.19000000   67.28000000   -93.66000000   25.71340590   99.75581182   1.12446996   -0.20501125   
6.49000000   216.19000000   67.28000000   -93.66000000   25.71480233   99.73292026   1.71376174   -0.07558920   
6.49000000   216.19000000   67.28000000   -93.66000000   25.75098291   99.73849344   1.16170881   -0.13858340   
6.49000000   216.19000000   67.28000000   -93.66000000   25.75736426   99.74943107   1.38669728   -0.14153988   
6.49000000   216.19000000   67.28000000   -93.66000000   25.74285233   99.72993376   1.44202532   -0.17159333   
6.49000000   216.19000000   67.28000000   -93.66000000   25.73615433   99.73339974   2.12266751   -0.08283857   
6.49000000   216.19000000   67.28000000   -93.66000000   25.73329729   99.73081472   1.30782410   -0.09307713   
6.49000000   216.19000000   67.28000000   -93.66000000   25.75258300   99.76019546   1.02191680   -0.01617295   
6.49000000   216.19000000   67.28000000   -93.66000000   25.75679074   99.77132068   1.10452544   -0.03000150   
6.49000000   216.19000000   67.28000000   -93.66000000   25.73571918   99.75854789   1.49811417   0.08275011   
6.49000000   216.19000000   67.28000000   -93.66000000   25.73585685   99.76095186   1.54253940   -0.01802442   
6.49000000   216.19000000   67.28000000   -93.66000000   25.72709126   99.76746185   1.23519206   0.10345538   
6.49000000   216.19000000   67.28000000   -93.66000000   25.72854729   99.75662007   1.07437151   0.04068067   
6.49000000   216.19000000   67.28000000   -93.66000000   25.71986145   99.79364209   1.42652235   -0.06078252   
6.49000000   216.19000000   67.28000000   -93.66000000   25.70934178   99.77962975   1.54629627   -0.03438249   
6.49000000   216.19000000   67.28000000   -93.66000000   25.72486951   99.77348802   1.67034203   0.17720928   
6.49000000   216.19000000   67.28000000   -93.66000000   25.71609162   99.77841444   1.20723021   0.28141699   
6.49000000   216.19000000   67.28000000   -93.66000000   25.72113546   99.77563807   1.20253225   0.33108547   
6.49000000   216.19000000   67.28000000   -93.66000000   25.71927334   99.75421584   1.57129096   0.17151691   
6.49000000   216.19000000   67.28000000   -93.66000000   25.71399211   99.75350615   1.06425127   0.14763075   
6.49000000   216.19000000   67.28000000   -93.66000000   25.73316117   99.76219284   1.14816544   0.03831149   
6.49000000   216.19000000   67.28000000   -93.66000000   25.70551361   99.74687137   1.29657182   -0.06717812   
6.49000000   216.19000000   67.28000000   -93.66000000   25.70762984   99.74850539   1.54824581   -0.22239821   
6.49000000   216.19000000   67.28000000   -93.66000000   25.69261975   99.73747551   1.12416994   -0.38392190   
6.49000000   216.19000000   67.28000000   -93.66000000   25.71972625   99.75269028   1.31358653   -0.41034388   
6.49000000   216.19000000   67.28000000   -93.66000000   25.72929698   99.75174391   1.11692252   -0.36752469   
6.49000000   216.19000000   67.28000000   -93.66000000   25.71341293   99.75734795   1.57642907   -0.17449107   
6.49000000   216.19000000   67.28000000   -93.66000000   25.70640136   99.74378616   1.16315497   -0.13845087   
6.49000000   216.19000000   67.28000000   -93.66000000   25.72167022   99.76874511   1.02766840   0.00354533   
6.49000000   216.19000000   67.28000000   -93.66000000   25.72137781   99.75702639   1.51615132   -0.06238725   
6.49000000   216.19000000   67.28000000   -93.66000000   25.72419640   99.76246319   1.04495169   -0.13637945   
6.49000000   216.19000000   67.28000000   -93.66000000   25.68305959   99.75113668   1.20763473   -0.06228038   
6.49000000   216.19000000   67.28000000   -93.66000000   25.70130403   99.76462696   1.83384635   -0.08398050   
6.49000000   216.19000000   67.28000000   -93.66000000   25.70183935   99.76756191   2.08714617   -0.09056672   
6.49000000   216.19000000   67.28000000   -93.66000000   25.71349546   99.72712982   1.78860746   0.00237713   
6.49000000   216.19000000   67.28000000   -93.66000000   25.69683922   99.75065061   1.45562600   0.13837601   
6.49000000   216.19000000   67.28000000   -93.66000000   25.71531896   99.76194518   1.12711711   0.05830694   
6.49000000   216.19000000   67.28000000   -93.66000000   25.71118412   99.77760742   1.19798564   -0.07243703   
6.49000000   216.19000000   67.28000000   -93.66000000   25.70697068   99.77465749   1.20798222   -0.10277493   
6.49000000   216.19000000   67.28000000   -93.66000000   25.69535889   99.76576274   1.60236544   -0.20759430   
6.49000000   216.19000000   67.28000000   -93.66000000   25.70065134   99.73662241   1.06257881   -0.31234900   
6.49000000   216.19000000   67.28000000   -93.66000000   25.70247898   99.73105147   1.13681547   -0.38528786   
6.49000000   216.19000000   67.28000000   -93.66000000   25.70548021   99.74951508   1.22334211   -0.42681315   
6.49000000   216.19000000   67.28000000   -93.66000000   25.71824295   99.74430488   1.07721672   -0.55387029   
6.49000000   216.19000000   67.28000000   -93.66000000   25.70784751   99.74263740   1.11085559   -0.40611917   
6.49000000   216.19000000   67.28000000   -93.66000000   25.71700766   99.75130426   1.20346341   -0.39422343   
6.49000000   216.19000000   67.28000000   -93.66000000   25.72111076   99.74700081   1.71942930   -0.29363588   
6.49000000   216.19000000   67.28000000   -93.66000000   25.72340965   99.74488681   1.65252089   -0.32176603   
6.49000000   216.19000000   67.28000000   -93.66000000   25.70993368   99.77274313   1.17357017   -0.19559986   
6.49000000   216.19000000   67.28000000   -93.66000000   25.71333798   99.75826806   1.01496294   -0.17149637   
6.49000000   216.19000000   67.28000000   -93.66000000   25.71073938   99.75962173   1.02043679   -0.16990055   
6.49000000   216.19000000   67.28000000   -93.66000000   25.70014192   99.76024741   1.42374869   0.00549601   
6.49000000   216.19000000   67.28000000   -93.66000000   25.71121790   99.76101037   1.28903029   -0.11310322   
6.49000000   216.19000000   67.28000000   -93.66000000   25.71781733   99.73295749   1.35828603   -0.05916609   
6.49000000   216.19000000   67.28000000   -93.66000000   25.71392698   99.74394362   1.66885476   0.01217181   
6.49000000   216.19000000   67.28000000   -93.66000000   25.72293638   99.73736656   1.61833612   0.01848516   
6.49000000   216.19000000   67.28000000   -93.66000000   25.72275189   99.76226519   1.45424764   0.18069231   
6.49000000   216.19000000   67.28000000   -93.66000000   25.68767174   99.73754481   1.17980379   0.02287148   
6.49000000   216.19000000   67.28000000   -93.66000000   25.73635480   99.74308020   1.60507203   0.02463511   
6.49000000   216.19000000   67.28000000   -93.66000000   25.74226266   99.73960997   2.12919002   0.04331236   
6.49000000   216.19000000   67.28000000   -93.66000000   25.73435812   99.75061462   2.24444542   -0.07234527   
6.49000000   216.19000000   67.28000000   -93.66000000   25.73285192   99.72066424   2.19051092   -0.05581866   
6.49000000   216.19000000   67.28000000   -93.66000000   25.75263786   99.74682490   2.04553239   -0.03065399   
6.49000000   216.19000000   67.28000000   -93.66000000   25.74815703   99.76564068   1.94754017   0.15521925   
6.49000000   216.19000000   67.28000000   -93.66000000   25.74053839   99.74779438   1.45563557   0.18673091   
6.49000000   216.19000000   67.28000000   -93.66000000   25.74807380   99.74516739   2.18106508   0.08292448   
6.49000000   216.19000000   67.28000000   -93.66000000   25.74544214   99.73579616   1.42324444   0.09860326   
6.49000000   216.19000000   67.28000000   -93.66000000   25.74133390   99.74224013   1.23731003   -0.10245158   
6.49000000   216.19000000   67.28000000   -93.66000000   25.71788654   99.73652460   1.13643861   -0.06774763   
6.49000000   216.19000000   67.28000000   -93.66000000   25.70891223   99.75700114   1.70925172   0.02154005   
6.49000000   216.19000000   67.28000000   -93.66000000   25.72535243   99.78825729   1.00223122   0.07462252   
6.49000000   216.19000000   67.28000000   -93.66000000   25.71052137   99.77359187   2.05571414   -0.15456884   
6.49000000   216.19000000   67.28000000   -93.66000000   25.71369671   99.73933838   1.80965887   -0.13108716   
6.49000000   216.19000000   67.28000000   -93.66000000   25.72093299   99.72680982   1.55321775   -0.15039055   
6.49000000   216.19000000   67.28000000   -93.66000000   25.70235683   99.74606062   1.32017271   -0.37682264   
6.49000000   216.19000000   67.28000000   -93.66000000   25.70575654   99.73861357   1.41464428   -0.63002011   
6.49000000   216.19000000   67.28000000   -93.66000000   25.71102673   99.71582186   2.01219557   -0.58625060   
6.49000000   216.19000000   67.28000000   -93.66000000   25.71094528   99.72211331   1.76815934   -0.48295888   
6.49000000   216.19000000   67.28000000   -93.66000000   25.72524530   99.73145335   2.16038835   -0.39406609   
6.49000000   216.19000000   67.28000000   -93.66000000   25.71101399   99.73186904   2.17685445   -0.24462731   
6.49000000   216.19000000   67.28000000   -93.66000000   25.70942048   99.73555238   1.56054257   -0.27847356   
6.49000000   216.19000000   67.28000000   -93.66000000   25.69862772   99.72212433   1.64744708   -0.21946604   
6.49000000   216.19000000   67.28000000   -93.66000000   25.70492939   99.72763034   2.41050854   -0.08644138   
6.49000000   216.19000000   67.28000000   -93.66000000   25.73677455   99.72650980   2.01831326   -0.15229825   
6.49000000   216.19000000   67.28000000   -93.66000000   25.71916493   99.73391610   2.22774643   -0.16490955   
6.49000000   216.19000000   67.28000000   -93.66000000   25.72091399   99.73426021   2.23137703   -0.18948850   
6.49000000   216.19000000   67.28000000   -93.66000000   25.71764681   99.75405835   2.63356340   -0.18155137   
6.49000000   216.19000000   67.28000000   -93.66000000   25.73310701   99.73666080   2.43318953   -0.26363262   
6.49000000   216.19000000   67.28000000   -93.66000000   25.73439606   99.75773300   2.73407849   -0.30841440   
6.49000000   216.19000000   67.28000000   -93.66000000   25.70270891   99.75398064   2.23831990   -0.35647450   
6.49000000   216.19000000   67.28000000   -93.66000000   25.70222151   99.75512128   1.73762506   -0.16510027   
6.49000000   216.19000000   67.28000000   -93.66000000   25.72244983   99.74159102   2.08120345   -0.17364914   
6.49000000   216.19000000   67.28000000   -93.66000000   25.71473327   99.73069185   1.48865795   -0.27811416   
6.49000000   216.19000000   67.28000000   -93.66000000   25.71710943   99.74105489   1.10582246   -0.28968566   
6.49000000   216.19000000   67.28000000   -93.66000000   25.71058537   99.77082704   1.12322155   -0.34107377   
6.49000000   216.19000000   67.28000000   -93.66000000   25.72341576   99.73743868   2.07667748   -0.40326662   
6.49000000   216.19000000   67.28000000   -93.66000000   25.74354423   99.73706479   1.81200283   -0.27623708   
6.49000000   216.19000000   67.28000000   -93.66000000   25.74233437   99.77313763   1.20144778   -0.33475469   
6.49000000   216.19000000   67.28000000   -93.66000000   25.75569837   99.76572471   1.38697881   -0.15354012   
6.49000000   216.19000000   67.28000000   -93.66000000   25.75725460   99.77152692   1.70474131   -0.26992213   
6.49000000   216.19000000   67.28000000   -93.66000000   25.76553086   99.75167358   2.21278701   -0.28255750   
6.49000000   216.19000000   67.28000000   -93.66000000   25.72857996   99.74916284   2.69279460   -0.45027470   
6.49000000   216.19000000   67.28000000   -93.66000000   25.75016606   99.71717011   2.45387995   -0.38351472   
6.49000000   216.19000000   67.28000000   -93.66000000   25.72835432   99.74290355   2.03948196   -0.50697581   
6.49000000   216.19000000   67.28000000   -93.66000000   25.72086858   99.75165116   1.42936814   -0.55017304   
6.49000000   216.19000000   67.28000000   -93.66000000   25.75308137   99.73662498   1.35804408   -0.54670103   
6.49000000   216.19000000   67.28000000   -93.66000000   25.75104431   99.73887217   1.36304728   -0.53161703   
6.49000000   216.19000000   67.28000000   -93.66000000   25.71827346   99.72703006   1.43158452   -0.55964946   
6.49000000   216.19000000   67.28000000   -93.66000000   25.72573353   99.74158336   1.27596867   -0.39705467   
6.49000000   216.19000000   67.28000000   -93.66000000   25.72774888   99.74473233   1.19021910   -0.40761570   
6.49000000   216.19000000   67.28000000   -93.66000000   25.72923082   99.74444604   1.06008161   -0.46520635   
6.49000000   216.19000000   67.28000000   -93.66000000   25.72089560   99.75275306   1.33571372   -0.48106083   
6.49000000   216.19000000   67.28000000   -93.66000000   25.72605462   99.74371346   1.19945573   -0.55015994   
6.49000000   216.19000000   67.28000000   -93.66000000   25.73222382   99.72785632   1.39539225   -0.64409945   
6.49000000   216.19000000   67.28000000   -93.66000000   25.71395860   99.72613673   1.36246264   -0.68592039   
6.49000000   216.19000000   67.28000000   -93.66000000   25.71444213   99.73819043   1.11422388   -0.62361423   
6.49000000   216.19000000   67.28000000   -93.66000000   25.71365798   99.73251227   1.20163630   -0.63545619   
6.49000000   216.19000000   67.28000000   -93.66000000   25.72560610   99.73468762   1.20614211   -0.58127543   
6.49000000   216.19000000   67.28000000   -93.66000000   25.71538877   99.73558327   1.20321454   -0.53278286   
6.49000000   216.19000000   67.28000000   -93.66000000   25.69802744   99.72675208   1.07624420   -0.42632671   
6.49000000   216.19000000   67.28000000   -93.66000000   25.75382507   99.74663121   1.61054880   -0.35064595   
6.49000000   216.19000000   67.28000000   -93.66000000   25.74964040   99.74974350   2.17402807   -0.54805738   
6.49000000   216.19000000   67.28000000   -93.66000000   25.76321499   99.73771794   1.97069195   -0.64183972   
6.49000000   216.19000000   67.28000000   -93.66000000   25.72512308   99.74070506   2.70064354   -0.64629611   
6.49000000   216.19000000   67.28000000   -93.66000000   25.72584667   99.73865577   2.81093513   -0.52953927   
6.49000000   216.19000000   67.28000000   -93.66000000   25.72995812   99.74049644   2.44036797   -0.80667903   
6.49000000   216.19000000   67.28000000   -93.66000000   25.75142304   99.71875553   2.08008481   -0.84548699   
6.49000000   216.19000000   67.28000000   -93.66000000   25.74430137   99.71427598   2.20470869   -0.78388008   
6.49000000   216.19000000   67.28000000   -93.66000000   25.72789940   99.72246923   1.95690085   -0.69298110   
6.49000000   216.19000000   67.28000000   -93.66000000   25.73229619   99.73633187   2.10927545   -0.79646902   
6.49000000   216.19000000   67.28000000   -93.66000000   25.72554418   99.73023178   1.27944645   -0.77925757   
6.49000000   216.19000000   67.28000000   -93.66000000   25.73259008   99.72061578   1.14307055   -0.82928391   
6.49000000   216.19000000   67.28000000   -93.66000000   25.72833288   99.74070214   1.29155915   -0.73955160   
6.49000000   216.19000000   67.28000000   -93.66000000   25.74213881   99.72661062   1.70112653   -0.66186908   
6.49000000   216.19000000   67.28000000   -93.66000000   25.73706425   99.74462104   1.63974397   -0.68690142   
6.49000000   216.19000000   67.28000000   -93.66000000   25.74230715   99.73396313   1.65705692   -0.68396374   
6.49000000   216.19000000   67.28000000   -93.66000000   25.71998228   99.73064693   1.44046386   -0.69141451   
6.49000000   216.19000000   67.28000000   -93.66000000   25.72705399   99.73541341   1.68575091   -0.68585679   
6.49000000   216.19000000   67.28000000   -93.66000000   25.73034493   99.72047946   1.69474934   -0.64460948   
6.49000000   216.19000000   67.28000000   -93.66000000   25.72877644   99.73190314   1.50429691   -0.68218517   
6.49000000   216.19000000   67.28000000   -93.66000000   25.70639583   99.72482887   1.52879400   -0.63826063   
6.49000000   216.19000000   67.28000000   -93.66000000   25.70673312   99.74695136   1.18803867   -0.54500748   
6.49000000   216.19000000   67.28000000   -93.66000000   25.74496686   99.75903850   1.26265559   -0.37217305   
6.49000000   216.19000000   67.28000000   -93.66000000   25.71213371   99.75155590   1.12652558   -0.41812174   
6.49000000   216.19000000   67.28000000   -93.66000000   25.71818789   99.75166203   1.01015739   -0.41949277   
6.49000000   216.19000000   67.28000000   -93.66000000   25.71429009   99.74324397   1.56880011   -0.35832560   
6.49000000   216.19000000   67.28000000   -93.66000000   25.74347839   99.76192499   1.17525999   -0.31009339   
6.49000000   216.19000000   67.28000000   -93.66000000   25.76472541   99.75059550   1.54974571   -0.32900182   
6.49000000   216.19000000   67.28000000   -93.66000000   25.74355354   99.71773686   1.36416732   -0.21894248   
6.49000000   216.19000000   67.28000000   -93.66000000   25.74140230   99.72364248   1.22627431   -0.08986728   
6.49000000   216.19000000   67.28000000   -93.66000000   25.72545899   99.75465453   1.22163571   0.01733224   
6.49000000   216.19000000   67.28000000   -93.66000000   25.71377590   99.76660083   1.59390503   0.11309993   
6.49000000   216.19000000   67.28000000   -93.66000000   25.71442378   99.75095326   1.41435535   0.03057588   
6.49000000   216.19000000   67.28000000   -93.66000000   25.72131148   99.75978039   1.49696322   0.07195774   
6.49000000   216.19000000   67.28000000   -93.66000000   25.72263293   99.75724242   1.12322970   0.12684569   
6.49000000   216.19000000   67.28000000   -93.66000000   25.71236101   99.73338774   1.19581004   0.06741857   
6.49000000   216.19000000   67.28000000   -93.66000000   25.72007842   99.72755705   1.62247496   0.08226291   
6.49000000   216.19000000   67.28000000   -93.66000000   25.73181730   99.76077114   1.76041787   0.20053180   
6.49000000   216.19000000   67.28000000   -93.66000000   25.74940212   99.74800026   1.68549245   0.06099569   
6.49000000   216.19000000   67.28000000   -93.66000000   25.72493511   99.76619478   1.93808110   0.20492731   
6.49000000   216.19000000   67.28000000   -93.66000000   25.70217325   99.76967253   1.83807772   0.15447825   
6.49000000   216.19000000   67.28000000   -93.66000000   25.69597664   99.75433663   2.00677384   0.11274680   
6.49000000   216.19000000   67.28000000   -93.66000000   25.68701380   99.74856041   1.12651919   0.10290254   
6.49000000   216.19000000   67.28000000   -93.66000000   25.70994036   99.76088450   1.06239645   0.00642328   
6.49000000   216.19000000   67.28000000   -93.66000000   25.71449750   99.73739192   1.28511322   -0.01561817   
6.49000000   216.19000000   67.28000000   -93.66000000   25.73644224   99.73587995   1.14004933   -0.02998821   
6.49000000   216.19000000   67.28000000   -93.66000000   25.72946019   99.73147951   1.28098383   -0.12150477   
6.49000000   216.19000000   67.28000000   -93.66000000   25.73689100   99.72637312   1.47582900   -0.14644035   
6.49000000   216.19000000   67.28000000   -93.66000000   25.75466586   99.73905639   1.57251421   -0.19527127   
6.49000000   216.19000000   67.28000000   -93.66000000   25.75181593   99.76736841   1.03229642   -0.07369449   
