805.69502289   
789.33774639   
743.85170768   
742.98965302   
714.15159265   
709.20325843   
699.05821936   
679.99118988   
688.63562869   
679.93554833   
653.72630717   
649.46010965   
644.28871011   
639.55997563   
636.04398698   
634.39296132   
635.04984492   
625.64946437   
624.95263760   
617.84952769   
621.67744995   
617.56494139   
617.43084515   
617.09441016   
618.22259092   
620.26706926   
626.82852612   
618.57079904   
619.24939888   
619.20047431   
621.89495112   
617.69190444   
615.29736002   
616.01056540   
615.24787430   
610.31920441   
610.47397195   
607.13612234   
607.34690978   
607.54809874   
609.41529590   
605.73667803   
600.01055587   
601.29377532   
600.84751714   
601.54888025   
611.40274382   
608.12434956   
604.40074219   
604.29897100   
601.62969121   
602.62198255   
603.59128747   
597.88801064   
599.12015135   
598.72071492   
598.48699623   
595.34446410   
592.03763702   
595.02590118   
591.47359061   
595.23918347   
596.97845954   
596.71926738   
597.24251111   
593.03215329   
588.46359813   
584.91728100   
586.48164568   
584.75787500   
582.22388820   
583.66008061   
579.12770499   
578.04959164   
577.20510689   
575.18385437   
573.15345551   
569.87521012   
574.26084584   
575.58670370   
574.48939350   
578.39694429   
570.10286630   
569.54507851   
569.76156257   
567.08028665   
563.01753639   
561.35906769   
563.01953120   
562.34343960   
559.84935331   
559.03564590   
562.46823368   
564.36871825   
553.82644460   
553.83559569   
550.50848343   
554.26688502   
548.55551540   
543.58539062   
542.63559938   
543.77010885   
547.57855546   
545.73040845   
541.29735889   
535.80506239   
536.85160507   
537.79002308   
540.03633308   
543.31389874   
538.84418982   
538.67607239   
536.24872307   
542.08518505   
539.66477281   
540.17774983   
541.29993287   
540.85230193   
540.77280357   
534.86120134   
538.24753372   
538.54598537   
538.53249385   
543.66382257   
541.83019959   
538.79992013   
533.49033981   
531.15034157   
528.79661148   
527.26280890   
528.85344990   
528.95349980   
526.37005979   
530.38118660   
531.07538441   
521.91202541   
523.05370296   
526.05173453   
529.47359953   
532.61441864   
529.88266438   
531.35450819   
525.45708798   
521.93184680   
518.22302190   
519.62646888   
523.05959673   
522.00213401   
522.36823973   
522.54892252   
527.96647875   
525.43746393   
526.43182069   
526.82119844   
530.11100511   
530.43377915   
529.16744359   
533.27402785   
533.43307757   
525.67899126   
522.64299677   
522.66754570   
526.05155414   
526.69058421   
527.30233462   
526.51180015   
528.78205276   
528.29149682   
525.99343052   
523.38220307   
524.91155932   
523.71009466   
523.51721797   
523.08644863   
526.88466071   
526.20699326   
524.64339446   
522.32960276   
519.60026284   
518.76903622   
518.78817395   
518.60798413   
518.25413965   
519.93894405   
520.09044093   
522.06078558   
524.31056289   
522.05540465   
523.97301743   
523.97171560   
525.28604291   
524.24844300   
523.61689128   
519.67184018   
520.83107329   
521.40809063   
517.11868825   
519.74040793   
525.31627317   
522.73864566   
519.90616660   
522.37365879   
525.66833204   
525.86015340   
524.62255214   
521.96685697   
524.85139670   
524.67417330   
523.04862203   
522.91354756   
527.17795729   
528.16878651   
529.10209375   
525.94942641   
525.89120472   
526.70912838   
521.31198792   
520.89716071   
519.23241753   
520.42571712   
518.39208240   
520.26394093   
522.50740113   
519.99792287   
521.22263453   
522.75056573   
524.44154184   
520.43813229   
521.02553275   
522.07510966   
522.30204422   
523.02079665   
523.41414170   
521.96639302   
523.81023441   
526.05579232   
528.36190159   
527.97120553   
530.39959094   
529.41024856   
528.83077560   
528.90687266   
522.31342945   
524.56670169   
522.52076512   
522.66755383   
523.50932789   
524.24931687   
523.25647549   
522.01939419   
523.64074554   
524.93837324   
524.22579216   
524.07176646   
523.62747554   
521.75994342   
520.19270807   
522.88954668   
523.60936871   
521.74695630   
522.10547150   
522.78283710   
521.13881189   
518.35318005   
521.32894181   
520.04445725   
520.34388817   
522.32760050   
523.39671343   
521.16823421   
522.10262316   
520.29194371   
519.74006051   
518.78513684   
519.78656281   
521.01646071   
520.32378357   
518.54822089   
516.99211095   
523.83913930   
519.09278214   
519.26874630   
521.42371028   
521.47877172   
520.63870133   
521.40755126   
522.15657689   
521.95897791   
521.73217807   
527.07209978   
521.59360961   
519.73564649   
525.00518785   
517.76981686   
518.43392957   
521.30749624   
523.29333106   
522.51863489   
526.22247834   
525.85114727   
525.17814764   
522.35421489   
526.44168211   
524.95728985   
521.07771957   
517.60430367   
518.85943709   
518.28233472   
522.78167751   
522.91365097   
525.26992852   
523.89367631   
523.27033169   
523.74875229   
521.33415943   
520.70801530   
516.20352445   
517.28427208   
517.42642115   
517.94622084   
518.78927846   
519.56486412   
518.81957077   
520.30041756   
521.77568480   
520.40828355   
518.89545331   
522.58410264   
523.86911792   
525.52702668   
524.55122586   
525.23630674   
524.16429965   
525.55318776   
526.81517861   
524.61754263   
522.68983599   
522.85132373   
521.56042925   
530.39004317   
526.02129712   
525.49203494   
525.86499666   
526.03908322   
525.79901266   
522.84748627   
521.79980789   
522.62230400   
522.14926482   
522.20004778   
520.17747012   
516.94973004   
520.79791486   
520.36832453   
521.95914706   
521.41771271   
518.71258104   
525.40368958   
526.34419510   
527.65212142   
527.47087486   
525.56880173   
520.57494108   
521.62274656   
521.88203395   
524.38476769   
520.75687445   
518.96962170   
517.66244899   
517.09108572   
518.34642790   
517.23827251   
519.82668746   
519.60750120   
519.74466227   
517.84588087   
519.66545442   
524.21876847   
522.05679128   
523.32562487   
523.12518835   
524.18847854   
524.86898522   
528.37619907   
524.53331846   
527.47016676   
523.06200070   
528.21796920   
527.27894949   
529.49991002   
528.68108940   
528.23671545   
528.92258752   
521.57234149   
521.42514586   
522.52936111   
526.79864482   
527.25735802   
524.83438258   
523.87485192   
523.01236919   
522.59507273   
526.20229470   
524.53321206   
522.31964574   
523.74415120   
520.89202343   
527.51303344   
529.83542153   
524.36417803   
523.77536764   
523.25758842   
526.45676365   
524.82828316   
527.44869328   
524.92449222   
521.70106847   
522.74073546   
521.83338013   
517.95991068   
521.61821134   
522.37422648   
523.10423390   
522.69006202   
525.64260268   
527.86904524   
527.63069853   
525.91174374   
527.87866797   
522.54702008   
520.55611807   
520.81934293   
521.07850210   
521.40476858   
519.19639971   
516.30767657   
515.67601064   
520.29626001   
516.60019625   
520.17854382   
521.17539050   
516.10605797   
516.51601750   
516.49511690   
517.70256024   
521.91989844   
522.25974131   
524.42740453   
526.31856441   
527.64012367   
529.53347056   
529.54936614   
525.68988974   
524.80918138   
524.12238976   
524.88258262   
520.33758027   
517.80840929   
520.14725806   
519.21711898   
521.56016842   
519.25981420   
520.61222495   
520.05949147   
520.23929733   
520.07402163   
522.59585022   
518.77821203   
521.46103174   
517.43573109   
517.34699243   
518.71484487   
519.59398738   
526.10222474   
526.53489912   
526.94146673   
520.39899288   
523.85792027   
522.98930249   
522.45768875   
522.06392716   
525.86050510   
528.54949081   
526.76317440   
528.08896141   
527.72619200   
528.46663608   
529.28337663   
526.64341334   
520.82895277   
523.06364049   
522.71128519   
522.82167881   
522.57946531   
523.59444510   
524.10534548   
