1242.20124260   
1288.74349674   
1229.25913369   
1338.95446680   
1253.44933346   
1243.70234295   
1252.53541258   
1246.84214970   
1273.43060286   
1353.02801762   
1213.32366757   
1257.34534210   
1287.47976684   
1152.34680153   
1209.61089222   
1131.43109273   
994.05201184   
1047.37167134   
1014.62017151   
1053.50454386   
1010.16895069   
999.17942589   
1178.10398620   
923.29517659   
966.51736491   
886.65885968   
848.91150336   
765.02305389   
772.11079251   
754.19860351   
726.66484694   
759.03003868   
707.21610204   
713.79969717   
704.83516681   
733.36296210   
688.34176527   
764.05631724   
696.14834227   
683.18366275   
701.51129633   
705.43069295   
704.01931334   
678.02136287   
697.55337602   
702.83013150   
673.23939340   
693.95051138   
671.88131207   
719.48212994   
695.66342332   
680.88370501   
693.55445045   
697.62782318   
668.12549028   
695.57119273   
673.24976318   
693.09253177   
662.86720851   
670.31534221   
672.86787092   
667.58857710   
683.97884751   
671.32917725   
684.05985431   
682.54640069   
693.05923309   
703.38664160   
694.44694512   
680.12548642   
690.00387126   
657.46835605   
673.26173826   
659.20822045   
660.51401534   
671.17856257   
692.06513661   
657.73651369   
667.68176237   
690.79726588   
665.12455185   
658.52236139   
659.06527842   
668.44631361   
674.21852092   
671.13363772   
687.98275684   
668.89776582   
661.69350629   
676.79395834   
657.19450596   
677.78215032   
660.98958605   
664.55773603   
641.55073835   
639.52031335   
655.85154964   
632.85190944   
641.77650436   
638.97440192   
634.54983103   
633.28743579   
643.86780818   
632.13261800   
671.14746649   
648.74075145   
635.53439446   
659.34743284   
618.81085553   
631.07731047   
635.97097938   
626.03785392   
655.46048414   
617.15809579   
616.81839349   
645.26441614   
625.64922334   
627.49390391   
624.93275557   
625.52839735   
655.73812103   
617.49180618   
613.22876595   
609.95922090   
630.59591430   
618.78749063   
629.55715295   
620.21381785   
644.62937667   
604.96894853   
607.70131812   
608.67455915   
609.71906597   
610.71672809   
637.91363468   
610.99597949   
614.40058292   
601.59127719   
600.84545961   
606.67577572   
610.02122187   
612.54207832   
606.37360714   
609.59862805   
604.32918813   
614.43376918   
603.21623550   
607.31279447   
614.13990143   
605.08736286   
599.52788388   
607.80408402   
614.95859307   
609.83182150   
613.20531835   
602.28251472   
619.59485191   
606.77989159   
601.95233534   
608.15214314   
609.42748243   
596.06698236   
593.92663769   
611.76248444   
596.14230037   
595.35608653   
591.59181540   
604.21661081   
598.41995435   
610.88026363   
609.51618338   
591.26809849   
603.59080437   
599.20564153   
599.74635462   
595.10692412   
589.23756522   
592.47391579   
591.56230511   
596.34715552   
599.33057760   
602.75258056   
599.83908041   
615.47825872   
597.17456186   
616.21472596   
609.10243854   
590.46878348   
590.85119990   
586.07129507   
600.77860804   
590.17790557   
585.82007082   
594.10607225   
587.02241835   
633.89639515   
590.19108071   
596.78342192   
595.51364148   
585.70625472   
589.68357279   
590.05953260   
583.76874908   
585.34787510   
588.88043917   
590.11890349   
585.26390835   
590.05259188   
586.20730904   
585.73883971   
598.28893072   
587.68733307   
589.11798261   
607.80741896   
586.92734065   
581.18759486   
589.00820106   
583.26680940   
576.66430961   
583.89899456   
582.18839952   
595.76497979   
597.67038932   
582.55613629   
582.57187017   
579.57674622   
575.60506846   
588.19751107   
573.72488036   
582.16560794   
573.09667885   
570.69369538   
574.53667270   
581.00048764   
575.65885335   
577.42529348   
575.56724215   
579.82084032   
595.37241034   
582.49398986   
575.91831390   
582.63073380   
570.21176617   
569.37792050   
565.05204442   
567.68335269   
562.19522087   
566.01064406   
566.56608448   
570.29052083   
567.86723438   
561.54762550   
560.46518116   
571.49913357   
566.99713506   
564.60387331   
561.19051542   
565.31253218   
567.05230186   
566.36535819   
560.28595263   
561.54493755   
560.15900695   
566.83215759   
561.17059382   
560.12558386   
559.41736210   
567.57271325   
566.80730899   
556.33390606   
554.02654318   
552.57220307   
560.32893950   
563.80547507   
557.34579767   
563.02955142   
550.79927446   
558.21117136   
555.63296112   
563.75265988   
564.02178003   
552.91638866   
546.85604305   
546.18574302   
544.90501603   
550.52237066   
554.17534780   
542.55410251   
545.49569037   
545.31387650   
543.94514802   
542.90624425   
547.41520628   
542.56342142   
541.03354901   
544.19817298   
546.78713854   
555.19631406   
537.59690093   
539.96641789   
533.97563651   
534.57231500   
541.33759022   
544.88860913   
540.57640205   
540.14332342   
549.13669561   
549.08377618   
540.73249706   
543.83704782   
535.94650589   
531.34075429   
527.37257462   
549.98075769   
532.87820373   
530.82278296   
530.59569086   
531.69168548   
532.51534193   
531.71641912   
530.32692439   
528.08721622   
530.01568479   
529.22621471   
546.68996142   
534.32860135   
542.95739251   
541.81603587   
535.98363255   
527.86339255   
531.26195164   
534.54520626   
531.49910030   
538.03231548   
537.96915601   
526.73257812   
528.55465743   
524.23984495   
521.64509857   
525.72701980   
525.53935344   
526.03239654   
526.03804076   
541.28366195   
529.83610940   
534.75108124   
536.67143157   
529.98704169   
530.98748839   
531.56202368   
535.14134874   
523.95175016   
520.50035147   
534.30149962   
536.97787701   
524.36712882   
528.47637156   
524.39779016   
526.61138968   
532.60885990   
530.95981137   
530.16692091   
529.18824682   
534.52166302   
534.84403599   
530.01381347   
540.27837790   
529.36471042   
533.59715765   
539.87827527   
527.13662509   
541.03313841   
533.76290390   
535.00316695   
530.88525151   
539.93923794   
527.05587004   
538.46503141   
526.82479538   
527.44590438   
533.88693911   
535.18908927   
529.24021261   
523.87686694   
535.22518822   
529.93631074   
528.84390092   
526.07205200   
534.43808699   
528.73279496   
527.14673786   
529.61397866   
528.19269802   
528.59959558   
530.62046590   
536.92128156   
543.93206453   
540.09198740   
568.22478040   
564.85542324   
541.61135298   
546.37546887   
554.50747121   
536.83153168   
535.39437551   
543.05738569   
533.19427669   
539.16288016   
546.14641766   
536.95063800   
534.19900959   
536.40596906   
542.25099242   
532.63887236   
535.13930317   
546.49976402   
532.41256761   
538.54176015   
534.54618962   
530.75973194   
531.13922731   
533.69881086   
534.71357835   
535.04968596   
542.16436559   
539.16349668   
540.87939327   
531.20485182   
532.75111490   
530.42526114   
533.59637579   
533.56385346   
536.39519375   
544.49702846   
538.50146720   
553.34741144   
570.72689701   
540.22738058   
537.06014030   
534.32295730   
538.51732332   
526.50020624   
526.29562360   
527.50008411   
528.21740891   
541.53689850   
540.82306786   
538.18996885   
535.77535563   
525.60313379   
527.65930103   
536.79792401   
529.69484349   
527.26938601   
525.89941570   
533.36763456   
525.51703910   
550.92383178   
537.72718076   
529.33716585   
531.48487945   
526.40260404   
541.68381576   
528.19125482   
521.96921888   
527.77769366   
522.80169840   
539.83999855   
527.06091435   
535.05996391   
536.55973568   
526.59480575   
526.67425819   
535.35864434   
528.93119716   
525.94561532   
525.57291451   
527.30607249   
528.95048679   
528.81665498   
531.68617974   
532.10735318   
530.58461982   
535.52604561   
528.71296485   
530.53356536   
526.14307743   
533.30961083   
522.86193567   
525.63865564   
526.02351832   
524.68098368   
534.48583837   
527.75083856   
528.05541500   
524.21540068   
527.21238948   
522.84848805   
527.36090558   
527.61281318   
527.19950666   
525.57684365   
528.17565159   
530.66879258   
520.47879329   
535.54768446   
520.45999371   
523.08889015   
519.19880771   
523.82567126   
520.48912200   
523.10024663   
522.05649138   
518.55858761   
518.01134023   
517.99284258   
517.30034926   
524.41314056   
520.09896801   
522.80389725   
520.60633709   
524.02198289   
532.68118772   
534.43432507   
520.67454191   
533.42436542   
528.03175732   
522.55049387   
531.29468260   
519.55019555   
519.32163734   
528.87253262   
525.96341601   
521.02186352   
522.75071342   
523.95406350   
568.83977035   
520.71939458   
524.57399315   
530.93945597   
523.38766374   
539.08315720   
530.40134047   
560.00202757   
518.43889847   
533.82945589   
527.91621109   
530.97781648   
527.47253272   
524.78415828   
542.04724944   
524.93369973   
528.18732895   
526.06823045   
537.53510149   
527.67471970   
528.37007707   
523.28202299   
529.53933101   
532.44199556   
523.80505575   
519.64181062   
517.34416627   
518.90404372   
528.91830110   
522.84623473   
528.04242156   
520.49549608   
524.34152233   
535.70644040   
523.67533292   
521.86171504   
522.68503111   
519.93087310   
524.03488925   
523.08217359   
521.85244266   
522.71313392   
536.72660213   
520.60713482   
533.16967690   
518.95368212   
520.34104071   
521.73336069   
526.61172766   
533.43056862   
523.21421912   
530.00507414   
523.27392479   
536.99585424   
529.36996885   
526.22652129   
545.56199433   
525.18060434   
524.89842015   
537.25979411   
526.92964457   
530.17742338   
528.96740177   
525.08763011   
535.78219933   
524.59282849   
526.03254707   
530.14878505   
548.60516245   
519.76997691   
521.33322028   
523.23225393   
531.60609045   
528.21408258   
517.03127737   
527.66601635   
517.43449374   
520.77370836   
523.61674538   
520.20303765   
521.50383504   
533.08938597   
530.81523101   
525.92554331   
528.59574951   
526.79002304   
521.46722628   
521.11670978   
520.21020349   
520.90531297   
534.16304944   
525.88173674   
526.65758548   
536.87884648   
525.54047894   
522.13805673   
523.68136158   
525.43190497   
523.06716810   
519.80701892   
521.99307073   
526.78558005   
519.45866758   
523.63544299   
519.01498121   
524.03093623   
520.53647885   
519.16800347   
533.25304338   
521.39367780   
524.64696687   
527.81280401   
516.77761395   
519.71745770   
525.67953896   
521.72230497   
525.06344150   
522.33157963   
530.38686961   
522.58918522   
521.55706008   
523.67279129   
528.38144853   
530.43652722   
526.23972759   
527.39574790   
536.84690816   
529.15592960   
520.28735660   
533.14831962   
520.43305272   
527.46445766   
520.71102390   
526.87646963   
533.02252555   
523.90947835   
518.68166500   
526.93313670   
520.75701167   
527.82172886   
522.60280989   
520.53837438   
520.90177787   
528.76373204   
523.35916674   
535.78128346   
531.86360300   
534.22240575   
527.08008263   
529.18323338   
519.31629323   
526.09248972   
524.80458179   
533.96064905   
520.20818995   
528.39123285   
526.74590717   
518.55368270   
524.19836305   
518.65894251   
521.50225089   
523.02211839   
523.17628925   
526.21995683   
535.92695649   
531.52577573   
525.14053151   
537.67918861   
524.45609551   
520.11701553   
522.97456761   
531.66803314   
523.08001940   
526.17179041   
530.27650428   
528.56453160   
516.33259256   
535.43475011   
523.75940772   
525.85619278   
535.66990856   
523.99443393   
522.64419075   
532.76204612   
529.27504477   
534.44132766   
528.01347913   
522.27280027   
523.71484422   
527.50775576   
519.82771455   
523.89299071   
520.70631652   
520.70105865   
520.87719952   
523.28254469   
522.93921763   
525.10846960   
527.90838863   
522.75315246   
522.60497877   
519.32547445   
528.85981357   
516.94605362   
520.36175869   
519.93066344   
521.38157175   
538.73374628   
522.80757731   
524.31450262   
543.39865610   
520.36919032   
522.60314127   
524.45613863   
527.13622352   
517.57114097   
521.82269591   
530.77642968   
524.60681923   
527.97056528   
522.00675993   
523.85462145   
532.76889099   
520.66871554   
536.78806366   
519.19427194   
518.30146812   
522.97154450   
533.45817109   
530.89726796   
534.39816831   
534.27793110   
536.39247956   
530.61048123   
536.27518660   
541.50411688   
523.69691044   
527.94261881   
550.78961602   
538.75427382   
525.88291977   
528.65417999   
531.51809309   
541.07742826   
526.13816312   
526.14412023   
541.53467530   
550.12469260   
523.51202495   
529.33173046   
532.11787224   
526.77381176   
525.45461488   
532.50641767   
531.51430522   
532.97128474   
538.36516493   
524.28602348   
535.51480618   
525.19115901   
536.09291799   
542.07144284   
540.04356707   
542.00395995   
547.72851174   
523.20968516   
526.47860278   
526.11924546   
527.73955774   
538.91955222   
520.76915284   
529.08969883   
531.22796439   
529.27253565   
524.89808644   
522.47851559   
523.20238720   
522.04022674   
528.27671381   
533.46067228   
526.84191910   
532.40275368   
522.37392078   
521.73687290   
528.29294369   
539.31207021   
524.15477365   
523.73144286   
521.57782112   
527.64126933   
521.03923354   
526.07825039   
524.08219654   
521.93339857   
522.26637324   
523.94619869   
522.17408330   
532.61504993   
531.27047358   
531.20339109   
521.50427536   
520.61725828   
527.87600355   
518.78464720   
528.59477120   
523.04486464   
521.80804404   
520.18050386   
524.38322722   
522.40859081   
519.70336602   
523.97469549   
524.70584832   
527.21639385   
530.86476611   
524.27095468   
524.36206803   
527.95187732   
520.25014714   
524.20201573   
530.61908533   
525.09995229   
528.78611696   
523.67409067   
522.60805930   
518.82460597   
524.78616805   
521.78835702   
522.55488081   
519.19758142   
516.91900450   
530.24647043   
523.78245408   
531.45623065   
520.62708848   
524.99467966   
524.13858236   
525.29674819   
524.33385831   
525.24955335   
517.86547980   
533.77053097   
527.27989482   
517.92626983   
520.40834532   
519.51241954   
536.83088122   
520.67783616   
520.22598638   
520.34137828   
524.89982148   
520.57725706   
528.07541231   
528.92082271   
522.03704511   
526.83266553   
519.62663275   
524.36305253   
531.18053009   
527.39621816   
519.86914467   
522.52122505   
532.49745955   
528.77067645   
519.81128481   
544.22727747   
523.84632552   
517.04404629   
524.85098106   
528.28995189   
527.09183175   
523.04397331   
518.80071859   
525.55257810   
526.46136661   
519.82239297   
526.16288221   
525.46996241   
530.40283925   
530.78808753   
525.68084208   
523.89089125   
532.02273298   
529.27949481   
540.27701480   
521.86877986   
530.96317722   
528.20227569   
524.65302769   
524.96979365   
523.65769912   
526.10674161   
522.73972406   
538.28006092   
532.02428651   
524.45156985   
523.51229410   
531.65219119   
526.24462206   
525.28298074   
533.86528180   
530.87309142   
529.41816118   
529.55218236   
529.50085484   
526.98376580   
527.68726241   
534.05434973   
538.96181163   
532.70812075   
529.07051404   
544.50497379   
531.18723763   
540.73094238   
537.03590888   
547.29086056   
527.39916551   
529.18062333   
527.66707872   
534.82412246   
529.93294981   
529.30377620   
530.61573104   
535.34530173   
542.03825528   
540.32902254   
535.89044552   
532.35583160   
532.39101449   
526.87926222   
525.08368437   
529.41272369   
526.47157645   
521.87257664   
533.68649278   
525.61510927   
523.20174067   
521.88011226   
527.24123410   
525.26314325   
549.00645374   
541.70710439   
549.60324893   
528.10498488   
525.92804640   
524.10124170   
522.48677301   
517.33344663   
524.13731338   
521.30135575   
521.72674354   
521.66456333   
519.94795749   
519.81404744   
529.29182447   
534.05414169   
521.10945232   
517.15055840   
525.45433584   
518.80190112   
519.47704701   
543.77542141   
523.08000055   
523.22014964   
521.34052230   
523.56291825   
525.54418841   
528.55349294   
522.55167598   
532.53052555   
522.00473608   
518.30202895   
517.89928203   
522.42497883   
518.57170194   
525.63114620   
529.50341971   
527.52532647   
517.33315814   
524.04995338   
526.80522404   
521.68888479   
522.29728762   
518.31889162   
536.78391545   
527.98155770   
533.60539075   
523.82636588   
526.37377127   
523.51362438   
521.48888566   
523.12838789   
523.22522018   
523.25327662   
526.64147285   
521.08974917   
528.68379495   
522.21059294   
518.85148342   
524.79662023   
528.73507363   
520.15940232   
519.91249277   
530.45744721   
524.29434003   
525.95404293   
526.11942801   
520.41646433   
516.85664373   
519.02782425   
520.92875317   
528.09145722   
519.62825140   
518.60517081   
523.02188123   
517.02123143   
520.74856029   
517.11292011   
533.32857143   
517.67453732   
521.78266529   
522.09653578   
534.14669837   
516.70912495   
524.03150587   
524.23449478   
519.96689485   
520.84356299   
520.38005990   
525.55179114   
516.63069538   
523.16858115   
530.10100713   
524.44249752   
519.92699412   
524.17451408   
521.76099803   
530.33546367   
519.99856427   
519.90302627   
522.35123951   
537.01100758   
519.85341449   
516.37036943   
555.27648164   
517.23054199   
524.33461550   
530.37845905   
531.50044129   
518.30702460   
533.71611766   
532.55317957   
519.32030391   
526.09308866   
517.41418659   
523.22974538   
525.35812937   
520.01821146   
523.13792206   
519.79854333   
519.78919525   
520.34387693   
520.59582980   
530.57789971   
523.65844471   
526.21202529   
521.86948323   
523.93531975   
520.63328436   
529.60434755   
519.07439434   
521.95935435   
529.73419600   
526.88006814   
525.06351447   
529.11193344   
526.54660083   
525.74555436   
527.93665068   
531.15431750   
532.37580266   
530.52706855   
534.69753871   
530.79885317   
531.27042194   
541.73601607   
531.39399201   
534.37249244   
541.57224105   
546.50690676   
544.54611654   
546.88831742   
532.17923157   
535.10308236   
534.38306479   
536.72699886   
540.25674683   
549.86573240   
532.48199841   
536.21103874   
529.01086952   
528.81774850   
538.23644873   
537.23601138   
525.43284973   
534.29581856   
528.19992767   
529.86116955   
531.41315686   
533.92442267   
529.43238018   
526.70858836   
537.83517186   
527.02950653   
535.58638145   
543.60566402   
523.75507998   
520.95230091   
522.74700518   
522.98671463   
523.41661127   
525.71121285   
525.90514153   
535.15131360   
521.28431327   
523.52678460   
527.72589936   
521.63217244   
521.86544466   
524.86257882   
546.46931415   
518.25866518   
535.26060487   
527.31524050   
515.91516192   
526.96101573   
522.28358173   
526.01199113   
527.42255065   
524.12390997   
521.44284941   
522.74953136   
521.00836331   
531.80762611   
520.75525011   
526.12480227   
520.17008747   
519.28480161   
521.99282436   
520.46872702   
524.89484831   
523.97357754   
520.69419150   
530.85944262   
526.62169638   
518.39769402   
522.23889587   
523.47857216   
526.22511505   
526.69504939   
520.53238468   
522.01575138   
522.39927131   
525.96908370   
520.30045151   
526.33919318   
519.47545116   
525.32168817   
532.45030160   
520.15996762   
531.52312362   
522.43622338   
571.93406380   
528.32766160   
529.13555509   
531.28298448   
527.99908276   
541.98727929   
519.59313434   
524.96412067   
529.94371831   
524.91967852   
535.16361490   
527.55921186   
532.41085000   
535.57632989   
527.32262639   
546.60452981   
532.68313793   
523.51913686   
522.50338760   
518.83410494   
522.93625183   
523.26866732   
519.52886164   
532.00693385   
522.36919507   
524.75172834   
528.30966917   
525.53981963   
526.68971130   
528.98166493   
522.12715607   
524.21097452   
521.92884485   
521.88054649   
518.64800951   
525.00871007   
521.08854888   
520.63692391   
533.82345011   
522.92629476   
546.63516812   
519.99436488   
526.22409394   
529.46202379   
518.60323642   
520.10436562   
519.29763747   
526.45915459   
526.82840016   
519.25214071   
534.52537663   
521.50088050   
527.20485677   
525.50634303   
525.26950201   
519.48960836   
527.91822419   
522.11788623   
525.74429077   
521.85954440   
519.59355874   
523.13658076   
527.17632167   
522.04424597   
528.94910784   
524.61212026   
544.02478919   
516.27873587   
524.33006439   
528.42050926   
517.09882102   
518.16969214   
527.09743160   
519.34447087   
525.73505048   
521.56957613   
524.87648805   
527.02002445   
519.81868465   
530.81178403   
524.10788344   
528.82586350   
519.47123855   
522.16668132   
526.56044191   
526.63526362   
527.93677896   
527.28545030   
530.18279131   
539.38907701   
534.98160061   
534.77711978   
534.71718334   
534.28178544   
527.94410384   
537.43384880   
522.25910026   
526.37613823   
525.42760901   
523.72539683   
525.16670856   
520.08425426   
521.49983283   
516.33844374   
518.70740408   
522.02777489   
523.63443974   
520.65153537   
520.87096800   
527.08152946   
519.27101752   
530.21622007   
520.20604172   
528.33740739   
528.37033488   
523.34677716   
519.97401166   
526.49997731   
522.99554748   
526.74606337   
540.45264214   
523.70383663   
532.85520927   
533.42354759   
534.56427400   
521.01629548   
521.12741551   
531.32426576   
531.45947514   
520.61415976   
521.24855366   
527.17289217   
519.74179181   
522.63639707   
520.51313762   
521.40921142   
526.79684178   
520.39107161   
531.64743233   
522.95105839   
520.94930210   
520.53419309   
520.28448267   
521.93652749   
523.31254842   
532.60051462   
554.57957076   
530.70983228   
527.92353854   
528.41960180   
535.92715317   
542.02234188   
521.42375874   
522.30732437   
520.88261359   
526.42050701   
525.04917802   
524.54422989   
528.98828211   
527.67867574   
522.10737605   
521.45118326   
530.29866514   
530.31929595   
532.36753125   
530.79484741   
521.31949943   
521.35076284   
527.78997504   
526.39435480   
519.79719980   
519.52632741   
519.55561468   
520.57809788   
521.36338284   
528.30396785   
525.07381463   
523.11486503   
526.58997021   
521.85167633   
530.07073120   
528.61906459   
532.24924957   
525.71016291   
524.55505488   
551.24835185   
529.91573878   
553.97308567   
536.12067556   
534.07352007   
527.43003091   
531.61943829   
526.35884391   
530.62004914   
523.19102430   
521.69849634   
533.10158629   
537.63805364   
522.91065958   
525.54541317   
525.57790490   
523.94805425   
526.42187392   
534.99394225   
536.26412656   
524.98012510   
521.76215243   
524.10962657   
520.63085392   
531.51283529   
524.50828350   
524.56474003   
524.34898217   
519.26237844   
523.75260838   
523.84147826   
521.90325888   
523.84684333   
521.07480277   
522.57255671   
534.82274136   
518.73122839   
539.79613599   
522.23001561   
532.93519304   
531.04204044   
520.73621641   
521.60406946   
523.28452973   
526.09694346   
521.17844144   
528.19684163   
524.71475122   
525.46392512   
534.58726569   
532.72382350   
522.81124465   
527.74564673   
529.16711980   
523.47864598   
522.41137576   
525.54213863   
525.85732430   
524.63664796   
545.15591566   
523.86298787   
528.48765733   
