952.48716999   
944.75654143   
934.10685961   
931.89311962   
933.22194337   
859.69956856   
842.94518050   
810.93176460   
797.79967172   
741.27283961   
703.19633500   
672.39287759   
631.43893024   
626.18507125   
620.05762446   
612.16382155   
609.13376739   
589.55694383   
574.08981263   
567.59984908   
565.44837815   
565.20396745   
559.57899522   
561.74117355   
562.37277497   
564.07552804   
559.67246601   
557.52276450   
555.73485018   
555.21354798   
550.42479121   
548.48615127   
544.82558981   
538.02780695   
538.57909765   
532.47952395   
534.54089320   
534.41359071   
532.98148075   
530.30881371   
528.68407022   
527.07806091   
523.97245912   
523.46661908   
523.68197217   
521.05499445   
518.10130860   
517.57240638   
516.39812212   
519.74890808   
518.28509503   
519.81878981   
519.27281992   
520.10696904   
517.70035512   
519.79088098   
522.28870980   
524.59702455   
518.74731466   
526.96041417   
528.45151334   
522.04046076   
521.49533389   
521.63100632   
519.59597614   
519.38914903   
526.05767320   
524.10047003   
527.43164229   
523.76485617   
525.68918282   
523.45440908   
522.97346024   
520.18493593   
521.15583354   
516.72595741   
518.24351399   
518.92317651   
516.83232009   
516.44747622   
517.56560116   
523.61775809   
525.23479503   
517.45430419   
519.76252882   
518.22204841   
516.37229594   
516.81444352   
521.11169318   
521.03596287   
519.35859728   
520.33151371   
522.28910269   
527.85538743   
532.34616216   
534.15470638   
533.54649110   
527.48687941   
526.58969762   
524.35557769   
521.37541046   
518.98939258   
517.56121251   
519.77898116   
519.61751847   
521.31848136   
522.18909128   
522.42729886   
522.99894509   
523.96659659   
529.49627818   
531.88221927   
530.39850917   
532.81109373   
530.06016447   
526.60907344   
529.08786437   
528.31760940   
525.26586300   
523.94532321   
518.26785076   
519.63795077   
523.58286794   
519.61825144   
519.24792776   
518.06644824   
522.76611720   
519.62892492   
518.99900063   
516.73093063   
518.96843448   
519.63915342   
521.13284562   
517.39039027   
518.29054931   
517.50432309   
517.31812664   
524.19781945   
522.28148690   
522.61404108   
524.98769028   
527.05731330   
522.87932989   
523.55682982   
517.43090621   
519.58518580   
518.84946496   
517.96099470   
519.52712649   
521.65523898   
524.08402105   
520.53068756   
521.87092010   
521.94017158   
519.70602917   
520.92870863   
520.32451834   
519.17135972   
518.55111867   
520.18167268   
524.39964960   
521.66812644   
522.76673915   
524.12579504   
518.79594032   
522.38041948   
523.11465333   
520.95415887   
519.19946892   
516.73443469   
516.87435463   
517.90711761   
520.84726977   
519.94003021   
522.38388521   
517.24568472   
517.31767639   
518.01646030   
522.22690054   
521.43828805   
521.12659732   
520.09217033   
515.94477614   
519.17582574   
522.74530365   
524.43218806   
522.15579438   
517.35172114   
518.99711223   
517.78054766   
518.45028618   
520.30977653   
519.36207822   
519.84922911   
521.37805414   
521.26422227   
521.89495150   
523.67994260   
522.67687870   
525.85811952   
523.55096616   
522.74691052   
524.29374208   
520.31735777   
519.20842473   
518.81694827   
520.93191503   
520.66493822   
520.74859715   
521.66524018   
521.13521500   
521.42182785   
520.66196790   
521.90845903   
526.13124444   
525.83095554   
520.47222230   
527.60862668   
526.57394653   
525.19903026   
526.47203669   
529.00457790   
526.84560981   
524.83418862   
526.64362007   
525.93143870   
528.33540402   
524.67889408   
526.43043233   
526.24888877   
523.51052627   
525.38180647   
522.18102109   
517.62731384   
520.67247779   
525.53910742   
525.40310211   
519.67718084   
519.09839610   
523.55551669   
522.34336088   
524.37058630   
525.06902555   
528.14510683   
529.69909732   
524.18824905   
520.85313055   
519.39336229   
520.72812035   
517.70679832   
519.57149323   
519.25232154   
520.19395744   
516.46711870   
518.19511068   
517.80926511   
517.69313446   
518.18261715   
520.34412420   
520.38051867   
521.84311434   
522.18322238   
523.18339669   
525.02754868   
522.89922829   
519.38239664   
519.38365680   
518.34826394   
517.88802147   
520.36975608   
518.67263461   
520.91762321   
521.36402458   
520.00703515   
520.79883974   
523.53665259   
524.39699229   
523.98814340   
523.50440036   
520.18003888   
521.76227192   
522.24294711   
520.53631566   
522.13692865   
523.09299780   
516.87211530   
518.68289031   
519.37874444   
519.46624345   
518.71335827   
521.13457596   
520.91892637   
520.41167006   
518.03568753   
518.14884420   
518.06059188   
519.28537221   
517.93205701   
517.18049856   
519.33376250   
522.03220568   
522.33799269   
517.40913526   
517.73197149   
520.81547429   
520.52598765   
522.39181865   
521.13343037   
519.69747091   
518.53317512   
517.95402999   
519.09851435   
520.70248555   
519.86362307   
519.90443532   
519.08666615   
518.51532837   
520.54131052   
516.37005238   
522.39091532   
520.16992495   
521.45532572   
516.82480625   
520.22536446   
520.11063029   
519.29585916   
517.90433845   
517.43829655   
516.21301172   
517.04195740   
518.02951915   
525.96190403   
518.92013205   
519.93583784   
521.58803821   
520.63674166   
519.55527263   
519.95150865   
522.49979757   
524.96443620   
527.65895179   
521.47650750   
522.95651017   
522.34220592   
521.76480212   
522.48398452   
521.89470013   
522.72968430   
523.72283830   
525.49142628   
525.24813055   
520.98548431   
519.09119031   
518.56239720   
520.81887910   
521.74964263   
520.72399769   
520.13944733   
520.37512922   
521.63968911   
520.77066674   
520.26619595   
521.61253664   
519.74597346   
520.24460884   
520.42812956   
521.22234452   
519.17174457   
523.09318391   
525.37047396   
524.45204924   
519.66171715   
524.81156577   
525.54586261   
522.75117719   
523.18598886   
527.95954619   
526.75473331   
522.93671341   
518.97602410   
520.05215457   
520.23344068   
520.04603671   
525.12130984   
522.78795008   
520.65304337   
520.31961080   
520.46364462   
520.85209995   
516.24356328   
520.79863640   
521.98953205   
521.50629171   
522.09968735   
523.45432071   
517.30724239   
