7.53000000   341.43000000   79.46000000   -151.31000000   25.64311408   99.97454649   10.42531214   0.64251053   
7.53000000   341.43000000   79.46000000   -151.31000000   25.63440722   99.97546571   10.43967315   0.81471782   
7.53000000   341.43000000   79.46000000   -151.31000000   25.63256224   99.97172342   11.11320023   0.95418686   
7.53000000   341.43000000   79.46000000   -151.31000000   25.63797827   99.96853384   11.70745930   0.95757471   
7.53000000   341.43000000   79.46000000   -151.31000000   25.65668395   99.96633593   11.48449930   0.69928599   
7.53000000   341.43000000   79.46000000   -151.31000000   25.64275368   99.93374711   12.22046918   0.84785280   
7.53000000   341.43000000   79.46000000   -151.31000000   25.64597606   99.92913163   11.71800696   0.80847821   
7.53000000   341.43000000   79.46000000   -151.31000000   25.65743158   99.91811602   11.92783635   0.90669898   
7.53000000   341.43000000   79.46000000   -151.31000000   25.62981228   99.90094380   11.96682967   0.91788065   
7.53000000   341.43000000   79.46000000   -151.31000000   25.63411474   99.87830475   11.68270756   1.01744161   
7.53000000   341.43000000   79.46000000   -151.31000000   25.65730402   99.85503005   12.21725147   0.84956247   
7.53000000   341.43000000   79.46000000   -151.31000000   25.65222056   99.82853433   11.79797189   0.86987018   
7.53000000   341.43000000   79.46000000   -151.31000000   25.68000544   99.81454909   12.04630667   1.06038495   
7.53000000   341.43000000   79.46000000   -151.31000000   25.66401404   99.80252230   11.49108592   1.10151189   
7.53000000   341.43000000   79.46000000   -151.31000000   25.65745518   99.77886596   11.90229651   1.16006581   
7.53000000   341.43000000   79.46000000   -151.31000000   25.66398399   99.79476171   10.68855847   1.12255488   
7.53000000   341.43000000   79.46000000   -151.31000000   25.66044339   99.79260618   10.01218523   1.06263996   
7.53000000   341.43000000   79.46000000   -151.31000000   25.67362027   99.77568424   9.36932118   1.13250128   
7.53000000   341.43000000   79.46000000   -151.31000000   25.70021341   99.73780215   9.64939253   1.14490350   
7.53000000   341.43000000   79.46000000   -151.31000000   25.73864547   99.74018159   9.45306966   1.01411073   
7.53000000   341.43000000   79.46000000   -151.31000000   25.72883266   99.76100559   9.03374526   0.89897376   
7.53000000   341.43000000   79.46000000   -151.31000000   25.74052621   99.73679529   9.85236547   0.82396982   
7.53000000   341.43000000   79.46000000   -151.31000000   25.75207892   99.74627179   8.62682480   0.69854397   
7.53000000   341.43000000   79.46000000   -151.31000000   25.73868174   99.74812572   9.13346628   0.78397231   
7.53000000   341.43000000   79.46000000   -151.31000000   25.71908623   99.72785067   7.95402294   0.88489048   
7.53000000   341.43000000   79.46000000   -151.31000000   25.73390298   99.76917880   8.12668281   0.95837099   
7.53000000   341.43000000   79.46000000   -151.31000000   25.74544845   99.75250411   7.52486015   0.85526065   
7.53000000   341.43000000   79.46000000   -151.31000000   25.74334101   99.75519526   7.38141476   0.80760711   
7.53000000   341.43000000   79.46000000   -151.31000000   25.73503539   99.74801335   7.07734103   0.81424371   
7.53000000   341.43000000   79.46000000   -151.31000000   25.71159332   99.76006708   5.66224550   0.92430009   
7.53000000   341.43000000   79.46000000   -151.31000000   25.72507682   99.76958287   4.51695933   0.90503186   
7.53000000   341.43000000   79.46000000   -151.31000000   25.70720190   99.76796133   4.81823854   0.66677362   
7.53000000   341.43000000   79.46000000   -151.31000000   25.74150069   99.76005335   4.42585511   0.59652604   
7.53000000   341.43000000   79.46000000   -151.31000000   25.72737973   99.75177726   4.14170556   0.39198579   
7.53000000   341.43000000   79.46000000   -151.31000000   25.73588598   99.74106621   3.81474262   0.36778979   
7.53000000   341.43000000   79.46000000   -151.31000000   25.72051406   99.75376393   3.22762187   0.32231525   
7.53000000   341.43000000   79.46000000   -151.31000000   25.72853267   99.73894571   2.41674981   0.35408600   
7.53000000   341.43000000   79.46000000   -151.31000000   25.73401598   99.74807054   1.66558515   0.40665556   
7.53000000   341.43000000   79.46000000   -151.31000000   25.73188067   99.75124341   2.23146420   0.40231178   
7.53000000   341.43000000   79.46000000   -151.31000000   25.72144548   99.74419100   2.13885678   0.25736792   
7.53000000   341.43000000   79.46000000   -151.31000000   25.72763856   99.75626950   1.65369732   0.30512077   
7.53000000   341.43000000   79.46000000   -151.31000000   25.71786313   99.77136346   1.71973929   0.32656867   
7.53000000   341.43000000   79.46000000   -151.31000000   25.71644715   99.76097417   1.58367820   0.13040807   
7.53000000   341.43000000   79.46000000   -151.31000000   25.71723430   99.73573771   1.69107095   -0.04966832   
7.53000000   341.43000000   79.46000000   -151.31000000   25.70497503   99.75781199   1.73450713   0.00168849   
7.53000000   341.43000000   79.46000000   -151.31000000   25.70517688   99.74934545   1.74551043   -0.13116180   
7.53000000   341.43000000   79.46000000   -151.31000000   25.73060836   99.75979268   1.17270351   -0.20457086   
7.53000000   341.43000000   79.46000000   -151.31000000   25.73011714   99.74220667   1.23079265   -0.31626396   
7.53000000   341.43000000   79.46000000   -151.31000000   25.71481573   99.73797472   1.15120263   -0.40660254   
7.53000000   341.43000000   79.46000000   -151.31000000   25.71650171   99.72902851   1.28523818   -0.51913831   
7.53000000   341.43000000   79.46000000   -151.31000000   25.71639275   99.75152391   1.22447955   -0.58671958   
7.53000000   341.43000000   79.46000000   -151.31000000   25.73161874   99.74056862   1.58846013   -0.65033195   
7.53000000   341.43000000   79.46000000   -151.31000000   25.74162321   99.74079516   1.52004076   -0.55955657   
7.53000000   341.43000000   79.46000000   -151.31000000   25.74186472   99.74736943   1.48957660   -0.48357207   
7.53000000   341.43000000   79.46000000   -151.31000000   25.71174025   99.72562749   1.03894117   -0.57118575   
7.53000000   341.43000000   79.46000000   -151.31000000   25.72126185   99.73150115   1.27278683   -0.63011147   
7.53000000   341.43000000   79.46000000   -151.31000000   25.71983721   99.71291325   1.41875661   -0.79353318   
7.53000000   341.43000000   79.46000000   -151.31000000   25.73356649   99.70190615   1.40936167   -0.86048534   
7.53000000   341.43000000   79.46000000   -151.31000000   25.72511801   99.71123705   1.09202163   -0.73528467   
7.53000000   341.43000000   79.46000000   -151.31000000   25.77248712   99.70193405   1.04401496   -0.79776939   
7.53000000   341.43000000   79.46000000   -151.31000000   25.77997011   99.72473882   1.42554616   -0.74693874   
7.53000000   341.43000000   79.46000000   -151.31000000   25.73355421   99.74349824   1.62853010   -0.82324115   
7.53000000   341.43000000   79.46000000   -151.31000000   25.71645885   99.73943985   1.25769063   -0.72076590   
7.53000000   341.43000000   79.46000000   -151.31000000   25.72078114   99.70970775   1.13272619   -0.63278894   
7.53000000   341.43000000   79.46000000   -151.31000000   25.71359294   99.71514676   1.10822552   -0.66199838   
7.53000000   341.43000000   79.46000000   -151.31000000   25.72167196   99.73515162   1.51700618   -0.67513580   
7.53000000   341.43000000   79.46000000   -151.31000000   25.71797106   99.70202138   1.69947245   -0.64680147   
7.53000000   341.43000000   79.46000000   -151.31000000   25.70538487   99.72289241   1.72257846   -0.73395702   
7.53000000   341.43000000   79.46000000   -151.31000000   25.72273459   99.71979743   2.29651804   -0.75428040   
7.53000000   341.43000000   79.46000000   -151.31000000   25.71225841   99.72550031   2.10763702   -0.58321063   
7.53000000   341.43000000   79.46000000   -151.31000000   25.75381869   99.73047332   2.48437511   -0.46173855   
7.53000000   341.43000000   79.46000000   -151.31000000   25.74400641   99.72437754   2.01078190   -0.46706759   
7.53000000   341.43000000   79.46000000   -151.31000000   25.74928031   99.75927282   1.71760354   -0.38810221   
7.53000000   341.43000000   79.46000000   -151.31000000   25.70919579   99.74721978   1.66177022   -0.38022023   
7.53000000   341.43000000   79.46000000   -151.31000000   25.69939288   99.73285874   1.05444482   -0.41200623   
7.53000000   341.43000000   79.46000000   -151.31000000   25.73788425   99.74302747   1.20309011   -0.47254556   
7.53000000   341.43000000   79.46000000   -151.31000000   25.74283520   99.75153410   1.00952532   -0.48867816   
7.53000000   341.43000000   79.46000000   -151.31000000   25.74700468   99.75441163   1.24677598   -0.59715886   
7.53000000   341.43000000   79.46000000   -151.31000000   25.73885060   99.73426467   1.03423356   -0.60582536   
7.53000000   341.43000000   79.46000000   -151.31000000   25.71517052   99.73284702   1.10302689   -0.61260586   
7.53000000   341.43000000   79.46000000   -151.31000000   25.74771098   99.74483262   1.15061069   -0.66274943   
7.53000000   341.43000000   79.46000000   -151.31000000   25.71103229   99.73045997   1.87770390   -0.55605120   
7.53000000   341.43000000   79.46000000   -151.31000000   25.71430037   99.70894149   1.65689070   -0.59984270   
7.53000000   341.43000000   79.46000000   -151.31000000   25.73172164   99.73013966   1.12726255   -0.64530357   
7.53000000   341.43000000   79.46000000   -151.31000000   25.73712875   99.72035130   1.49922713   -0.57692305   
7.53000000   341.43000000   79.46000000   -151.31000000   25.71098016   99.74749270   1.10985725   -0.71656430   
7.53000000   341.43000000   79.46000000   -151.31000000   25.73535030   99.72745988   1.10325285   -0.69529552   
7.53000000   341.43000000   79.46000000   -151.31000000   25.74231373   99.73164507   1.02826865   -0.72646639   
7.53000000   341.43000000   79.46000000   -151.31000000   25.76182194   99.73071547   1.16024178   -0.72722546   
7.53000000   341.43000000   79.46000000   -151.31000000   25.75565492   99.71104194   1.02312161   -0.84075504   
7.53000000   341.43000000   79.46000000   -151.31000000   25.75139681   99.71537340   1.02048653   -0.90969672   
7.53000000   341.43000000   79.46000000   -151.31000000   25.75105040   99.72753858   1.19016251   -0.95809510   
7.53000000   341.43000000   79.46000000   -151.31000000   25.75933619   99.72270512   1.26984696   -0.76944735   
7.53000000   341.43000000   79.46000000   -151.31000000   25.77587240   99.74210673   1.55833529   -0.81005840   
7.53000000   341.43000000   79.46000000   -151.31000000   25.78076198   99.72750093   1.83149584   -0.96183744   
7.53000000   341.43000000   79.46000000   -151.31000000   25.78293734   99.72526014   1.78400847   -0.86594526   
7.53000000   341.43000000   79.46000000   -151.31000000   25.77668177   99.72993251   1.93717006   -1.03360961   
7.53000000   341.43000000   79.46000000   -151.31000000   25.78325426   99.72631081   1.20979431   -0.91145420   
7.53000000   341.43000000   79.46000000   -151.31000000   25.77212783   99.71180536   1.35646549   -0.76525637   
7.53000000   341.43000000   79.46000000   -151.31000000   25.76736714   99.71736684   1.51125692   -0.77137253   
7.53000000   341.43000000   79.46000000   -151.31000000   25.72047215   99.70257992   1.01474021   -0.73769310   
7.53000000   341.43000000   79.46000000   -151.31000000   25.73458596   99.71039626   1.13242424   -0.76840141   
7.53000000   341.43000000   79.46000000   -151.31000000   25.73713811   99.73111219   1.08900092   -0.85717184   
7.53000000   341.43000000   79.46000000   -151.31000000   25.74183316   99.71187899   1.19908530   -1.03957597   
7.53000000   341.43000000   79.46000000   -151.31000000   25.73161379   99.72086084   1.14944518   -0.93719763   
7.53000000   341.43000000   79.46000000   -151.31000000   25.72086582   99.75075098   1.02174681   -0.89386808   
7.53000000   341.43000000   79.46000000   -151.31000000   25.72971046   99.75123837   1.09888983   -0.92519018   
7.53000000   341.43000000   79.46000000   -151.31000000   25.71649220   99.72063772   1.01592968   -1.03201401   
7.53000000   341.43000000   79.46000000   -151.31000000   25.75620641   99.70371976   1.12965033   -1.01356851   
7.53000000   341.43000000   79.46000000   -151.31000000   25.76436486   99.72686757   1.21622859   -1.07872901   
7.53000000   341.43000000   79.46000000   -151.31000000   25.78250348   99.71453458   1.17007504   -1.10447136   
7.53000000   341.43000000   79.46000000   -151.31000000   25.78197745   99.70075080   1.53743596   -1.14487577   
7.53000000   341.43000000   79.46000000   -151.31000000   25.78022849   99.73048296   1.54621098   -1.05883059   
7.53000000   341.43000000   79.46000000   -151.31000000   25.77942833   99.72579169   2.00936839   -1.06727498   
7.53000000   341.43000000   79.46000000   -151.31000000   25.75674535   99.74005683   1.70768868   -1.17800981   
7.53000000   341.43000000   79.46000000   -151.31000000   25.75899735   99.73578794   1.05773424   -1.20951981   
7.53000000   341.43000000   79.46000000   -151.31000000   25.73926658   99.75337854   1.18538493   -1.19215430   
7.53000000   341.43000000   79.46000000   -151.31000000   25.74763612   99.72857021   1.72971422   -1.23206958   
7.53000000   341.43000000   79.46000000   -151.31000000   25.75082249   99.72657291   1.63561396   -1.12817111   
7.53000000   341.43000000   79.46000000   -151.31000000   25.74015139   99.72330907   1.48862309   -1.00750083   
7.53000000   341.43000000   79.46000000   -151.31000000   25.72723230   99.72467170   1.20107325   -0.86619823   
7.53000000   341.43000000   79.46000000   -151.31000000   25.73553307   99.72151683   1.61878396   -0.74568281   
7.53000000   341.43000000   79.46000000   -151.31000000   25.75779495   99.74017523   1.35961360   -0.79163583   
7.53000000   341.43000000   79.46000000   -151.31000000   25.73669653   99.74518555   1.06173843   -0.80445070   
7.53000000   341.43000000   79.46000000   -151.31000000   25.73587748   99.72435832   1.02354994   -0.88044205   
7.53000000   341.43000000   79.46000000   -151.31000000   25.72343232   99.73239233   1.15299338   -0.80078524   
7.53000000   341.43000000   79.46000000   -151.31000000   25.71388485   99.71982536   1.44611479   -0.64657436   
7.53000000   341.43000000   79.46000000   -151.31000000   25.71827493   99.73432733   1.35939757   -0.65025661   
7.53000000   341.43000000   79.46000000   -151.31000000   25.72153485   99.73635916   1.67459918   -0.64974692   
7.53000000   341.43000000   79.46000000   -151.31000000   25.71372479   99.73235539   1.07961414   -0.48624285   
7.53000000   341.43000000   79.46000000   -151.31000000   25.74768472   99.75480355   1.05331785   -0.54702439   
7.53000000   341.43000000   79.46000000   -151.31000000   25.73022369   99.75010748   1.38049512   -0.57671302   
7.53000000   341.43000000   79.46000000   -151.31000000   25.74683016   99.75060714   1.55458731   -0.44615127   
7.53000000   341.43000000   79.46000000   -151.31000000   25.73892849   99.74581254   1.19589482   -0.68867799   
7.53000000   341.43000000   79.46000000   -151.31000000   25.75293893   99.72417959   1.06743835   -0.67635650   
7.53000000   341.43000000   79.46000000   -151.31000000   25.75449918   99.73140304   1.10479773   -0.63438789   
7.53000000   341.43000000   79.46000000   -151.31000000   25.72689491   99.72514367   1.04987932   -0.61260703   
7.53000000   341.43000000   79.46000000   -151.31000000   25.76937623   99.72666814   1.59754945   -0.58579900   
7.53000000   341.43000000   79.46000000   -151.31000000   25.75314573   99.72938847   1.59989567   -0.44253453   
7.53000000   341.43000000   79.46000000   -151.31000000   25.75459248   99.71978914   1.48449835   -0.43588947   
7.53000000   341.43000000   79.46000000   -151.31000000   25.75323433   99.71857878   1.88620212   -0.64781512   
7.53000000   341.43000000   79.46000000   -151.31000000   25.76479493   99.71420851   2.10270615   -0.63874781   
7.53000000   341.43000000   79.46000000   -151.31000000   25.73025593   99.72241415   1.97009514   -0.50979924   
7.53000000   341.43000000   79.46000000   -151.31000000   25.75085359   99.74531817   1.96844757   -0.40994173   
7.53000000   341.43000000   79.46000000   -151.31000000   25.74423547   99.74914543   1.13415813   -0.36560036   
7.53000000   341.43000000   79.46000000   -151.31000000   25.73959435   99.72178962   1.40154928   -0.53974777   
7.53000000   341.43000000   79.46000000   -151.31000000   25.72456971   99.75285786   1.18657990   -0.66841576   
7.53000000   341.43000000   79.46000000   -151.31000000   25.71482504   99.75127732   1.03984614   -0.51748114   
7.53000000   341.43000000   79.46000000   -151.31000000   25.73037201   99.74961812   1.67269200   -0.46362881   
7.53000000   341.43000000   79.46000000   -151.31000000   25.73214971   99.73661690   2.15850040   -0.35193488   
7.53000000   341.43000000   79.46000000   -151.31000000   25.75781542   99.73751342   1.68733946   -0.29269559   
7.53000000   341.43000000   79.46000000   -151.31000000   25.74637502   99.73562528   1.50827801   -0.37964913   
7.53000000   341.43000000   79.46000000   -151.31000000   25.72757516   99.77555524   1.20521857   -0.42523111   
7.53000000   341.43000000   79.46000000   -151.31000000   25.70551938   99.76616367   1.22325128   -0.55389468   
7.53000000   341.43000000   79.46000000   -151.31000000   25.71665164   99.75741049   1.24275040   -0.59084186   
7.53000000   341.43000000   79.46000000   -151.31000000   25.70421182   99.75143710   1.19897112   -0.61613207   
7.53000000   341.43000000   79.46000000   -151.31000000   25.70437538   99.73138994   1.05656823   -0.74201001   
7.53000000   341.43000000   79.46000000   -151.31000000   25.72017351   99.74620317   1.13846080   -0.84660278   
7.53000000   341.43000000   79.46000000   -151.31000000   25.71723700   99.73243852   1.09545855   -0.80461447   
7.53000000   341.43000000   79.46000000   -151.31000000   25.72355429   99.73044245   1.37011978   -0.71796289   
7.53000000   341.43000000   79.46000000   -151.31000000   25.75481431   99.73737922   1.78059287   -0.69793701   
7.53000000   341.43000000   79.46000000   -151.31000000   25.74264247   99.74909169   1.51369714   -0.71806138   
7.53000000   341.43000000   79.46000000   -151.31000000   25.73405260   99.74248958   1.32135068   -0.83717187   
7.53000000   341.43000000   79.46000000   -151.31000000   25.76817276   99.74714561   1.01249383   -0.83215250   
7.53000000   341.43000000   79.46000000   -151.31000000   25.74630674   99.72262143   1.06714550   -0.88565585   
7.53000000   341.43000000   79.46000000   -151.31000000   25.73736761   99.70124200   1.14459653   -0.63533667   
7.53000000   341.43000000   79.46000000   -151.31000000   25.74736792   99.71624809   1.65282035   -0.52595664   
7.53000000   341.43000000   79.46000000   -151.31000000   25.75199191   99.73156315   1.32576736   -0.68687952   
7.53000000   341.43000000   79.46000000   -151.31000000   25.73222084   99.72896481   1.73311261   -0.69609342   
7.53000000   341.43000000   79.46000000   -151.31000000   25.73398161   99.74601017   1.10747300   -0.74248610   
7.53000000   341.43000000   79.46000000   -151.31000000   25.73223596   99.73608474   1.01751063   -0.76271187   
7.53000000   341.43000000   79.46000000   -151.31000000   25.71916177   99.75370522   1.13506578   -0.44343544   
7.53000000   341.43000000   79.46000000   -151.31000000   25.70021148   99.73993576   1.08420770   -0.39445039   
7.53000000   341.43000000   79.46000000   -151.31000000   25.71569174   99.73692673   1.48316344   -0.49007200   
7.53000000   341.43000000   79.46000000   -151.31000000   25.70342007   99.74379213   1.52721617   -0.48707308   
7.53000000   341.43000000   79.46000000   -151.31000000   25.73763716   99.74529910   1.11282303   -0.49768224   
7.53000000   341.43000000   79.46000000   -151.31000000   25.72596435   99.73033898   1.02531203   -0.38004811   
7.53000000   341.43000000   79.46000000   -151.31000000   25.72227441   99.74020689   1.48441324   -0.30322009   
7.53000000   341.43000000   79.46000000   -151.31000000   25.75037574   99.73680892   1.49452603   -0.24686617   
7.53000000   341.43000000   79.46000000   -151.31000000   25.75374906   99.74260667   1.24352740   -0.33635874   
7.53000000   341.43000000   79.46000000   -151.31000000   25.76027523   99.74401836   1.11990203   -0.46640857   
7.53000000   341.43000000   79.46000000   -151.31000000   25.74952309   99.73555373   1.29376924   -0.47071300   
7.53000000   341.43000000   79.46000000   -151.31000000   25.73538145   99.74721475   1.21026113   -0.49543685   
7.53000000   341.43000000   79.46000000   -151.31000000   25.73826785   99.74775367   1.64387889   -0.48560347   
7.53000000   341.43000000   79.46000000   -151.31000000   25.73707935   99.77359531   1.13857326   -0.45515984   
7.53000000   341.43000000   79.46000000   -151.31000000   25.73576988   99.77765016   1.01785347   -0.50125410   
7.53000000   341.43000000   79.46000000   -151.31000000   25.72975469   99.77254486   1.11185813   -0.42055245   
7.53000000   341.43000000   79.46000000   -151.31000000   25.73549615   99.75467022   1.02573318   -0.38985671   
7.53000000   341.43000000   79.46000000   -151.31000000   25.72348465   99.76788818   1.13571004   -0.30828449   
7.53000000   341.43000000   79.46000000   -151.31000000   25.73351382   99.75487079   1.11008377   -0.35503009   
7.53000000   341.43000000   79.46000000   -151.31000000   25.73577344   99.76290810   1.13402620   -0.26532016   
7.53000000   341.43000000   79.46000000   -151.31000000   25.72184331   99.73400621   1.24489322   -0.15388498   
7.53000000   341.43000000   79.46000000   -151.31000000   25.72008426   99.75441372   1.03676418   -0.11046700   
7.53000000   341.43000000   79.46000000   -151.31000000   25.70700196   99.75675310   1.07815414   0.03734560   
7.53000000   341.43000000   79.46000000   -151.31000000   25.72191200   99.72039755   1.06672375   -0.23717081   
7.53000000   341.43000000   79.46000000   -151.31000000   25.75117635   99.74334684   1.22607994   -0.23046901   
7.53000000   341.43000000   79.46000000   -151.31000000   25.75383582   99.74745754   1.03680963   -0.24226805   
7.53000000   341.43000000   79.46000000   -151.31000000   25.75983927   99.72809226   1.16514042   -0.33061370   
7.53000000   341.43000000   79.46000000   -151.31000000   25.75336076   99.73115004   1.54840656   -0.31980528   
7.53000000   341.43000000   79.46000000   -151.31000000   25.74907046   99.71389945   1.62298464   -0.36080531   
7.53000000   341.43000000   79.46000000   -151.31000000   25.73580217   99.72448966   2.13307525   -0.39295246   
7.53000000   341.43000000   79.46000000   -151.31000000   25.74840430   99.72967033   1.51558544   -0.24025929   
7.53000000   341.43000000   79.46000000   -151.31000000   25.74481471   99.72046623   1.48502195   -0.26391878   
7.53000000   341.43000000   79.46000000   -151.31000000   25.75617773   99.74880001   1.06712406   -0.33899087   
7.53000000   341.43000000   79.46000000   -151.31000000   25.73158527   99.74056598   1.45483393   -0.42946233   
7.53000000   341.43000000   79.46000000   -151.31000000   25.72106379   99.74074468   1.29996577   -0.43358794   
7.53000000   341.43000000   79.46000000   -151.31000000   25.73847206   99.71413648   1.01106068   -0.55700666   
7.53000000   341.43000000   79.46000000   -151.31000000   25.71873512   99.73046745   1.70261538   -0.54460173   
7.53000000   341.43000000   79.46000000   -151.31000000   25.72021757   99.75615240   1.31445026   -0.49204807   
7.53000000   341.43000000   79.46000000   -151.31000000   25.72656614   99.75803190   1.50779882   -0.50705961   
7.53000000   341.43000000   79.46000000   -151.31000000   25.75133879   99.73374587   1.56046878   -0.57165288   
7.53000000   341.43000000   79.46000000   -151.31000000   25.72755406   99.75434731   1.38887648   -0.64216817   
7.53000000   341.43000000   79.46000000   -151.31000000   25.71493620   99.75716077   1.13389572   -0.66738480   
7.53000000   341.43000000   79.46000000   -151.31000000   25.70673894   99.75712485   1.22199079   -0.64388981   
7.53000000   341.43000000   79.46000000   -151.31000000   25.69792191   99.73625818   1.38827646   -0.69605552   
7.53000000   341.43000000   79.46000000   -151.31000000   25.71760992   99.72014349   2.06242269   -0.78389878   
7.53000000   341.43000000   79.46000000   -151.31000000   25.72920681   99.72931459   1.48395239   -0.81355761   
7.53000000   341.43000000   79.46000000   -151.31000000   25.69810273   99.72432739   1.62065043   -0.80178603   
7.53000000   341.43000000   79.46000000   -151.31000000   25.72262473   99.70480811   1.88267540   -0.73196280   
7.53000000   341.43000000   79.46000000   -151.31000000   25.72285930   99.71758891   1.79232891   -0.72713412   
7.53000000   341.43000000   79.46000000   -151.31000000   25.75888149   99.70898435   2.22058681   -0.77324595   
7.53000000   341.43000000   79.46000000   -151.31000000   25.75774078   99.72533178   2.27110582   -0.88437408   
7.53000000   341.43000000   79.46000000   -151.31000000   25.76054104   99.74327926   1.65090639   -0.96424508   
7.53000000   341.43000000   79.46000000   -151.31000000   25.72661389   99.75700546   1.23289617   -0.97540722   
7.53000000   341.43000000   79.46000000   -151.31000000   25.71354487   99.75369888   1.20622404   -1.03188415   
7.53000000   341.43000000   79.46000000   -151.31000000   25.73020454   99.72574389   1.28558169   -1.11173590   
7.53000000   341.43000000   79.46000000   -151.31000000   25.75050341   99.73139277   2.08833890   -1.00035310   
7.53000000   341.43000000   79.46000000   -151.31000000   25.75020261   99.73245986   1.34375114   -0.98322624   
7.53000000   341.43000000   79.46000000   -151.31000000   25.74984324   99.73326613   1.65284954   -1.11176698   
7.53000000   341.43000000   79.46000000   -151.31000000   25.76225752   99.74651279   1.52720418   -0.83278289   
7.53000000   341.43000000   79.46000000   -151.31000000   25.73549380   99.74786667   1.53839963   -0.83116459   
7.53000000   341.43000000   79.46000000   -151.31000000   25.71674422   99.74059036   1.57747521   -0.86013502   
7.53000000   341.43000000   79.46000000   -151.31000000   25.72445137   99.74278966   1.61402405   -0.78004083   
7.53000000   341.43000000   79.46000000   -151.31000000   25.71838979   99.73466977   1.18918481   -0.76363156   
7.53000000   341.43000000   79.46000000   -151.31000000   25.70649042   99.72669531   1.18669625   -0.79496353   
7.53000000   341.43000000   79.46000000   -151.31000000   25.70836412   99.75144536   1.29684353   -0.77281641   
7.53000000   341.43000000   79.46000000   -151.31000000   25.70516891   99.71257675   1.31147208   -0.63431322   
7.53000000   341.43000000   79.46000000   -151.31000000   25.71213057   99.75300481   1.14060185   -0.71519303   
7.53000000   341.43000000   79.46000000   -151.31000000   25.72800617   99.76359392   1.12602458   -0.51609215   
7.53000000   341.43000000   79.46000000   -151.31000000   25.73638824   99.76840658   1.33799639   -0.50226722   
7.53000000   341.43000000   79.46000000   -151.31000000   25.73847257   99.75984937   1.49141810   -0.38213670   
7.53000000   341.43000000   79.46000000   -151.31000000   25.71412679   99.75139757   1.98535436   -0.43676891   
7.53000000   341.43000000   79.46000000   -151.31000000   25.73681939   99.74405047   2.30982727   -0.28750887   
7.53000000   341.43000000   79.46000000   -151.31000000   25.71901044   99.71519829   2.25532569   -0.31537658   
7.53000000   341.43000000   79.46000000   -151.31000000   25.71908191   99.70121149   1.84689226   -0.36223865   
7.53000000   341.43000000   79.46000000   -151.31000000   25.71197812   99.71188702   1.50368336   -0.53559435   
7.53000000   341.43000000   79.46000000   -151.31000000   25.72513882   99.71987590   1.39263377   -0.49787236   
7.53000000   341.43000000   79.46000000   -151.31000000   25.73063824   99.73497975   1.48774686   -0.54807527   
7.53000000   341.43000000   79.46000000   -151.31000000   25.76211699   99.73792043   1.07752548   -0.62783353   
7.53000000   341.43000000   79.46000000   -151.31000000   25.74847051   99.74581214   1.15762278   -0.60548933   
7.53000000   341.43000000   79.46000000   -151.31000000   25.75421034   99.74029678   1.06142389   -0.60090391   
7.53000000   341.43000000   79.46000000   -151.31000000   25.75373940   99.73505909   1.23394945   -0.66841339   
7.53000000   341.43000000   79.46000000   -151.31000000   25.75598370   99.72216155   1.22471367   -0.69028726   
7.53000000   341.43000000   79.46000000   -151.31000000   25.73446531   99.72721809   1.23058944   -0.76577640   
7.53000000   341.43000000   79.46000000   -151.31000000   25.75303745   99.72551515   1.03530038   -0.71723399   
7.53000000   341.43000000   79.46000000   -151.31000000   25.72779343   99.75253007   1.03329892   -0.62016518   
7.53000000   341.43000000   79.46000000   -151.31000000   25.71906690   99.74964901   1.05015302   -0.66847411   
7.53000000   341.43000000   79.46000000   -151.31000000   25.71892982   99.72748559   1.06881842   -0.55304986   
7.53000000   341.43000000   79.46000000   -151.31000000   25.73016137   99.74021927   1.61041397   -0.67205139   
7.53000000   341.43000000   79.46000000   -151.31000000   25.72108233   99.74538032   1.72638850   -0.65250907   
7.53000000   341.43000000   79.46000000   -151.31000000   25.71591315   99.76043430   1.00640501   -0.73460267   
7.53000000   341.43000000   79.46000000   -151.31000000   25.73910493   99.74522679   1.70070073   -0.73507900   
7.53000000   341.43000000   79.46000000   -151.31000000   25.76507680   99.73882193   1.16464317   -0.85339571   
7.53000000   341.43000000   79.46000000   -151.31000000   25.76757643   99.72630401   1.56224891   -0.90786407   
7.53000000   341.43000000   79.46000000   -151.31000000   25.76002578   99.72635256   1.43523794   -0.75864822   
7.53000000   341.43000000   79.46000000   -151.31000000   25.75352442   99.73972184   1.10732399   -0.78012663   
7.53000000   341.43000000   79.46000000   -151.31000000   25.73069591   99.73597623   1.55454677   -0.71119581   
7.53000000   341.43000000   79.46000000   -151.31000000   25.71884607   99.75271299   1.23986847   -0.58945386   
7.53000000   341.43000000   79.46000000   -151.31000000   25.72745152   99.75692494   1.01441427   -0.33277779   
7.53000000   341.43000000   79.46000000   -151.31000000   25.71297968   99.77040381   1.06697303   -0.32708725   
7.53000000   341.43000000   79.46000000   -151.31000000   25.71352713   99.75612605   1.02841150   -0.29857619   
7.53000000   341.43000000   79.46000000   -151.31000000   25.71278170   99.72651413   1.30864508   -0.32506992   
7.53000000   341.43000000   79.46000000   -151.31000000   25.70771907   99.73232376   1.40754784   -0.45146288   
7.53000000   341.43000000   79.46000000   -151.31000000   25.72488912   99.76873914   1.16384995   -0.34836546   
7.53000000   341.43000000   79.46000000   -151.31000000   25.72484288   99.77150797   1.21467868   -0.46316638   
7.53000000   341.43000000   79.46000000   -151.31000000   25.73978986   99.77663461   1.18832985   -0.51477798   
7.53000000   341.43000000   79.46000000   -151.31000000   25.71479242   99.75909448   1.62356806   -0.63824128   
7.53000000   341.43000000   79.46000000   -151.31000000   25.74754897   99.73211177   1.91570239   -0.60097373   
7.53000000   341.43000000   79.46000000   -151.31000000   25.74072935   99.74028918   2.16469829   -0.58844379   
7.53000000   341.43000000   79.46000000   -151.31000000   25.74807935   99.73116664   1.27564287   -0.54349487   
7.53000000   341.43000000   79.46000000   -151.31000000   25.74416510   99.72977743   1.31116207   -0.36788735   
7.53000000   341.43000000   79.46000000   -151.31000000   25.73744647   99.72758436   1.99070504   -0.46125631   
7.53000000   341.43000000   79.46000000   -151.31000000   25.73586809   99.75217967   1.55933081   -0.46918908   
7.53000000   341.43000000   79.46000000   -151.31000000   25.72919318   99.72843664   2.00728003   -0.57841439   
7.53000000   341.43000000   79.46000000   -151.31000000   25.75649762   99.72897992   2.18687211   -0.65925065   
7.53000000   341.43000000   79.46000000   -151.31000000   25.73978187   99.73443705   1.08968674   -0.65475626   
7.53000000   341.43000000   79.46000000   -151.31000000   25.74631396   99.75004633   1.06604040   -0.67297849   
7.53000000   341.43000000   79.46000000   -151.31000000   25.75640759   99.73834486   1.19121523   -0.63765822   
7.53000000   341.43000000   79.46000000   -151.31000000   25.74811353   99.73450673   1.37387959   -0.54582156   
7.53000000   341.43000000   79.46000000   -151.31000000   25.74073020   99.72106538   1.21529373   -0.69773419   
7.53000000   341.43000000   79.46000000   -151.31000000   25.73322450   99.73336728   1.36994013   -0.80408278   
7.53000000   341.43000000   79.46000000   -151.31000000   25.74468877   99.70577167   1.04577605   -0.79831238   
7.53000000   341.43000000   79.46000000   -151.31000000   25.73253361   99.72956702   1.36991425   -0.83298592   
7.53000000   341.43000000   79.46000000   -151.31000000   25.72750194   99.72131905   1.24544649   -0.71103731   
7.53000000   341.43000000   79.46000000   -151.31000000   25.72261732   99.72799729   1.10569245   -0.73585724   
7.53000000   341.43000000   79.46000000   -151.31000000   25.71168286   99.73591063   1.19664443   -0.69804517   
7.53000000   341.43000000   79.46000000   -151.31000000   25.71619071   99.74575230   1.20710997   -0.71220602   
7.53000000   341.43000000   79.46000000   -151.31000000   25.70894351   99.72929848   1.06813706   -0.51082600   
7.53000000   341.43000000   79.46000000   -151.31000000   25.71259449   99.73102483   1.16738582   -0.40577381   
7.53000000   341.43000000   79.46000000   -151.31000000   25.71966731   99.74385872   1.49663599   -0.42646517   
7.53000000   341.43000000   79.46000000   -151.31000000   25.72817931   99.71762545   1.37161785   -0.41581568   
7.53000000   341.43000000   79.46000000   -151.31000000   25.75188528   99.72339271   1.37520997   -0.48804889   
7.53000000   341.43000000   79.46000000   -151.31000000   25.73930730   99.72670230   1.17900725   -0.53177375   
7.53000000   341.43000000   79.46000000   -151.31000000   25.73141134   99.72678742   1.04070080   -0.53048883   
7.53000000   341.43000000   79.46000000   -151.31000000   25.71948412   99.71410256   1.03388595   -0.53389289   
7.53000000   341.43000000   79.46000000   -151.31000000   25.70709744   99.74531781   1.74081927   -0.39961003   
7.53000000   341.43000000   79.46000000   -151.31000000   25.72612793   99.74781765   1.82550492   -0.24807425   
7.53000000   341.43000000   79.46000000   -151.31000000   25.70458118   99.72369887   1.23491965   -0.34747678   
7.53000000   341.43000000   79.46000000   -151.31000000   25.73249231   99.73221840   1.00103474   -0.22064201   
7.53000000   341.43000000   79.46000000   -151.31000000   25.70917292   99.73643807   1.09793015   -0.31689929   
7.53000000   341.43000000   79.46000000   -151.31000000   25.75138107   99.75151144   1.15027404   -0.48534973   
7.53000000   341.43000000   79.46000000   -151.31000000   25.73498953   99.73901614   1.41410388   -0.46142222   
7.53000000   341.43000000   79.46000000   -151.31000000   25.74692543   99.73737523   1.39813138   -0.38217228   
7.53000000   341.43000000   79.46000000   -151.31000000   25.74345903   99.72771390   1.39992372   -0.41225570   
7.53000000   341.43000000   79.46000000   -151.31000000   25.74761989   99.72137292   1.17545721   -0.54433685   
7.53000000   341.43000000   79.46000000   -151.31000000   25.72784939   99.73623580   1.58087864   -0.40357529   
7.53000000   341.43000000   79.46000000   -151.31000000   25.71879182   99.76705135   1.23822484   -0.31939443   
7.53000000   341.43000000   79.46000000   -151.31000000   25.73366229   99.75503699   1.32357377   -0.35568686   
7.53000000   341.43000000   79.46000000   -151.31000000   25.72798441   99.74624320   1.21321915   -0.35654488   
7.53000000   341.43000000   79.46000000   -151.31000000   25.73057115   99.72540372   1.99602925   -0.39841864   
7.53000000   341.43000000   79.46000000   -151.31000000   25.71835838   99.72970472   1.43395259   -0.40326559   
7.53000000   341.43000000   79.46000000   -151.31000000   25.75184973   99.72978910   1.67356984   -0.42881319   
7.53000000   341.43000000   79.46000000   -151.31000000   25.72881932   99.75500273   1.10937626   -0.53149373   
7.53000000   341.43000000   79.46000000   -151.31000000   25.71797884   99.74581923   1.50092990   -0.32276221   
7.53000000   341.43000000   79.46000000   -151.31000000   25.71514749   99.73903036   1.25859236   -0.24938444   
7.53000000   341.43000000   79.46000000   -151.31000000   25.73692120   99.74223841   1.33087467   -0.22791775   
7.53000000   341.43000000   79.46000000   -151.31000000   25.74332585   99.73445059   1.17598974   -0.40763232   
7.53000000   341.43000000   79.46000000   -151.31000000   25.72942924   99.75556095   1.11142557   -0.46644373   
7.53000000   341.43000000   79.46000000   -151.31000000   25.73880515   99.74165744   1.21141454   -0.46267191   
7.53000000   341.43000000   79.46000000   -151.31000000   25.73753486   99.73944716   1.10267701   -0.48507007   
7.53000000   341.43000000   79.46000000   -151.31000000   25.75154442   99.73756185   1.23394178   -0.65630000   
7.53000000   341.43000000   79.46000000   -151.31000000   25.76353318   99.76341959   1.20742026   -0.66495258   
7.53000000   341.43000000   79.46000000   -151.31000000   25.75558970   99.74225910   1.23280309   -0.62568252   
7.53000000   341.43000000   79.46000000   -151.31000000   25.74045515   99.74370610   1.38106488   -0.56027446   
7.53000000   341.43000000   79.46000000   -151.31000000   25.74556779   99.75438168   1.51894872   -0.57934181   
7.53000000   341.43000000   79.46000000   -151.31000000   25.74268657   99.73108242   1.57274330   -0.41202192   
7.53000000   341.43000000   79.46000000   -151.31000000   25.74788258   99.74523196   1.19575807   -0.25530547   
7.53000000   341.43000000   79.46000000   -151.31000000   25.71289156   99.76969351   1.23251807   -0.18211811   
7.53000000   341.43000000   79.46000000   -151.31000000   25.73122409   99.77020530   1.46570315   -0.24843720   
7.53000000   341.43000000   79.46000000   -151.31000000   25.72451512   99.74363581   2.53479136   -0.22231683   
7.53000000   341.43000000   79.46000000   -151.31000000   25.69999193   99.71991127   1.57628516   -0.14386811   
7.53000000   341.43000000   79.46000000   -151.31000000   25.71329257   99.73432712   1.33097310   -0.31472643   
7.53000000   341.43000000   79.46000000   -151.31000000   25.70410078   99.75105066   1.66699843   -0.39900579   
7.53000000   341.43000000   79.46000000   -151.31000000   25.71227881   99.74266246   1.89432763   -0.42378476   
7.53000000   341.43000000   79.46000000   -151.31000000   25.75289525   99.74071472   1.48039739   -0.34598593   
7.53000000   341.43000000   79.46000000   -151.31000000   25.73828019   99.74401441   1.81536655   -0.43517408   
7.53000000   341.43000000   79.46000000   -151.31000000   25.74718584   99.74093089   1.88717004   -0.44896672   
7.53000000   341.43000000   79.46000000   -151.31000000   25.74111930   99.74285904   1.90648495   -0.39612257   
7.53000000   341.43000000   79.46000000   -151.31000000   25.75144371   99.73531313   2.04219572   -0.38949879   
7.53000000   341.43000000   79.46000000   -151.31000000   25.75690080   99.73006561   1.91302977   -0.30358220   
7.53000000   341.43000000   79.46000000   -151.31000000   25.75924517   99.73569403   2.23199615   -0.38906471   
7.53000000   341.43000000   79.46000000   -151.31000000   25.74779857   99.74463808   1.48768034   -0.25642652   
7.53000000   341.43000000   79.46000000   -151.31000000   25.70956655   99.74927931   1.01764392   -0.18718035   
7.53000000   341.43000000   79.46000000   -151.31000000   25.73714292   99.76273458   1.14375963   -0.30484840   
7.53000000   341.43000000   79.46000000   -151.31000000   25.70431465   99.74561976   1.24017301   -0.16815944   
7.53000000   341.43000000   79.46000000   -151.31000000   25.72892381   99.72401335   1.30974442   -0.26890836   
7.53000000   341.43000000   79.46000000   -151.31000000   25.73144425   99.74924421   1.73495423   -0.24345655   
7.53000000   341.43000000   79.46000000   -151.31000000   25.71555270   99.74545067   1.38818458   -0.36036937   
7.53000000   341.43000000   79.46000000   -151.31000000   25.70609378   99.75969191   1.05889013   -0.46959546   
7.53000000   341.43000000   79.46000000   -151.31000000   25.71258271   99.74605619   1.62252015   -0.39080281   
7.53000000   341.43000000   79.46000000   -151.31000000   25.73410873   99.73626724   1.67893069   -0.29621210   
7.53000000   341.43000000   79.46000000   -151.31000000   25.73966360   99.73698287   1.63751614   -0.28411345   
7.53000000   341.43000000   79.46000000   -151.31000000   25.74176965   99.75685703   1.67967289   -0.22231735   
7.53000000   341.43000000   79.46000000   -151.31000000   25.73166718   99.75606196   1.61266663   -0.15350178   
7.53000000   341.43000000   79.46000000   -151.31000000   25.73587852   99.74191368   1.05214095   -0.09510785   
7.53000000   341.43000000   79.46000000   -151.31000000   25.69894026   99.75361864   1.12638638   -0.23760033   
7.53000000   341.43000000   79.46000000   -151.31000000   25.69442410   99.76612641   1.17253786   -0.18018348   
7.53000000   341.43000000   79.46000000   -151.31000000   25.72114366   99.74375997   1.11424147   -0.16237188   
7.53000000   341.43000000   79.46000000   -151.31000000   25.73569563   99.75300445   2.15499300   -0.33050238   
7.53000000   341.43000000   79.46000000   -151.31000000   25.70532338   99.72958277   2.04831855   -0.27336310   
7.53000000   341.43000000   79.46000000   -151.31000000   25.72044845   99.73057622   2.41144695   -0.45398455   
7.53000000   341.43000000   79.46000000   -151.31000000   25.72276904   99.73235008   1.58770089   -0.44030155   
7.53000000   341.43000000   79.46000000   -151.31000000   25.75083679   99.71356008   1.09840172   -0.37892189   
7.53000000   341.43000000   79.46000000   -151.31000000   25.73844810   99.70270993   1.17634505   -0.46275058   
7.53000000   341.43000000   79.46000000   -151.31000000   25.73852835   99.71418397   1.49878202   -0.55851100   
7.53000000   341.43000000   79.46000000   -151.31000000   25.74084278   99.71612083   2.13089678   -0.53241668   
7.53000000   341.43000000   79.46000000   -151.31000000   25.74023226   99.70331891   2.10483871   -0.51738310   
7.53000000   341.43000000   79.46000000   -151.31000000   25.73104227   99.71145030   2.36865617   -0.66411734   
7.53000000   341.43000000   79.46000000   -151.31000000   25.74962292   99.70975361   1.43860915   -0.69315461   
7.53000000   341.43000000   79.46000000   -151.31000000   25.74075691   99.71924543   1.23605997   -0.65375155   
7.53000000   341.43000000   79.46000000   -151.31000000   25.73535006   99.71047031   1.09655797   -0.64812164   
7.53000000   341.43000000   79.46000000   -151.31000000   25.73465168   99.72036022   1.49232240   -0.50547388   
7.53000000   341.43000000   79.46000000   -151.31000000   25.73971808   99.75208451   1.74670392   -0.53918293   
7.53000000   341.43000000   79.46000000   -151.31000000   25.72986154   99.74943057   2.37512956   -0.32378991   
7.53000000   341.43000000   79.46000000   -151.31000000   25.72141764   99.74854566   2.15431287   -0.27258218   
7.53000000   341.43000000   79.46000000   -151.31000000   25.72302203   99.74423023   1.51682652   -0.19908880   
7.53000000   341.43000000   79.46000000   -151.31000000   25.71347667   99.74714618   1.55457297   -0.19515379   
7.53000000   341.43000000   79.46000000   -151.31000000   25.71144524   99.73744463   1.65564267   -0.23103677   
7.53000000   341.43000000   79.46000000   -151.31000000   25.70853539   99.75188287   1.48872891   -0.38703377   
7.53000000   341.43000000   79.46000000   -151.31000000   25.72191689   99.73527118   1.10458919   -0.47177053   
7.53000000   341.43000000   79.46000000   -151.31000000   25.73450429   99.76082355   1.27994342   -0.43508824   
7.53000000   341.43000000   79.46000000   -151.31000000   25.70277502   99.74928575   1.43244252   -0.33733320   
7.53000000   341.43000000   79.46000000   -151.31000000   25.73577665   99.74174279   1.76108240   -0.31921005   
7.53000000   341.43000000   79.46000000   -151.31000000   25.72353704   99.73934719   2.21854263   -0.22900575   
7.53000000   341.43000000   79.46000000   -151.31000000   25.71672394   99.74795490   1.84814166   -0.19183083   
7.53000000   341.43000000   79.46000000   -151.31000000   25.72843119   99.75088131   1.14274203   -0.22108356   
