1755.80011040   
1811.37054270   
1749.91902551   
1694.70995621   
1802.68101108   
1683.57971364   
1453.32048910   
1372.28571001   
1345.92263411   
1256.93941498   
1326.39688667   
1389.29430449   
1273.29650807   
1236.79776418   
1274.52463565   
1258.07619436   
1245.35139391   
1222.94365116   
1214.32991366   
1173.82509397   
1192.40991370   
1241.85038948   
1055.45743068   
1087.89279626   
1095.09867849   
1038.37895377   
1035.10384717   
1092.77974673   
1040.08412827   
1040.54220354   
1029.95405951   
1105.36546752   
1103.01698883   
1015.44716104   
954.61986051   
924.16093605   
901.27264973   
985.78711097   
904.39487597   
1048.25796510   
852.39145302   
875.29736799   
874.44415605   
814.53636625   
799.81206781   
805.20246013   
846.62265319   
803.27923144   
788.55359790   
783.00657991   
819.30103394   
828.29942815   
780.05642972   
767.62188310   
763.42308940   
761.84329607   
728.87074369   
766.01931651   
721.68471401   
765.99157471   
718.87698249   
707.09127115   
719.56587411   
724.05227052   
724.21014235   
718.83621075   
754.61142050   
708.44412518   
802.08892249   
698.92481981   
726.99318553   
735.40923616   
734.90864532   
740.43271394   
697.38989788   
736.47175942   
737.38117360   
703.30411417   
716.64173422   
707.33488957   
738.39270014   
740.95038116   
722.31064095   
692.55184144   
685.75553911   
684.30097665   
687.68987627   
682.30546690   
673.20824289   
687.83813689   
725.12826810   
675.36382735   
695.23107817   
731.12089822   
721.73911939   
712.50216715   
665.93080592   
698.10689637   
700.27272833   
698.99214839   
699.06561112   
685.31383217   
715.25842149   
729.95344013   
653.96726949   
675.31831410   
651.97942235   
671.60439342   
686.44289826   
658.81335556   
650.85247068   
672.48887768   
654.46258019   
680.29390021   
653.43764757   
664.20255023   
656.05166188   
685.73129799   
652.23579200   
671.07649341   
645.01338170   
645.45618398   
649.42454649   
661.78289602   
646.58733212   
665.57930156   
663.64604028   
637.08658070   
629.55325900   
624.25881755   
641.92252332   
623.04053157   
652.84420183   
619.26293715   
621.98369986   
640.21716392   
630.93665688   
625.48494428   
631.36441543   
636.80289760   
632.40890179   
615.51118258   
622.27950173   
638.28808618   
623.56257446   
628.74317543   
622.79277767   
625.26255754   
652.49957816   
622.68774942   
619.28072275   
630.08724621   
616.35259683   
619.58463665   
634.38132358   
618.62733806   
613.19935706   
628.97208241   
609.01655565   
635.94119299   
616.72109907   
625.80966300   
621.49910693   
612.78264869   
626.31663078   
610.56280984   
611.73094361   
610.15587954   
618.19947280   
634.99841963   
629.17946463   
616.54130202   
662.84023341   
637.00643917   
625.35620365   
616.38965841   
632.16001752   
617.81026612   
636.37490251   
624.13251356   
607.66810885   
621.37897288   
622.72230697   
628.47498692   
615.47299514   
613.12487881   
625.67663428   
609.70268568   
619.80277970   
625.30081972   
623.42947347   
635.18205408   
621.29456791   
623.16883007   
618.23350926   
618.14942895   
626.69931954   
617.26592409   
609.57751832   
601.73034384   
607.31913442   
635.27794864   
603.86776655   
610.76207591   
599.17496676   
606.31104494   
622.85437197   
592.02226267   
597.94427894   
598.18486987   
590.97351254   
591.39742103   
587.04082163   
591.54147885   
614.49052364   
595.97089727   
599.73218774   
591.44773095   
606.89797833   
602.90849248   
592.35683394   
595.76801655   
594.80335319   
600.54593876   
605.40342123   
599.42488863   
598.72086058   
609.65712476   
596.23909376   
599.29729800   
592.33457383   
589.72566315   
597.85963008   
582.98618566   
585.62827635   
587.28545300   
578.73156486   
585.40634195   
583.18663562   
580.67613781   
586.75783008   
582.98329021   
578.10290041   
581.51219479   
581.92425147   
586.93122674   
581.68022153   
578.72814273   
582.86161737   
575.13746869   
582.62801927   
582.69530423   
578.87119159   
582.92083972   
589.60970617   
575.51751868   
572.98990678   
575.51543447   
580.21802098   
573.22002111   
574.15222432   
568.18218054   
567.85496566   
567.43606029   
571.56635993   
568.64627614   
569.75385835   
564.00551756   
569.15480166   
566.67138762   
577.03301630   
576.94017697   
567.94103345   
572.88970974   
564.91649717   
575.29411211   
569.01820408   
571.69645313   
579.63178979   
570.83336570   
573.64528446   
564.02901895   
559.44618565   
569.43443606   
563.86812716   
560.80047027   
566.75102291   
561.58335927   
562.32414992   
562.51897654   
561.99258863   
565.29253212   
560.05284479   
563.73409355   
566.16039899   
563.82598451   
561.75005596   
558.88254579   
574.62464656   
562.05261617   
565.00900106   
561.25198758   
560.51935507   
565.60784503   
559.25238764   
557.62984274   
559.62428641   
558.82410681   
558.87827484   
561.82461636   
560.41317005   
557.06306711   
566.00692429   
562.84616863   
563.41147342   
558.45202506   
569.38476569   
561.85439226   
559.96710226   
559.14564352   
568.23696946   
563.60794754   
554.30064427   
558.49840660   
580.78510363   
558.25958832   
557.96761862   
563.25311681   
563.70852541   
557.31933651   
561.16681638   
559.49937553   
557.85051839   
566.45259893   
561.50327741   
557.42990990   
555.40054365   
556.15101728   
554.78506735   
556.86993043   
562.56386406   
564.22452926   
563.89885773   
560.99270581   
556.35489823   
554.54644988   
554.76758758   
552.53784057   
554.94169556   
556.02664783   
553.20633266   
565.99088843   
564.15314082   
548.24385230   
557.61654974   
550.21460829   
552.23387443   
550.00726940   
554.30562140   
551.73296394   
550.48891770   
561.49841600   
553.40432669   
555.76772763   
573.21022071   
573.75616031   
553.28546654   
555.20247772   
578.21108466   
556.88877763   
554.43425120   
551.97307562   
547.97854530   
547.85369922   
550.64098519   
546.52191111   
549.29180063   
551.96891125   
575.53133920   
550.98619615   
569.98205706   
555.38008261   
558.51712813   
547.10426021   
548.39874520   
544.74598464   
552.11485249   
543.88912943   
552.01243234   
551.59165489   
547.18754453   
544.17245671   
549.96801660   
542.96365809   
563.87044791   
550.27736384   
548.28471476   
544.38161826   
541.84680150   
553.43633989   
555.41945343   
540.74887784   
552.69000149   
541.90214622   
533.45644642   
539.78661124   
537.41747513   
535.17752834   
543.56205597   
535.55775661   
538.47299878   
534.66607823   
530.97999738   
547.41402026   
531.76301750   
541.08787755   
532.32740383   
535.95934485   
535.51284940   
534.58847168   
535.08371614   
544.68568750   
533.21260900   
539.41518290   
541.41537416   
533.43229126   
535.11976161   
531.20139920   
528.51878142   
528.89248389   
531.19728260   
531.30285665   
528.78015298   
530.86204285   
527.27594440   
535.93521642   
524.95765403   
539.83597389   
539.33058218   
531.58253773   
533.05712107   
525.50217982   
521.58105977   
522.99622608   
521.62563640   
526.03379156   
555.22727884   
538.76460352   
545.79041449   
519.81156491   
535.15193059   
525.18741931   
522.44099896   
531.87706849   
526.76661328   
519.22745635   
519.53859117   
522.24591632   
520.26425407   
527.50240668   
523.09240898   
551.49251379   
522.47841959   
522.53149069   
523.72697716   
537.18802303   
524.65128503   
528.10621557   
528.63348430   
526.12194412   
526.56115250   
537.66833414   
527.14144710   
530.01731210   
528.40295040   
530.95204703   
525.49725696   
522.71144297   
520.59123102   
537.92257796   
527.80241550   
535.61606707   
537.46240228   
522.68573296   
528.89058061   
525.60372285   
521.82182726   
523.63902471   
549.43251272   
529.75053173   
534.57655389   
519.41032936   
519.40516428   
522.46892787   
522.14396728   
521.13556141   
526.84453180   
527.54112260   
524.15791583   
532.97623490   
523.15993948   
523.95277898   
526.33236386   
545.79832338   
519.25809848   
529.17655981   
534.13912904   
528.14818004   
529.88632649   
527.47918096   
527.90074792   
524.47132439   
524.75914854   
521.25074159   
527.62451713   
534.45182042   
532.77511097   
525.10025747   
523.80228348   
531.69231943   
520.04492581   
526.64940634   
521.54735815   
530.39262865   
520.42150828   
522.19818003   
524.98200830   
530.13428335   
523.81653839   
527.25400533   
563.91087050   
522.42417059   
525.12526390   
517.95992084   
522.69564159   
522.88534200   
520.62756508   
521.30095749   
538.90602573   
518.25944191   
521.31197239   
517.61657223   
534.14734520   
522.52795190   
522.92600387   
517.50976123   
522.06607990   
527.40804772   
523.77233861   
522.24933772   
522.84551360   
521.56705107   
518.69768325   
530.28842019   
531.31814849   
524.77398633   
517.46133835   
520.46378458   
519.42566896   
522.74690535   
519.68000214   
523.04368512   
531.14489635   
518.84697221   
522.87027926   
525.40680365   
523.40379124   
532.34672035   
546.37005514   
521.44687783   
523.15095585   
521.85910188   
527.11083036   
521.76239497   
521.88335560   
523.21939419   
522.41243338   
538.46819125   
560.01379286   
533.34388495   
520.74023808   
521.07348261   
524.05223583   
523.78248721   
526.35411796   
517.67124781   
538.65411919   
532.60791969   
518.95435021   
523.11441903   
520.93359789   
518.58423533   
527.30846877   
526.06044111   
518.44756426   
519.33117788   
527.21444603   
528.43225216   
525.45108064   
523.56764181   
531.80465256   
518.68189547   
526.47361474   
519.99612536   
518.33963376   
526.84110029   
519.79695953   
530.60527061   
527.66462043   
519.52956909   
529.49464066   
534.24440264   
521.26455455   
536.27187609   
525.21896987   
525.45783200   
536.16503961   
525.72595743   
537.57290846   
524.17708778   
521.25287350   
519.68185919   
525.45948655   
530.09583517   
525.77158986   
526.02924074   
521.07581427   
523.31922857   
524.94406421   
520.99235889   
524.59434816   
525.22197787   
526.05299836   
525.42424641   
526.59288561   
525.11718819   
528.98359290   
533.44958163   
527.92983317   
541.13005371   
529.42684460   
529.49521600   
531.71631089   
520.40314537   
526.05830166   
522.39121062   
526.75140847   
525.14925164   
525.62705779   
535.71328457   
527.86885506   
531.13220762   
523.64111123   
522.79690944   
522.61749853   
524.72215370   
527.55762492   
521.54998525   
527.12540054   
529.90829955   
541.12662626   
528.89158203   
547.96332201   
537.66700313   
536.66897614   
523.15534444   
525.20123841   
524.31256847   
522.56828459   
529.43813869   
530.15293071   
543.89616494   
525.97004575   
524.26107597   
531.03585729   
523.56773854   
527.58292164   
526.29563414   
528.78324356   
521.87980968   
520.22939830   
540.68386139   
530.73253256   
529.16291800   
522.21020358   
518.89108366   
521.06727078   
525.86816414   
520.13693183   
516.76723459   
517.57054819   
521.68863003   
530.11508260   
527.61180604   
526.71709231   
518.29504347   
522.53838943   
520.86747485   
523.34349328   
523.37512798   
521.38436875   
532.44428987   
521.84021638   
528.48436215   
528.60089349   
525.94616079   
523.66837943   
525.81959531   
525.59783963   
525.80750458   
536.88961317   
528.35815042   
525.93090482   
537.85594544   
523.56265830   
523.41205100   
526.88384978   
522.94440845   
532.34106843   
542.92811343   
518.96919769   
525.89267842   
517.05315902   
519.72740851   
526.27007347   
520.70605575   
522.43004790   
524.50640282   
520.84093533   
522.53841253   
529.09974272   
520.61097968   
520.54455439   
525.13717654   
520.52092057   
521.03326337   
530.43453460   
522.48325530   
520.70367057   
518.10668847   
515.89007956   
519.63488346   
516.89894050   
520.37625761   
530.86864270   
519.45592752   
520.54381143   
525.92497972   
538.83631042   
528.57296702   
524.71412004   
545.81913882   
547.49829646   
519.68625600   
523.93642238   
528.53721562   
523.57941468   
520.07569878   
523.74579384   
521.78522839   
525.81028436   
523.95319604   
530.29085524   
522.59736380   
532.90351710   
532.97099053   
531.45017631   
519.97736218   
520.18602394   
521.49762882   
523.95650354   
520.92659362   
520.57628702   
524.27389154   
522.77106168   
527.98482392   
531.67719089   
524.08009021   
531.88297854   
534.82863357   
525.18945431   
542.21435625   
533.34520722   
525.63973368   
524.57353880   
528.66829269   
537.96383382   
532.59684210   
543.53747427   
525.56989772   
534.74540903   
518.76389781   
525.74145286   
522.47064024   
533.74292178   
530.74913525   
518.35278466   
521.07017521   
520.38500072   
523.41963613   
525.85745503   
521.43287930   
533.39089980   
524.92565627   
525.54930060   
522.27170456   
521.09394426   
532.28319167   
520.07840981   
518.70960191   
526.00468239   
520.32170862   
527.23825375   
524.13283662   
526.43895921   
539.97767038   
526.93763499   
523.48115677   
526.40357406   
529.82408349   
527.57396247   
526.25867321   
531.71263184   
553.69813248   
530.69755646   
533.51253255   
528.80686499   
528.00247581   
526.92309576   
524.21403374   
536.64112795   
521.67786729   
521.67183849   
531.66535817   
524.68471492   
519.16284068   
529.35555433   
521.39736230   
524.36808406   
518.77262555   
518.26930192   
524.00245923   
518.55054659   
527.47132220   
527.21272654   
544.34590581   
522.35008471   
528.69657696   
520.86623159   
520.17984011   
516.44034861   
518.05641757   
526.92444620   
525.81682114   
523.27640225   
528.61402596   
523.04682758   
519.62403881   
520.51521327   
545.69704733   
520.22317184   
517.04414600   
521.66879710   
527.71314755   
544.80358010   
525.95297912   
521.45276221   
520.04253444   
518.70722312   
517.24030806   
522.66984248   
517.32465922   
530.16372120   
521.90925519   
521.92899125   
524.38926087   
526.60613641   
521.02352674   
524.19522411   
528.27368741   
521.88557714   
520.31036125   
519.85199713   
528.84110257   
525.47887688   
536.85619574   
531.66387403   
519.99788161   
527.29447734   
521.32724285   
523.85366542   
532.07273443   
519.80240658   
524.86065034   
525.79692705   
523.61414736   
520.96536077   
532.50982201   
520.58924289   
529.43881610   
528.35378076   
530.50405117   
527.43060385   
524.26757864   
520.92394831   
524.20060847   
523.02234030   
520.36553551   
517.96266583   
529.53468118   
521.26652015   
518.79486468   
520.84783099   
522.59521771   
523.31803880   
523.24151378   
519.73375811   
524.36875196   
524.93319164   
519.10219282   
519.66659256   
524.15815794   
518.41407655   
520.86938881   
520.05856681   
526.20809254   
524.00211657   
519.45988194   
526.08849922   
528.68799512   
531.45245970   
530.22842795   
523.01980180   
520.45749278   
523.30716495   
528.05459147   
524.27189970   
529.09350639   
528.46509141   
527.98455571   
532.24054269   
532.89890572   
519.23332886   
536.91227098   
521.34112351   
521.62890510   
520.33755317   
522.65533390   
524.75743798   
534.62374618   
523.38496912   
528.73617491   
529.04142803   
521.42669595   
519.69305712   
519.84031620   
522.57588453   
529.32071577   
523.72022022   
523.10991653   
519.85933107   
519.52463833   
521.46651999   
523.88265226   
521.88763574   
520.89369845   
516.63011238   
518.64775283   
522.84416702   
530.95808811   
527.69347332   
526.32302352   
523.26745968   
523.22713216   
517.18077635   
560.20563685   
525.33052233   
543.22155002   
528.71958459   
530.05769628   
528.81899286   
524.21846809   
519.36922106   
548.75690704   
521.47907070   
517.79027518   
520.83232441   
523.43879485   
526.39284584   
516.14031721   
520.99017066   
524.04368365   
522.79197492   
525.10583557   
527.57956383   
520.89123444   
521.05600010   
519.51581856   
522.50404114   
522.72305413   
522.58774106   
525.03492846   
519.79290085   
522.10786782   
520.70720099   
520.80066309   
524.47349994   
520.17658888   
521.32557817   
523.28999581   
524.26838762   
520.05329439   
530.02853036   
522.52834815   
524.05563770   
524.32086952   
523.28574027   
540.58307592   
519.69077478   
530.62111761   
523.49491011   
532.29226875   
519.75812699   
532.85518460   
519.22934067   
521.22223718   
519.49109948   
522.37119465   
520.41811378   
532.27408835   
524.07295499   
523.76606251   
524.38692725   
521.21609793   
522.05926851   
523.12374510   
528.89801722   
521.14899307   
528.25252595   
524.29462708   
523.32913152   
521.91062145   
528.30436594   
520.87051509   
528.48527110   
525.38363878   
520.55034147   
525.27389529   
524.25342422   
520.04943006   
519.33542602   
522.18067212   
519.84759181   
521.64701432   
516.86389652   
529.31321525   
534.00589762   
517.10400727   
522.59621138   
518.62700165   
530.98229842   
529.39715502   
522.61968783   
523.02097369   
523.03465192   
525.73077266   
517.02631769   
530.97959464   
523.44954202   
526.68686964   
528.13634542   
523.66240748   
534.77728434   
525.05530988   
522.18913307   
520.92498270   
524.73738228   
525.11227168   
530.27458982   
518.38591272   
519.88047201   
522.89300416   
521.23364430   
537.71383333   
527.92157144   
523.74776491   
533.57755042   
529.98061898   
534.43527067   
524.00076848   
535.73441169   
522.92561871   
522.87492786   
520.38983987   
523.90535483   
537.93757862   
537.82878298   
524.06011483   
528.53824387   
525.45550339   
533.22291011   
525.91551270   
520.04354349   
533.03048902   
533.05367172   
520.26672887   
533.15069019   
540.02551042   
531.36494903   
524.90148434   
531.71362660   
527.43101955   
518.26706294   
527.37560239   
521.38810170   
523.52974814   
520.00659261   
530.95494532   
522.18493812   
547.27692053   
528.99192924   
524.73364307   
526.05469668   
521.57337109   
520.33064826   
529.30682257   
527.75971262   
521.73262090   
524.49682090   
527.08808230   
521.52046600   
519.09050337   
524.58151378   
525.71605868   
525.62041773   
524.61337088   
525.44862870   
525.12482902   
528.01696677   
519.01232953   
531.50995482   
518.81264279   
527.37201003   
537.40583878   
526.31033478   
520.31049212   
521.94352144   
524.62571682   
528.15208116   
523.25694223   
522.67948684   
528.47180784   
527.15804824   
522.91984831   
528.02831941   
532.31292365   
524.20803851   
538.07382200   
521.61485051   
536.41296755   
518.25181604   
523.28215472   
521.68281773   
519.40952795   
519.24656564   
527.67016412   
516.91087838   
517.70689528   
534.04757054   
520.05608757   
523.87868490   
523.67028269   
522.21561629   
523.67998085   
523.75734610   
516.24491684   
519.72493284   
520.29573880   
524.20469913   
521.01522612   
526.48718828   
525.26753522   
518.63687383   
520.97517219   
521.00914308   
532.74821823   
525.03218643   
534.91884040   
529.34378701   
519.36983807   
531.38369863   
523.07604978   
522.10202943   
523.93337197   
520.62069004   
524.51200822   
523.01921903   
519.33280358   
519.78897876   
521.97250342   
519.16178382   
520.92673519   
519.98121496   
521.07699815   
527.57642912   
527.86821477   
518.01883704   
520.89113176   
525.66352769   
524.61103319   
522.26172206   
536.18621478   
523.00790915   
519.44854049   
520.51909897   
530.70655440   
549.76892514   
542.77343426   
523.92404765   
536.00078323   
518.50390196   
519.13563671   
525.99343151   
528.36013074   
520.89421962   
535.21659042   
520.18259837   
525.68800077   
526.20301454   
521.95525100   
522.53772994   
519.59905227   
519.94659499   
526.70512636   
516.83782547   
524.68049975   
520.80490986   
517.97099940   
528.57496835   
522.85400161   
528.25252330   
531.00954223   
522.26785601   
526.49898608   
517.03375814   
524.17021990   
535.99836676   
544.83627323   
527.29960825   
541.89743263   
528.88325772   
534.15045145   
544.37810219   
531.57279713   
523.83704467   
522.24960662   
528.99279170   
530.15808173   
522.41394659   
526.90990916   
530.15189515   
524.53550580   
529.12929299   
543.70514854   
524.16981891   
528.95109566   
528.42202665   
527.05228209   
524.27076912   
522.29667359   
522.87037828   
532.58111041   
528.01858437   
523.45565264   
522.00692932   
522.43466038   
527.05372974   
533.42642276   
526.39199713   
524.11537092   
524.95575794   
521.61886452   
539.07805775   
528.20756651   
537.61699350   
526.26719694   
528.03575472   
534.36186251   
521.97525923   
538.49722086   
528.71952658   
534.93995383   
531.47687915   
541.76229286   
536.88943136   
528.26248897   
529.36499344   
528.01223909   
523.06785755   
528.86168633   
522.36858721   
528.92650202   
519.19398808   
527.16647491   
532.71671404   
529.09283584   
519.50326660   
522.07447115   
524.82777766   
519.37898537   
531.09524115   
521.18883715   
526.41344706   
529.85413247   
523.83463239   
528.55073499   
527.07538996   
530.22170873   
529.11688270   
525.33471453   
526.46842447   
522.37739701   
519.07052894   
526.50653954   
529.95284415   
523.61645917   
535.65814718   
523.47214138   
529.87259741   
528.85391804   
523.51522577   
529.25849380   
526.76910216   
527.61692601   
522.95946907   
519.56865728   
523.85451442   
521.34922921   
522.38736238   
524.32275886   
519.84052207   
522.22013722   
523.67832400   
526.41242318   
525.04178550   
521.52584486   
517.50606744   
529.34288248   
524.85292493   
521.49317689   
520.84963792   
520.81043955   
521.90047760   
521.62119724   
521.09319876   
518.19646170   
528.27563742   
519.87592233   
522.57287327   
536.84037488   
521.09213081   
529.29724891   
519.40290449   
520.31749708   
523.28677843   
521.13519080   
524.13153179   
520.55881118   
535.73351229   
527.82416348   
528.30806331   
523.19994797   
522.95117065   
531.16234609   
537.74546794   
531.65748999   
527.65876063   
526.74191138   
529.08454544   
539.08952327   
526.50965864   
530.97925895   
524.72430245   
535.21565374   
528.16733703   
530.33499299   
532.26996192   
532.70031788   
533.60058580   
534.65663465   
530.18087454   
528.94827871   
537.63884419   
522.35596276   
527.72668823   
520.82283909   
521.62643254   
526.84511403   
529.49253818   
530.88351416   
525.40057997   
522.97242907   
522.55641019   
520.98788931   
527.39534836   
523.35171031   
525.09345045   
538.71744976   
523.38577039   
530.12526695   
523.90006424   
