1755.80011040   
1749.91902551   
1694.70995621   
1683.57971364   
1453.32048910   
1372.28571001   
1345.92263411   
1256.93941498   
1236.79776418   
1222.94365116   
1214.32991366   
1173.82509397   
1055.45743068   
1038.37895377   
1035.10384717   
1029.95405951   
1015.44716104   
954.61986051   
924.16093605   
901.27264973   
852.39145302   
814.53636625   
799.81206781   
803.27923144   
788.55359790   
783.00657991   
780.05642972   
767.62188310   
763.42308940   
761.84329607   
728.87074369   
721.68471401   
718.87698249   
707.09127115   
708.44412518   
698.92481981   
697.38989788   
703.30411417   
692.55184144   
685.75553911   
684.30097665   
682.30546690   
673.20824289   
675.36382735   
665.93080592   
653.96726949   
651.97942235   
650.85247068   
652.23579200   
645.01338170   
645.45618398   
649.42454649   
646.58733212   
637.08658070   
629.55325900   
624.25881755   
623.04053157   
619.26293715   
621.98369986   
615.51118258   
616.35259683   
613.19935706   
609.01655565   
618.19947280   
616.54130202   
616.38965841   
617.81026612   
607.66810885   
609.57751832   
601.73034384   
603.86776655   
599.17496676   
592.02226267   
590.97351254   
587.04082163   
591.54147885   
591.44773095   
592.35683394   
594.80335319   
600.54593876   
599.42488863   
598.72086058   
596.23909376   
592.33457383   
589.72566315   
582.98618566   
585.62827635   
578.73156486   
578.10290041   
575.13746869   
575.51751868   
572.98990678   
573.22002111   
574.15222432   
568.18218054   
567.85496566   
567.43606029   
569.75385835   
564.00551756   
566.67138762   
567.94103345   
564.91649717   
564.02901895   
559.44618565   
560.05284479   
558.88254579   
560.51935507   
559.25238764   
557.62984274   
558.82410681   
558.87827484   
560.41317005   
557.06306711   
558.45202506   
559.96710226   
559.14564352   
554.30064427   
558.49840660   
558.25958832   
557.96761862   
557.31933651   
559.49937553   
557.85051839   
557.42990990   
555.40054365   
554.78506735   
556.86993043   
556.35489823   
554.54644988   
554.76758758   
552.53784057   
556.02664783   
553.20633266   
548.24385230   
550.00726940   
550.48891770   
553.40432669   
553.28546654   
555.20247772   
556.88877763   
554.43425120   
551.97307562   
547.97854530   
547.85369922   
546.52191111   
549.29180063   
551.96891125   
550.98619615   
547.10426021   
548.39874520   
544.74598464   
543.88912943   
544.17245671   
542.96365809   
544.38161826   
541.84680150   
540.74887784   
533.45644642   
534.66607823   
530.97999738   
528.51878142   
528.89248389   
528.78015298   
530.86204285   
527.27594440   
524.95765403   
525.50217982   
521.58105977   
522.99622608   
521.62563640   
519.81156491   
525.18741931   
522.44099896   
519.22745635   
519.53859117   
520.26425407   
522.47841959   
522.53149069   
523.72697716   
524.65128503   
528.63348430   
526.12194412   
527.14144710   
530.01731210   
528.40295040   
530.95204703   
525.49725696   
522.71144297   
520.59123102   
522.68573296   
525.60372285   
521.82182726   
519.41032936   
519.40516428   
527.54112260   
524.15791583   
523.15993948   
526.33236386   
519.25809848   
520.04492581   
521.54735815   
520.42150828   
523.81653839   
522.42417059   
525.12526390   
517.95992084   
520.62756508   
518.25944191   
517.61657223   
517.50976123   
521.56705107   
518.69768325   
517.46133835   
518.84697221   
517.67124781   
518.95435021   
518.58423533   
518.44756426   
519.33117788   
518.68189547   
526.47361474   
519.99612536   
518.33963376   
519.52956909   
521.26455455   
521.25287350   
519.68185919   
521.07581427   
520.99235889   
525.11718819   
520.40314537   
521.54998525   
527.12540054   
528.89158203   
523.15534444   
525.20123841   
524.31256847   
522.56828459   
521.87980968   
520.22939830   
522.21020358   
518.89108366   
516.76723459   
517.57054819   
520.86747485   
521.38436875   
523.66837943   
528.35815042   
525.93090482   
523.56265830   
523.41205100   
522.94440845   
518.96919769   
517.05315902   
515.89007956   
516.89894050   
519.45592752   
520.54381143   
519.68625600   
520.07569878   
523.74579384   
521.78522839   
525.81028436   
523.95319604   
522.59736380   
519.97736218   
520.18602394   
520.92659362   
520.57628702   
522.77106168   
525.63973368   
524.57353880   
525.56989772   
518.76389781   
518.35278466   
521.07017521   
520.38500072   
521.43287930   
522.27170456   
521.09394426   
520.07840981   
518.70960191   
520.32170862   
524.13283662   
523.48115677   
526.40357406   
526.25867321   
528.80686499   
528.00247581   
526.92309576   
524.21403374   
521.67786729   
521.67183849   
519.16284068   
518.77262555   
518.26930192   
518.55054659   
516.44034861   
518.05641757   
520.51521327   
520.22317184   
517.04414600   
517.24030806   
517.32465922   
519.85199713   
519.99788161   
521.32724285   
519.80240658   
520.96536077   
520.58924289   
520.36553551   
517.96266583   
518.41407655   
520.05856681   
519.45988194   
520.45749278   
523.30716495   
524.27189970   
519.23332886   
521.34112351   
521.62890510   
520.33755317   
521.42669595   
519.69305712   
519.84031620   
519.85933107   
519.52463833   
521.46651999   
523.88265226   
521.88763574   
520.89369845   
516.63011238   
517.18077635   
516.14031721   
519.22934067   
519.49109948   
520.41811378   
520.87051509   
520.55034147   
520.04943006   
519.33542602   
519.84759181   
516.86389652   
517.10400727   
518.62700165   
517.02631769   
519.88047201   
521.23364430   
524.00076848   
522.92561871   
522.87492786   
520.38983987   
520.04354349   
520.26672887   
518.26706294   
523.52974814   
520.00659261   
520.33064826   
521.73262090   
521.52046600   
519.09050337   
519.01232953   
518.81264279   
520.31049212   
521.61485051   
518.25181604   
521.68281773   
519.40952795   
519.24656564   
516.91087838   
516.24491684   
520.97517219   
521.00914308   
519.36983807   
519.33280358   
519.78897876   
519.16178382   
518.01883704   
519.44854049   
520.51909897   
518.50390196   
519.13563671   
520.18259837   
519.59905227   
519.94659499   
516.83782547   
517.97099940   
522.85400161   
522.26785601   
517.03375814   
524.17021990   
528.88325772   
523.83704467   
522.24960662   
522.41394659   
524.53550580   
524.16981891   
524.27076912   
522.29667359   
522.87037828   
523.45565264   
522.00692932   
521.61886452   
521.97525923   
528.71952658   
531.47687915   
528.26248897   
529.36499344   
528.01223909   
523.06785755   
522.36858721   
519.19398808   
519.50326660   
522.07447115   
524.82777766   
519.37898537   
521.18883715   
522.37739701   
519.07052894   
523.61645917   
523.47214138   
523.51522577   
522.95946907   
519.56865728   
519.84052207   
521.52584486   
517.50606744   
519.40290449   
521.13519080   
520.55881118   
523.19994797   
522.95117065   
531.65748999   
527.65876063   
526.74191138   
526.50965864   
524.72430245   
522.35596276   
520.82283909   
521.62643254   
520.98788931   
525.09345045   
523.38577039   
523.90006424   
