5.14000000   132.78000000   87.73000000   -18.86000000   25.67827548   99.74925319   18.96883520   0.45949179   
5.14000000   132.78000000   87.73000000   -18.86000000   25.69662916   99.73330246   19.13203914   0.58638480   
5.14000000   132.78000000   87.73000000   -18.86000000   25.69802952   99.72809587   19.72861399   0.69190616   
5.14000000   132.78000000   87.73000000   -18.86000000   25.70430721   99.72002810   19.60907624   0.52772852   
5.14000000   132.78000000   87.73000000   -18.86000000   25.72151323   99.73897762   19.34731498   0.52780596   
5.14000000   132.78000000   87.73000000   -18.86000000   25.71079739   99.71565642   18.71116755   0.49523458   
5.14000000   132.78000000   87.73000000   -18.86000000   25.71183774   99.70285415   18.58619322   0.34350091   
5.14000000   132.78000000   87.73000000   -18.86000000   25.73559649   99.71169756   18.34383653   0.29497114   
5.14000000   132.78000000   87.73000000   -18.86000000   25.73174552   99.70939999   18.09941007   0.28471605   
5.14000000   132.78000000   87.73000000   -18.86000000   25.75330238   99.71447520   17.38065444   0.19081824   
5.14000000   132.78000000   87.73000000   -18.86000000   25.75810420   99.71131768   17.06352189   0.17121639   
5.14000000   132.78000000   87.73000000   -18.86000000   25.74028005   99.72758498   17.16828954   0.38906238   
5.14000000   132.78000000   87.73000000   -18.86000000   25.72440596   99.72610325   17.21856190   0.73323562   
5.14000000   132.78000000   87.73000000   -18.86000000   25.73139646   99.72388752   17.35991548   0.74518661   
5.14000000   132.78000000   87.73000000   -18.86000000   25.75925246   99.70181272   17.40217474   0.92274240   
5.14000000   132.78000000   87.73000000   -18.86000000   25.77240124   99.70939981   17.28897883   0.89175551   
5.14000000   132.78000000   87.73000000   -18.86000000   25.75121027   99.72094454   17.00011012   0.90425808   
5.14000000   132.78000000   87.73000000   -18.86000000   25.75879609   99.71690471   17.47213004   0.98346795   
5.14000000   132.78000000   87.73000000   -18.86000000   25.76119510   99.71960656   17.09356059   1.05422382   
5.14000000   132.78000000   87.73000000   -18.86000000   25.77946131   99.71584794   17.43721785   0.97957873   
5.14000000   132.78000000   87.73000000   -18.86000000   25.77912162   99.71428027   17.45970277   0.89456039   
5.14000000   132.78000000   87.73000000   -18.86000000   25.76465290   99.71179206   17.11736553   0.86465441   
5.14000000   132.78000000   87.73000000   -18.86000000   25.76433990   99.70055646   17.14007578   0.73206434   
5.14000000   132.78000000   87.73000000   -18.86000000   25.75061947   99.70998274   16.65274518   0.64823281   
5.14000000   132.78000000   87.73000000   -18.86000000   25.75646942   99.72432096   15.74882936   0.44079651   
5.14000000   132.78000000   87.73000000   -18.86000000   25.77000745   99.70214499   15.87223190   0.36237033   
5.14000000   132.78000000   87.73000000   -18.86000000   25.75527683   99.70503566   15.64860332   0.46667684   
5.14000000   132.78000000   87.73000000   -18.86000000   25.76967984   99.70480835   15.93849559   0.61560729   
5.14000000   132.78000000   87.73000000   -18.86000000   25.77426558   99.71140768   14.84479784   0.65367765   
5.14000000   132.78000000   87.73000000   -18.86000000   25.77678195   99.72916156   14.25693034   0.86736466   
5.14000000   132.78000000   87.73000000   -18.86000000   25.77276085   99.72244923   13.88767835   0.96949809   
5.14000000   132.78000000   87.73000000   -18.86000000   25.76273693   99.71677193   14.09644300   0.89602757   
5.14000000   132.78000000   87.73000000   -18.86000000   25.76312074   99.70346855   13.43920356   0.88716170   
5.14000000   132.78000000   87.73000000   -18.86000000   25.76294162   99.74730180   13.00144977   0.91737347   
5.14000000   132.78000000   87.73000000   -18.86000000   25.77263556   99.73330225   13.21892301   1.02027682   
5.14000000   132.78000000   87.73000000   -18.86000000   25.77845461   99.73063852   13.20755875   0.94266070   
5.14000000   132.78000000   87.73000000   -18.86000000   25.77058164   99.70044972   13.89642339   0.86222481   
5.14000000   132.78000000   87.73000000   -18.86000000   25.77342558   99.70843657   14.07185238   0.68923966   
5.14000000   132.78000000   87.73000000   -18.86000000   25.74103590   99.70230627   13.56756755   0.65157318   
5.14000000   132.78000000   87.73000000   -18.86000000   25.76145422   99.72839591   12.97511375   0.83351541   
5.14000000   132.78000000   87.73000000   -18.86000000   25.75896490   99.71010248   12.93116150   0.85306485   
5.14000000   132.78000000   87.73000000   -18.86000000   25.74072830   99.70959729   13.67999239   0.93665515   
5.14000000   132.78000000   87.73000000   -18.86000000   25.74639840   99.70839707   13.60956140   1.00046205   
5.14000000   132.78000000   87.73000000   -18.86000000   25.74001265   99.71483779   13.79572533   0.91266116   
5.14000000   132.78000000   87.73000000   -18.86000000   25.75124212   99.72391077   13.52283164   0.88675640   
5.14000000   132.78000000   87.73000000   -18.86000000   25.75273491   99.70637792   13.27657357   0.72239773   
5.14000000   132.78000000   87.73000000   -18.86000000   25.75097686   99.72655844   12.69069744   0.98768178   
5.14000000   132.78000000   87.73000000   -18.86000000   25.74113599   99.74043945   11.38536162   0.95846014   
5.14000000   132.78000000   87.73000000   -18.86000000   25.75003602   99.72781418   10.60551717   0.67068490   
5.14000000   132.78000000   87.73000000   -18.86000000   25.73082918   99.72153258   10.08375674   0.68736312   
5.14000000   132.78000000   87.73000000   -18.86000000   25.72420174   99.70867760   9.69938848   0.65278096   
5.14000000   132.78000000   87.73000000   -18.86000000   25.75390796   99.72954897   9.35462794   0.71617402   
5.14000000   132.78000000   87.73000000   -18.86000000   25.73313202   99.74966255   9.15260722   0.67314069   
5.14000000   132.78000000   87.73000000   -18.86000000   25.70790929   99.71469656   8.76172350   0.56167664   
5.14000000   132.78000000   87.73000000   -18.86000000   25.72355064   99.71079257   9.97535693   0.55335164   
5.14000000   132.78000000   87.73000000   -18.86000000   25.71345965   99.70821838   9.47781359   0.43704210   
5.14000000   132.78000000   87.73000000   -18.86000000   25.75378313   99.71239254   10.36956607   0.40554340   
5.14000000   132.78000000   87.73000000   -18.86000000   25.73602525   99.71769209   10.08113482   0.60173034   
5.14000000   132.78000000   87.73000000   -18.86000000   25.73140170   99.72148097   9.70431510   0.52901511   
5.14000000   132.78000000   87.73000000   -18.86000000   25.75310152   99.71136295   9.67126977   0.59458683   
5.14000000   132.78000000   87.73000000   -18.86000000   25.72827262   99.73106404   9.42457185   0.65421324   
5.14000000   132.78000000   87.73000000   -18.86000000   25.70245549   99.72918856   8.62935808   0.68663106   
5.14000000   132.78000000   87.73000000   -18.86000000   25.71949249   99.74495565   8.23927451   0.53636900   
5.14000000   132.78000000   87.73000000   -18.86000000   25.71588821   99.73438367   8.04873730   0.66137523   
5.14000000   132.78000000   87.73000000   -18.86000000   25.70562821   99.74692058   7.83281028   0.58624513   
5.14000000   132.78000000   87.73000000   -18.86000000   25.71660860   99.72702993   7.98099971   0.57804866   
5.14000000   132.78000000   87.73000000   -18.86000000   25.70113810   99.73781682   8.06133500   0.41563126   
5.14000000   132.78000000   87.73000000   -18.86000000   25.71075321   99.73691414   8.22052025   0.31813793   
5.14000000   132.78000000   87.73000000   -18.86000000   25.72049713   99.71853873   8.48467245   0.29145203   
5.14000000   132.78000000   87.73000000   -18.86000000   25.73746210   99.71457434   8.50528638   0.19786592   
5.14000000   132.78000000   87.73000000   -18.86000000   25.74117153   99.72053777   7.55992121   0.13628690   
5.14000000   132.78000000   87.73000000   -18.86000000   25.72928978   99.73859939   7.00771334   0.17452803   
5.14000000   132.78000000   87.73000000   -18.86000000   25.74881393   99.75099700   6.55722792   0.21431864   
5.14000000   132.78000000   87.73000000   -18.86000000   25.73648003   99.73829002   6.30319386   0.23088595   
5.14000000   132.78000000   87.73000000   -18.86000000   25.74396101   99.73137945   5.74669134   0.26925358   
5.14000000   132.78000000   87.73000000   -18.86000000   25.73500862   99.72262092   5.73724042   0.18776502   
5.14000000   132.78000000   87.73000000   -18.86000000   25.71475678   99.73913037   5.23316923   0.24351541   
5.14000000   132.78000000   87.73000000   -18.86000000   25.74574573   99.75965116   5.16119329   0.18987925   
5.14000000   132.78000000   87.73000000   -18.86000000   25.75347423   99.76774272   5.21251319   0.26685822   
5.14000000   132.78000000   87.73000000   -18.86000000   25.74125557   99.76099508   4.51548779   0.35774995   
5.14000000   132.78000000   87.73000000   -18.86000000   25.73231311   99.77766127   4.15150763   0.48690423   
5.14000000   132.78000000   87.73000000   -18.86000000   25.73204778   99.77530473   4.02940210   0.49258125   
5.14000000   132.78000000   87.73000000   -18.86000000   25.71947467   99.73970386   3.70448128   0.49911082   
5.14000000   132.78000000   87.73000000   -18.86000000   25.69658906   99.75183606   3.20479226   0.41619169   
5.14000000   132.78000000   87.73000000   -18.86000000   25.71251245   99.72526574   2.89474607   0.40273114   
5.14000000   132.78000000   87.73000000   -18.86000000   25.72064226   99.73753219   3.42571135   0.32947593   
5.14000000   132.78000000   87.73000000   -18.86000000   25.70863779   99.75857914   3.65034737   0.13486339   
5.14000000   132.78000000   87.73000000   -18.86000000   25.73162218   99.75075555   4.01042991   0.26965607   
5.14000000   132.78000000   87.73000000   -18.86000000   25.70973283   99.73593267   2.93100378   0.35879016   
5.14000000   132.78000000   87.73000000   -18.86000000   25.72757020   99.76635437   2.80939113   0.35786515   
5.14000000   132.78000000   87.73000000   -18.86000000   25.69845987   99.75794113   2.23671192   0.42961617   
5.14000000   132.78000000   87.73000000   -18.86000000   25.71390377   99.76503808   2.18153710   0.39197294   
5.14000000   132.78000000   87.73000000   -18.86000000   25.75092330   99.75256196   3.15916570   0.21917416   
5.14000000   132.78000000   87.73000000   -18.86000000   25.72200706   99.77120710   2.11126810   0.15744760   
5.14000000   132.78000000   87.73000000   -18.86000000   25.72266631   99.76314946   2.01282575   0.11632361   
5.14000000   132.78000000   87.73000000   -18.86000000   25.71015921   99.77293475   1.46092494   -0.12345851   
5.14000000   132.78000000   87.73000000   -18.86000000   25.70321014   99.76175832   1.15856433   -0.32189982   
5.14000000   132.78000000   87.73000000   -18.86000000   25.71199353   99.74334694   1.51767189   -0.27925504   
5.14000000   132.78000000   87.73000000   -18.86000000   25.73166320   99.73536535   1.93052958   -0.34484317   
5.14000000   132.78000000   87.73000000   -18.86000000   25.73281197   99.73490451   2.12078144   -0.29842085   
5.14000000   132.78000000   87.73000000   -18.86000000   25.74760024   99.74518055   1.42969077   -0.44522847   
5.14000000   132.78000000   87.73000000   -18.86000000   25.73552729   99.72284154   1.31130427   -0.50371811   
5.14000000   132.78000000   87.73000000   -18.86000000   25.74205558   99.76275582   1.35219257   -0.45486204   
5.14000000   132.78000000   87.73000000   -18.86000000   25.73409595   99.75640915   1.28427029   -0.59229817   
5.14000000   132.78000000   87.73000000   -18.86000000   25.73457497   99.74665797   1.51999580   -0.68047602   
5.14000000   132.78000000   87.73000000   -18.86000000   25.75383264   99.73741563   1.24071877   -0.52612063   
5.14000000   132.78000000   87.73000000   -18.86000000   25.75704644   99.73324546   2.15608957   -0.58523343   
5.14000000   132.78000000   87.73000000   -18.86000000   25.75032595   99.71942544   1.50198853   -0.55638655   
5.14000000   132.78000000   87.73000000   -18.86000000   25.75818956   99.75542138   1.36161048   -0.44062370   
5.14000000   132.78000000   87.73000000   -18.86000000   25.76971351   99.75363897   1.07373062   -0.42667093   
5.14000000   132.78000000   87.73000000   -18.86000000   25.74825753   99.75166452   1.22430815   -0.26734163   
5.14000000   132.78000000   87.73000000   -18.86000000   25.72780483   99.76109768   1.43865754   -0.25834817   
5.14000000   132.78000000   87.73000000   -18.86000000   25.73174917   99.76453044   1.04259562   -0.11612696   
5.14000000   132.78000000   87.73000000   -18.86000000   25.73139551   99.75583061   1.08932646   -0.13939538   
5.14000000   132.78000000   87.73000000   -18.86000000   25.70667085   99.75680166   1.04091642   -0.19453560   
5.14000000   132.78000000   87.73000000   -18.86000000   25.70411935   99.74956062   1.48512405   -0.25583387   
5.14000000   132.78000000   87.73000000   -18.86000000   25.71899631   99.75136043   1.37048388   -0.21809476   
5.14000000   132.78000000   87.73000000   -18.86000000   25.71641659   99.75602935   1.36694001   -0.13195573   
5.14000000   132.78000000   87.73000000   -18.86000000   25.70466274   99.72270305   1.14055892   -0.23147307   
5.14000000   132.78000000   87.73000000   -18.86000000   25.72864611   99.75517286   1.01083928   -0.30880605   
5.14000000   132.78000000   87.73000000   -18.86000000   25.69676354   99.73763658   1.54947441   -0.22184933   
5.14000000   132.78000000   87.73000000   -18.86000000   25.70511750   99.75963957   1.49462306   -0.04288125   
5.14000000   132.78000000   87.73000000   -18.86000000   25.69524843   99.73880973   1.27214629   -0.13910568   
5.14000000   132.78000000   87.73000000   -18.86000000   25.70532563   99.74495031   1.41086875   -0.19146161   
5.14000000   132.78000000   87.73000000   -18.86000000   25.72363649   99.76486014   1.00120109   -0.31399019   
5.14000000   132.78000000   87.73000000   -18.86000000   25.73251224   99.75115017   1.31336152   -0.52728990   
5.14000000   132.78000000   87.73000000   -18.86000000   25.73066260   99.73788823   1.49009065   -0.58124064   
5.14000000   132.78000000   87.73000000   -18.86000000   25.73125037   99.74800124   1.30715545   -0.54453008   
5.14000000   132.78000000   87.73000000   -18.86000000   25.72702653   99.74351701   1.14506517   -0.59237898   
5.14000000   132.78000000   87.73000000   -18.86000000   25.72861488   99.74527420   1.20804244   -0.52251961   
5.14000000   132.78000000   87.73000000   -18.86000000   25.71753253   99.74391645   1.15967651   -0.46012381   
5.14000000   132.78000000   87.73000000   -18.86000000   25.72613142   99.74951296   1.02820558   -0.62057918   
5.14000000   132.78000000   87.73000000   -18.86000000   25.72770696   99.74926658   1.74450308   -0.50593834   
5.14000000   132.78000000   87.73000000   -18.86000000   25.71086755   99.73196019   1.65818730   -0.50886480   
5.14000000   132.78000000   87.73000000   -18.86000000   25.72849921   99.72124006   1.40978321   -0.43875317   
5.14000000   132.78000000   87.73000000   -18.86000000   25.74569357   99.72579243   1.37490825   -0.54503544   
5.14000000   132.78000000   87.73000000   -18.86000000   25.72504460   99.76267917   1.18127323   -0.27486444   
5.14000000   132.78000000   87.73000000   -18.86000000   25.73581187   99.76245165   1.25927081   -0.30422128   
5.14000000   132.78000000   87.73000000   -18.86000000   25.71542907   99.73356752   1.34562873   -0.19713857   
5.14000000   132.78000000   87.73000000   -18.86000000   25.71304175   99.74487866   1.43339104   -0.17230216   
5.14000000   132.78000000   87.73000000   -18.86000000   25.70280484   99.74175963   1.01054388   -0.14869190   
5.14000000   132.78000000   87.73000000   -18.86000000   25.71221676   99.73004795   1.34287152   -0.16266077   
5.14000000   132.78000000   87.73000000   -18.86000000   25.72643639   99.71048434   1.17573673   -0.20848106   
5.14000000   132.78000000   87.73000000   -18.86000000   25.72530362   99.71554304   1.50257302   -0.30743066   
5.14000000   132.78000000   87.73000000   -18.86000000   25.71937504   99.72842325   1.21814691   -0.25174411   
5.14000000   132.78000000   87.73000000   -18.86000000   25.72361803   99.72147593   1.45767456   -0.39777852   
5.14000000   132.78000000   87.73000000   -18.86000000   25.72895034   99.74619937   1.75201872   -0.22021656   
5.14000000   132.78000000   87.73000000   -18.86000000   25.73063426   99.74481761   2.59200959   -0.20794889   
5.14000000   132.78000000   87.73000000   -18.86000000   25.72262704   99.73078429   1.99068251   -0.16610521   
5.14000000   132.78000000   87.73000000   -18.86000000   25.74127948   99.74827843   2.04570023   -0.06236197   
5.14000000   132.78000000   87.73000000   -18.86000000   25.72740308   99.75388815   1.79577080   -0.01027376   
5.14000000   132.78000000   87.73000000   -18.86000000   25.69732425   99.76027857   1.24602652   -0.01092010   
5.14000000   132.78000000   87.73000000   -18.86000000   25.70105875   99.74250711   1.83571176   -0.08185372   
5.14000000   132.78000000   87.73000000   -18.86000000   25.71357251   99.77484380   1.65875464   -0.10109503   
5.14000000   132.78000000   87.73000000   -18.86000000   25.71842908   99.77035052   1.03832804   -0.02437207   
5.14000000   132.78000000   87.73000000   -18.86000000   25.70900882   99.73418813   1.54004785   -0.14161849   
5.14000000   132.78000000   87.73000000   -18.86000000   25.73061839   99.74429797   1.24980970   -0.15385581   
5.14000000   132.78000000   87.73000000   -18.86000000   25.74027961   99.75756046   1.02789426   -0.28495288   
5.14000000   132.78000000   87.73000000   -18.86000000   25.73057557   99.75807284   1.16313232   -0.24343984   
5.14000000   132.78000000   87.73000000   -18.86000000   25.72788723   99.75821300   1.14156850   -0.03412000   
5.14000000   132.78000000   87.73000000   -18.86000000   25.71823605   99.76044902   1.13391505   -0.04052505   
5.14000000   132.78000000   87.73000000   -18.86000000   25.75541750   99.74282430   1.42601803   -0.13322235   
5.14000000   132.78000000   87.73000000   -18.86000000   25.72720828   99.75375144   1.26344866   -0.09026598   
5.14000000   132.78000000   87.73000000   -18.86000000   25.74544624   99.76403725   1.14867325   -0.02990540   
5.14000000   132.78000000   87.73000000   -18.86000000   25.74036032   99.75140060   1.02008024   -0.11604389   
5.14000000   132.78000000   87.73000000   -18.86000000   25.72146086   99.72678435   1.10941424   -0.17561334   
5.14000000   132.78000000   87.73000000   -18.86000000   25.72526243   99.73251564   1.67578281   -0.06131936   
5.14000000   132.78000000   87.73000000   -18.86000000   25.72396653   99.72186024   2.21419767   -0.25693182   
5.14000000   132.78000000   87.73000000   -18.86000000   25.71858814   99.74204011   2.05979466   -0.41032422   
5.14000000   132.78000000   87.73000000   -18.86000000   25.72493037   99.72960016   1.91604924   -0.27996133   
5.14000000   132.78000000   87.73000000   -18.86000000   25.73052465   99.76827159   1.40862336   -0.23139814   
5.14000000   132.78000000   87.73000000   -18.86000000   25.72951889   99.75412232   1.48774752   -0.25075454   
5.14000000   132.78000000   87.73000000   -18.86000000   25.71727904   99.76683090   1.10285231   -0.19726724   
5.14000000   132.78000000   87.73000000   -18.86000000   25.72383466   99.74824233   1.01284184   -0.08821816   
5.14000000   132.78000000   87.73000000   -18.86000000   25.71193992   99.73755664   1.17563634   -0.13120446   
5.14000000   132.78000000   87.73000000   -18.86000000   25.72786060   99.75018416   1.37393592   -0.22038548   
5.14000000   132.78000000   87.73000000   -18.86000000   25.69666358   99.75286357   1.18723655   -0.25544335   
5.14000000   132.78000000   87.73000000   -18.86000000   25.72612641   99.75111730   1.20542897   -0.27127329   
5.14000000   132.78000000   87.73000000   -18.86000000   25.72008409   99.74659420   1.65562699   -0.42336181   
5.14000000   132.78000000   87.73000000   -18.86000000   25.73077311   99.76609289   1.24278356   -0.36915622   
5.14000000   132.78000000   87.73000000   -18.86000000   25.75403748   99.73672539   1.17641862   -0.44361265   
5.14000000   132.78000000   87.73000000   -18.86000000   25.74671000   99.76007624   1.15736640   -0.46278995   
5.14000000   132.78000000   87.73000000   -18.86000000   25.71950850   99.74569740   1.16209289   -0.34956377   
5.14000000   132.78000000   87.73000000   -18.86000000   25.72761889   99.74952748   1.20865992   -0.22189842   
5.14000000   132.78000000   87.73000000   -18.86000000   25.70271261   99.74085515   1.19595544   -0.25719844   
5.14000000   132.78000000   87.73000000   -18.86000000   25.71697444   99.74184408   1.11316893   -0.28654397   
5.14000000   132.78000000   87.73000000   -18.86000000   25.75041451   99.74802717   1.04419929   -0.23172149   
5.14000000   132.78000000   87.73000000   -18.86000000   25.73771986   99.73729786   1.45311469   -0.23146700   
5.14000000   132.78000000   87.73000000   -18.86000000   25.75955845   99.74905329   1.21945300   -0.28601462   
5.14000000   132.78000000   87.73000000   -18.86000000   25.74161245   99.74730256   1.83497596   -0.28823284   
5.14000000   132.78000000   87.73000000   -18.86000000   25.74353659   99.72416465   1.84902537   -0.48793917   
5.14000000   132.78000000   87.73000000   -18.86000000   25.71526939   99.72757548   1.59097424   -0.51206364   
5.14000000   132.78000000   87.73000000   -18.86000000   25.71521129   99.74445340   1.19413934   -0.48199752   
5.14000000   132.78000000   87.73000000   -18.86000000   25.73118153   99.73871877   1.07763582   -0.44713652   
5.14000000   132.78000000   87.73000000   -18.86000000   25.73751178   99.75963012   1.07528279   -0.30348827   
5.14000000   132.78000000   87.73000000   -18.86000000   25.73584767   99.76008390   1.31934533   -0.36286541   
5.14000000   132.78000000   87.73000000   -18.86000000   25.72918636   99.76680333   1.40439357   -0.31107236   
5.14000000   132.78000000   87.73000000   -18.86000000   25.69727360   99.75032312   1.43429867   -0.40070719   
5.14000000   132.78000000   87.73000000   -18.86000000   25.72488906   99.72615159   1.12480998   -0.56402653   
5.14000000   132.78000000   87.73000000   -18.86000000   25.74849721   99.74306524   1.43372961   -0.46755163   
5.14000000   132.78000000   87.73000000   -18.86000000   25.74249128   99.77124379   1.23677599   -0.39826854   
5.14000000   132.78000000   87.73000000   -18.86000000   25.76089462   99.74765147   1.00742268   -0.44893107   
5.14000000   132.78000000   87.73000000   -18.86000000   25.75638340   99.72634566   1.00647961   -0.56412747   
5.14000000   132.78000000   87.73000000   -18.86000000   25.73384790   99.73501538   1.15025567   -0.44884092   
5.14000000   132.78000000   87.73000000   -18.86000000   25.72601265   99.72531635   1.58567683   -0.41793694   
5.14000000   132.78000000   87.73000000   -18.86000000   25.73381234   99.72345412   1.94326073   -0.57101780   
5.14000000   132.78000000   87.73000000   -18.86000000   25.73904715   99.73207823   1.37448075   -0.57436823   
5.14000000   132.78000000   87.73000000   -18.86000000   25.76333989   99.73563097   1.84783770   -0.52289618   
5.14000000   132.78000000   87.73000000   -18.86000000   25.76927508   99.72854461   1.18070996   -0.38475439   
5.14000000   132.78000000   87.73000000   -18.86000000   25.77885357   99.73273377   1.22357244   -0.44871226   
5.14000000   132.78000000   87.73000000   -18.86000000   25.75453622   99.73787855   1.24903659   -0.56172033   
5.14000000   132.78000000   87.73000000   -18.86000000   25.73595643   99.74601896   1.00760189   -0.54154350   
5.14000000   132.78000000   87.73000000   -18.86000000   25.73453467   99.73625474   1.14531214   -0.66423090   
5.14000000   132.78000000   87.73000000   -18.86000000   25.73204786   99.74768133   1.34429624   -0.64126023   
5.14000000   132.78000000   87.73000000   -18.86000000   25.71824636   99.75787673   1.06593370   -0.52937069   
5.14000000   132.78000000   87.73000000   -18.86000000   25.71491255   99.76614713   1.38693012   -0.46003306   
5.14000000   132.78000000   87.73000000   -18.86000000   25.70585937   99.71263622   1.33930498   -0.66770071   
5.14000000   132.78000000   87.73000000   -18.86000000   25.72130168   99.74801008   1.55696379   -0.77771878   
5.14000000   132.78000000   87.73000000   -18.86000000   25.73917326   99.71253106   1.30526767   -0.75214216   
5.14000000   132.78000000   87.73000000   -18.86000000   25.73413337   99.71050359   2.01053924   -0.69246372   
5.14000000   132.78000000   87.73000000   -18.86000000   25.74303885   99.70897938   1.81755736   -0.73093677   
5.14000000   132.78000000   87.73000000   -18.86000000   25.73898078   99.70713974   1.48563622   -0.80781039   
5.14000000   132.78000000   87.73000000   -18.86000000   25.72875940   99.70655278   1.56840298   -0.73698730   
5.14000000   132.78000000   87.73000000   -18.86000000   25.73807825   99.71740073   1.91027506   -0.76530742   
5.14000000   132.78000000   87.73000000   -18.86000000   25.73392992   99.70490999   1.64605524   -0.84645059   
5.14000000   132.78000000   87.73000000   -18.86000000   25.74696065   99.70791260   1.66149610   -0.91084160   
5.14000000   132.78000000   87.73000000   -18.86000000   25.75622099   99.72883510   1.80251032   -0.86991997   
5.14000000   132.78000000   87.73000000   -18.86000000   25.73433974   99.70786494   1.43493126   -0.80195557   
5.14000000   132.78000000   87.73000000   -18.86000000   25.75430171   99.71464959   1.06491178   -0.70438058   
5.14000000   132.78000000   87.73000000   -18.86000000   25.75221500   99.72032845   1.15547777   -0.54505952   
5.14000000   132.78000000   87.73000000   -18.86000000   25.73135073   99.74695548   1.09608879   -0.56873644   
5.14000000   132.78000000   87.73000000   -18.86000000   25.71243602   99.74666399   1.00057633   -0.61416712   
5.14000000   132.78000000   87.73000000   -18.86000000   25.73375836   99.71627724   1.63173994   -0.75662880   
5.14000000   132.78000000   87.73000000   -18.86000000   25.74554954   99.72399719   1.36004790   -0.81856723   
5.14000000   132.78000000   87.73000000   -18.86000000   25.72670163   99.71741919   1.15400312   -0.70985737   
5.14000000   132.78000000   87.73000000   -18.86000000   25.73012602   99.73168221   1.05968327   -0.78557517   
5.14000000   132.78000000   87.73000000   -18.86000000   25.73061174   99.72909500   1.37708792   -0.73692304   
5.14000000   132.78000000   87.73000000   -18.86000000   25.73505857   99.74014993   1.24996586   -0.80803396   
5.14000000   132.78000000   87.73000000   -18.86000000   25.74570930   99.73951830   1.47442404   -0.86509855   
5.14000000   132.78000000   87.73000000   -18.86000000   25.77751550   99.74127500   1.14774196   -0.84914190   
5.14000000   132.78000000   87.73000000   -18.86000000   25.76043337   99.75224624   1.37214947   -0.77376498   
5.14000000   132.78000000   87.73000000   -18.86000000   25.75233091   99.73408203   1.40211593   -0.77239338   
5.14000000   132.78000000   87.73000000   -18.86000000   25.73485273   99.73066721   1.57549234   -0.89633479   
5.14000000   132.78000000   87.73000000   -18.86000000   25.75007669   99.73277102   1.57880326   -0.79056916   
5.14000000   132.78000000   87.73000000   -18.86000000   25.73961528   99.72593023   1.19455932   -0.74474093   
5.14000000   132.78000000   87.73000000   -18.86000000   25.73758057   99.73120210   1.64388484   -0.70986999   
5.14000000   132.78000000   87.73000000   -18.86000000   25.75567174   99.72268049   1.18269828   -0.68588553   
5.14000000   132.78000000   87.73000000   -18.86000000   25.72057977   99.74037197   1.63442087   -0.64745048   
5.14000000   132.78000000   87.73000000   -18.86000000   25.72229089   99.73409733   1.38495211   -0.68039695   
5.14000000   132.78000000   87.73000000   -18.86000000   25.71138081   99.74043709   1.01257361   -0.70273189   
5.14000000   132.78000000   87.73000000   -18.86000000   25.72829048   99.73993122   1.24805477   -0.73343832   
5.14000000   132.78000000   87.73000000   -18.86000000   25.72793972   99.75453083   1.11619335   -0.72927934   
5.14000000   132.78000000   87.73000000   -18.86000000   25.71045379   99.73718000   1.18428609   -0.68642414   
5.14000000   132.78000000   87.73000000   -18.86000000   25.73333623   99.71809063   1.08906672   -0.63623565   
5.14000000   132.78000000   87.73000000   -18.86000000   25.71279117   99.73617452   1.13114847   -0.59663319   
5.14000000   132.78000000   87.73000000   -18.86000000   25.71630088   99.72659551   1.01004441   -0.71196663   
5.14000000   132.78000000   87.73000000   -18.86000000   25.73341925   99.74550670   1.01278390   -0.67769041   
5.14000000   132.78000000   87.73000000   -18.86000000   25.71795109   99.71879693   1.05408233   -0.78523025   
5.14000000   132.78000000   87.73000000   -18.86000000   25.72737736   99.71493341   1.11872413   -0.83987246   
5.14000000   132.78000000   87.73000000   -18.86000000   25.71616747   99.74594385   1.13146975   -0.77199817   
5.14000000   132.78000000   87.73000000   -18.86000000   25.72547585   99.73625696   1.40437589   -0.80801044   
5.14000000   132.78000000   87.73000000   -18.86000000   25.75046418   99.72856385   1.08201159   -0.65616288   
5.14000000   132.78000000   87.73000000   -18.86000000   25.74348749   99.74125530   1.08784490   -0.58681837   
5.14000000   132.78000000   87.73000000   -18.86000000   25.72887562   99.73784751   1.01982133   -0.58281189   
5.14000000   132.78000000   87.73000000   -18.86000000   25.73740826   99.75005812   1.63597048   -0.49943493   
5.14000000   132.78000000   87.73000000   -18.86000000   25.71268252   99.74299888   1.48084375   -0.59203979   
5.14000000   132.78000000   87.73000000   -18.86000000   25.74828958   99.73580568   1.48745046   -0.59001132   
5.14000000   132.78000000   87.73000000   -18.86000000   25.73504201   99.72261094   1.42868247   -0.69739814   
5.14000000   132.78000000   87.73000000   -18.86000000   25.75149366   99.74296525   1.37928562   -0.88516457   
5.14000000   132.78000000   87.73000000   -18.86000000   25.72553039   99.73692970   1.01516714   -0.78923513   
5.14000000   132.78000000   87.73000000   -18.86000000   25.72572944   99.74176509   1.37356548   -0.75413567   
5.14000000   132.78000000   87.73000000   -18.86000000   25.75579010   99.74539237   1.14699152   -0.85346356   
5.14000000   132.78000000   87.73000000   -18.86000000   25.74424707   99.72981117   1.69153554   -0.83859185   
5.14000000   132.78000000   87.73000000   -18.86000000   25.72712328   99.73592296   1.60519791   -0.79522487   
5.14000000   132.78000000   87.73000000   -18.86000000   25.70971089   99.74781458   1.09734069   -0.82573452   
5.14000000   132.78000000   87.73000000   -18.86000000   25.72904397   99.74119138   1.12394066   -0.80433017   
5.14000000   132.78000000   87.73000000   -18.86000000   25.73238455   99.72979487   1.12184052   -0.94151121   
5.14000000   132.78000000   87.73000000   -18.86000000   25.72492353   99.71130582   1.18734418   -0.77431230   
5.14000000   132.78000000   87.73000000   -18.86000000   25.71802149   99.72728473   1.00971641   -0.74646937   
5.14000000   132.78000000   87.73000000   -18.86000000   25.71693668   99.72373786   1.19889262   -0.70986431   
5.14000000   132.78000000   87.73000000   -18.86000000   25.71380630   99.74243724   1.18614927   -0.61955444   
5.14000000   132.78000000   87.73000000   -18.86000000   25.71873010   99.72757288   1.11594813   -0.47353914   
5.14000000   132.78000000   87.73000000   -18.86000000   25.73638335   99.74282022   1.04830861   -0.44121500   
5.14000000   132.78000000   87.73000000   -18.86000000   25.73963730   99.73783292   1.14282265   -0.34172794   
5.14000000   132.78000000   87.73000000   -18.86000000   25.74667606   99.73404996   1.18233276   -0.34666340   
5.14000000   132.78000000   87.73000000   -18.86000000   25.73994979   99.73984235   1.52699372   -0.35669062   
5.14000000   132.78000000   87.73000000   -18.86000000   25.74951238   99.74825142   1.21930541   -0.29059982   
5.14000000   132.78000000   87.73000000   -18.86000000   25.73207445   99.74052153   1.17452433   -0.47585396   
5.14000000   132.78000000   87.73000000   -18.86000000   25.72749827   99.72556276   1.46696419   -0.31532405   
5.14000000   132.78000000   87.73000000   -18.86000000   25.73567713   99.73672756   1.83720301   -0.46036586   
5.14000000   132.78000000   87.73000000   -18.86000000   25.73380060   99.73785773   1.48517725   -0.37818629   
5.14000000   132.78000000   87.73000000   -18.86000000   25.73880548   99.73463510   1.69705596   -0.59121093   
5.14000000   132.78000000   87.73000000   -18.86000000   25.71628982   99.73956742   1.93053500   -0.46389506   
5.14000000   132.78000000   87.73000000   -18.86000000   25.69796370   99.75825176   1.21565450   -0.38217632   
5.14000000   132.78000000   87.73000000   -18.86000000   25.71161156   99.73257168   1.19908066   -0.37017652   
5.14000000   132.78000000   87.73000000   -18.86000000   25.72078033   99.75185215   1.55343249   -0.35173534   
5.14000000   132.78000000   87.73000000   -18.86000000   25.72007737   99.72871093   1.47377859   -0.30897741   
5.14000000   132.78000000   87.73000000   -18.86000000   25.72190240   99.73226831   1.20954756   -0.23196552   
5.14000000   132.78000000   87.73000000   -18.86000000   25.69867375   99.75129841   1.06735517   -0.13778117   
5.14000000   132.78000000   87.73000000   -18.86000000   25.70876711   99.74612996   1.42100808   -0.22834445   
5.14000000   132.78000000   87.73000000   -18.86000000   25.72687220   99.75771682   1.12457978   -0.11426525   
5.14000000   132.78000000   87.73000000   -18.86000000   25.73900964   99.73724035   1.41699580   -0.27144938   
5.14000000   132.78000000   87.73000000   -18.86000000   25.74575246   99.73612081   1.16828292   -0.30467046   
5.14000000   132.78000000   87.73000000   -18.86000000   25.71753247   99.73793767   1.59815622   -0.34658845   
5.14000000   132.78000000   87.73000000   -18.86000000   25.74805790   99.74055071   1.50937526   -0.19868157   
5.14000000   132.78000000   87.73000000   -18.86000000   25.73710112   99.71445372   1.29285632   -0.28883992   
5.14000000   132.78000000   87.73000000   -18.86000000   25.73137447   99.73816885   1.56634908   -0.32191197   
5.14000000   132.78000000   87.73000000   -18.86000000   25.74135882   99.74956033   1.56202503   -0.15375992   
5.14000000   132.78000000   87.73000000   -18.86000000   25.72038390   99.77316855   1.23041834   -0.33323273   
5.14000000   132.78000000   87.73000000   -18.86000000   25.71246717   99.74927688   1.50023015   -0.10205510   
5.14000000   132.78000000   87.73000000   -18.86000000   25.70499644   99.75064446   1.64579327   -0.15441106   
5.14000000   132.78000000   87.73000000   -18.86000000   25.72747596   99.74840240   1.55751805   -0.02648009   
5.14000000   132.78000000   87.73000000   -18.86000000   25.73477561   99.74624185   1.27896570   0.11622425   
5.14000000   132.78000000   87.73000000   -18.86000000   25.74340755   99.74330467   1.60056793   0.07048611   
5.14000000   132.78000000   87.73000000   -18.86000000   25.75362878   99.76326340   1.29773134   -0.01181568   
5.14000000   132.78000000   87.73000000   -18.86000000   25.73535025   99.76455096   1.85759965   -0.02592597   
5.14000000   132.78000000   87.73000000   -18.86000000   25.71699625   99.78089129   2.28108255   0.01561003   
5.14000000   132.78000000   87.73000000   -18.86000000   25.73019354   99.75251170   1.94143269   -0.08616701   
5.14000000   132.78000000   87.73000000   -18.86000000   25.75048981   99.76840997   1.63102315   -0.01791662   
5.14000000   132.78000000   87.73000000   -18.86000000   25.71816896   99.74155497   1.50735320   -0.06070619   
5.14000000   132.78000000   87.73000000   -18.86000000   25.72046311   99.77136499   1.36098176   -0.02544108   
5.14000000   132.78000000   87.73000000   -18.86000000   25.69556378   99.77280536   1.14383599   -0.06452999   
5.14000000   132.78000000   87.73000000   -18.86000000   25.69849679   99.78463744   1.83691353   -0.18559587   
5.14000000   132.78000000   87.73000000   -18.86000000   25.67306828   99.76352198   1.06261081   -0.38279851   
5.14000000   132.78000000   87.73000000   -18.86000000   25.68627179   99.73984351   1.07127801   -0.43012801   
5.14000000   132.78000000   87.73000000   -18.86000000   25.68156768   99.72783152   1.05513565   -0.34832858   
5.14000000   132.78000000   87.73000000   -18.86000000   25.70772521   99.70908302   1.61631726   -0.32170911   
5.14000000   132.78000000   87.73000000   -18.86000000   25.70017707   99.71589841   1.51876768   -0.44446325   
5.14000000   132.78000000   87.73000000   -18.86000000   25.72641476   99.73249407   1.76432694   -0.40847152   
5.14000000   132.78000000   87.73000000   -18.86000000   25.72029207   99.75176332   1.43004973   -0.28518050   
5.14000000   132.78000000   87.73000000   -18.86000000   25.72207268   99.73794529   1.16113934   -0.25065740   
5.14000000   132.78000000   87.73000000   -18.86000000   25.71166902   99.74252442   1.11405008   -0.10647906   
5.14000000   132.78000000   87.73000000   -18.86000000   25.70794699   99.75443888   1.30603443   -0.05286750   
5.14000000   132.78000000   87.73000000   -18.86000000   25.73244939   99.76407402   1.17752380   -0.11185599   
5.14000000   132.78000000   87.73000000   -18.86000000   25.71956270   99.76982040   1.11604645   -0.13834311   
5.14000000   132.78000000   87.73000000   -18.86000000   25.71190518   99.76351486   1.55930534   -0.10105506   
5.14000000   132.78000000   87.73000000   -18.86000000   25.73939157   99.77346769   1.70374024   -0.05602281   
5.14000000   132.78000000   87.73000000   -18.86000000   25.75205160   99.73367671   1.85402642   -0.11024976   
5.14000000   132.78000000   87.73000000   -18.86000000   25.71955461   99.73724477   2.05362345   -0.08880724   
5.14000000   132.78000000   87.73000000   -18.86000000   25.71382576   99.76502053   2.42600233   -0.12132670   
5.14000000   132.78000000   87.73000000   -18.86000000   25.71318831   99.74072948   1.86049808   -0.21404008   
5.14000000   132.78000000   87.73000000   -18.86000000   25.73435812   99.74271996   2.06540254   -0.19143632   
5.14000000   132.78000000   87.73000000   -18.86000000   25.74657574   99.74181079   1.62495253   -0.22609619   
5.14000000   132.78000000   87.73000000   -18.86000000   25.74882098   99.74122472   1.68635325   -0.12759136   
5.14000000   132.78000000   87.73000000   -18.86000000   25.72697422   99.74708373   2.00757524   -0.18131590   
5.14000000   132.78000000   87.73000000   -18.86000000   25.71868268   99.76444511   2.04542124   -0.05521770   
5.14000000   132.78000000   87.73000000   -18.86000000   25.71107387   99.72610934   1.25459165   -0.09851152   
5.14000000   132.78000000   87.73000000   -18.86000000   25.71830524   99.73550286   1.09512016   -0.04322179   
5.14000000   132.78000000   87.73000000   -18.86000000   25.71854715   99.76540760   1.20080731   -0.07224871   
5.14000000   132.78000000   87.73000000   -18.86000000   25.73745538   99.74192523   1.55824180   -0.08066010   
5.14000000   132.78000000   87.73000000   -18.86000000   25.74860822   99.75457687   1.72860207   -0.14082220   
5.14000000   132.78000000   87.73000000   -18.86000000   25.72157880   99.76655663   1.72739574   -0.09085741   
5.14000000   132.78000000   87.73000000   -18.86000000   25.72160821   99.76774837   1.50766432   -0.04054243   
5.14000000   132.78000000   87.73000000   -18.86000000   25.70257110   99.74968461   1.06169133   -0.11295571   
5.14000000   132.78000000   87.73000000   -18.86000000   25.72922346   99.76661474   1.17018106   0.01678164   
5.14000000   132.78000000   87.73000000   -18.86000000   25.72913602   99.75364851   1.08744571   -0.05262860   
5.14000000   132.78000000   87.73000000   -18.86000000   25.73028630   99.73665142   1.01044417   -0.05131492   
5.14000000   132.78000000   87.73000000   -18.86000000   25.72781947   99.73255138   1.15813944   -0.13386104   
5.14000000   132.78000000   87.73000000   -18.86000000   25.73530046   99.73298376   1.33551049   -0.21187139   
5.14000000   132.78000000   87.73000000   -18.86000000   25.74087214   99.73652771   1.04194743   -0.00241201   
5.14000000   132.78000000   87.73000000   -18.86000000   25.71080040   99.76069517   1.64156104   -0.05674801   
5.14000000   132.78000000   87.73000000   -18.86000000   25.73174010   99.75224789   1.30566742   -0.17895832   
5.14000000   132.78000000   87.73000000   -18.86000000   25.73503857   99.75958131   1.25625440   -0.20150762   
5.14000000   132.78000000   87.73000000   -18.86000000   25.75364354   99.74389979   1.07075395   -0.20769930   
5.14000000   132.78000000   87.73000000   -18.86000000   25.75157585   99.74477534   1.42308055   -0.23172322   
5.14000000   132.78000000   87.73000000   -18.86000000   25.73233911   99.76027522   1.55492465   -0.32933803   
5.14000000   132.78000000   87.73000000   -18.86000000   25.70214020   99.77015015   1.25773737   -0.14447261   
5.14000000   132.78000000   87.73000000   -18.86000000   25.72834619   99.76188563   1.43099684   -0.33882856   
5.14000000   132.78000000   87.73000000   -18.86000000   25.70786383   99.75263126   1.37685424   -0.34776840   
5.14000000   132.78000000   87.73000000   -18.86000000   25.71402225   99.75669187   1.16681857   -0.39516827   
5.14000000   132.78000000   87.73000000   -18.86000000   25.72971223   99.73960949   1.35964598   -0.47231606   
5.14000000   132.78000000   87.73000000   -18.86000000   25.72281385   99.72822748   1.07772708   -0.33982883   
5.14000000   132.78000000   87.73000000   -18.86000000   25.73444824   99.74546015   1.20283479   -0.31939409   
5.14000000   132.78000000   87.73000000   -18.86000000   25.72661796   99.75945343   1.18951942   -0.45017761   
5.14000000   132.78000000   87.73000000   -18.86000000   25.71658171   99.74092178   1.16874121   -0.57274024   
5.14000000   132.78000000   87.73000000   -18.86000000   25.72099295   99.74597174   1.28748115   -0.56056006   
5.14000000   132.78000000   87.73000000   -18.86000000   25.73587148   99.75225635   1.24446044   -0.46287374   
5.14000000   132.78000000   87.73000000   -18.86000000   25.73497806   99.76049770   1.19359155   -0.36795911   
5.14000000   132.78000000   87.73000000   -18.86000000   25.71090184   99.75196590   1.19620973   -0.55162542   
5.14000000   132.78000000   87.73000000   -18.86000000   25.71210005   99.74349926   1.15879898   -0.61154729   
5.14000000   132.78000000   87.73000000   -18.86000000   25.70536641   99.73497977   1.14290488   -0.63865608   
5.14000000   132.78000000   87.73000000   -18.86000000   25.72420708   99.74145157   1.57645132   -0.48959247   
5.14000000   132.78000000   87.73000000   -18.86000000   25.73868341   99.75869112   1.41336292   -0.40980284   
5.14000000   132.78000000   87.73000000   -18.86000000   25.72261857   99.76751771   1.12200583   -0.44325710   
5.14000000   132.78000000   87.73000000   -18.86000000   25.76438603   99.76063076   1.00007332   -0.40680561   
5.14000000   132.78000000   87.73000000   -18.86000000   25.75871347   99.74182697   1.50358950   -0.49495124   
5.14000000   132.78000000   87.73000000   -18.86000000   25.74643019   99.72511313   1.18435705   -0.59426708   
5.14000000   132.78000000   87.73000000   -18.86000000   25.70967744   99.75191990   1.15288200   -0.44254310   
5.14000000   132.78000000   87.73000000   -18.86000000   25.72161995   99.75007238   1.99865006   -0.30387434   
5.14000000   132.78000000   87.73000000   -18.86000000   25.73003568   99.74768743   1.03153672   -0.12689181   
5.14000000   132.78000000   87.73000000   -18.86000000   25.71004039   99.74780814   1.05999285   -0.13429684   
