1239.68517167   
1269.60818248   
1206.42893566   
1244.66530018   
1240.49431293   
1167.24731338   
1253.10426221   
1243.49869068   
1162.66367493   
1172.35352456   
1129.81973221   
1245.38068852   
1138.55039266   
1201.68965275   
1158.45012847   
1081.42998767   
1121.67065302   
1056.26098538   
1121.50505081   
1053.97312758   
1231.14004894   
1030.42945797   
1038.11692667   
1076.18735798   
1045.93915926   
945.60283695   
944.39925034   
906.91573782   
857.57489113   
878.25379298   
872.87025902   
858.48718553   
816.72128496   
873.06350796   
787.09934005   
794.50858140   
778.27194150   
791.84203622   
802.75817063   
858.43231534   
795.13043291   
859.70862920   
780.90782350   
754.51069777   
743.73802001   
788.96541298   
773.51116372   
709.97851930   
694.59198571   
684.09177738   
689.20315207   
718.06587513   
705.90236211   
734.06397129   
716.95282502   
676.61472816   
684.04335888   
700.34592097   
686.94230290   
665.46989645   
693.09930130   
678.11313211   
695.37408848   
670.95194217   
674.29301407   
653.80093543   
655.80126805   
655.74330666   
669.42439260   
711.69253806   
672.01983078   
649.27973844   
657.13168000   
658.44664502   
644.70538788   
661.67191394   
648.41998935   
680.91206389   
663.69115374   
651.41640169   
672.63797501   
663.34581105   
640.18385339   
655.04970450   
638.27878019   
636.37841732   
640.18593247   
631.86528457   
644.12100661   
661.12966186   
641.18368084   
642.23456827   
624.12036044   
650.53871475   
618.97244758   
627.95600678   
625.41813688   
626.13817350   
618.01001490   
615.02765818   
625.26663254   
630.08343526   
613.58109437   
608.62090254   
610.82303262   
626.52141937   
620.35973658   
619.04336649   
609.46671172   
621.81313084   
617.31148538   
618.89362834   
619.25047533   
609.23731027   
649.82145186   
605.43720310   
604.13698281   
611.55622510   
610.84962754   
630.51986946   
624.46468684   
605.71819808   
604.99475463   
613.66872448   
599.93318608   
598.04178521   
596.63847556   
599.15213717   
611.50631105   
592.48060756   
591.57353053   
585.97371127   
589.52573159   
588.48534804   
591.82737689   
588.07583605   
591.16543483   
592.65453664   
589.16729833   
590.17905356   
599.68038258   
596.74273895   
590.67598425   
589.62685600   
591.60098657   
605.47386639   
595.69414386   
595.11559664   
593.03069387   
596.53488408   
611.87450448   
585.44410650   
596.87538641   
583.16583588   
585.67257391   
605.07172015   
589.85054169   
596.07002216   
588.27661490   
587.73026419   
600.28901336   
589.44472755   
583.45329684   
596.22373350   
589.56379693   
586.32852730   
591.24270622   
594.77943594   
589.99493534   
594.48839403   
599.09664126   
588.20482060   
586.39484639   
584.25416261   
586.46228096   
593.06744491   
590.19480311   
591.73152253   
595.96158449   
607.84977142   
588.40379909   
583.11424861   
586.55208892   
590.67772094   
580.22775244   
584.02206345   
583.67773068   
592.95487143   
587.49697151   
587.05841333   
579.92965743   
591.69852460   
578.72436106   
582.87532735   
580.10894409   
586.94319183   
594.97037037   
577.99165220   
577.53621697   
581.33398798   
578.40441347   
579.95055492   
579.61446412   
580.17693288   
579.40602345   
580.33670886   
593.29174664   
584.10497503   
580.49552430   
579.55676601   
579.41322805   
576.78145099   
576.42305061   
588.32539825   
581.26308949   
576.86346100   
580.66637737   
582.01996491   
583.15507064   
594.45845415   
578.37037646   
586.00293219   
578.49522904   
580.96775263   
584.85871864   
577.06354613   
582.28714862   
583.44981803   
586.89288643   
596.41803737   
611.07186551   
580.05199159   
579.02247262   
596.52073721   
591.96927562   
585.94654577   
592.41952952   
585.64861196   
591.94252328   
597.69862373   
591.51627070   
581.95606837   
582.70036713   
576.13732580   
598.31805062   
573.75266472   
582.24517108   
579.97875652   
582.74411170   
580.46540427   
581.66449882   
587.31825618   
571.35693238   
574.00089251   
580.05743138   
572.23107801   
573.10583372   
576.38899110   
577.87983302   
577.49271180   
586.01974654   
586.79890860   
577.58160925   
570.93389284   
569.02935784   
574.25979718   
576.55447694   
577.87403540   
577.16337294   
570.85325605   
572.30263338   
573.19394483   
594.16357195   
574.88286788   
568.60147676   
569.12999764   
579.63001721   
570.36345071   
590.92959519   
572.88771279   
567.67245160   
569.68167979   
575.47064584   
569.66101580   
573.76924456   
576.06473482   
579.64653764   
569.40810277   
570.64282522   
582.02531074   
568.59018868   
568.06907224   
594.74016399   
574.34039934   
567.48792146   
563.54344784   
567.00762116   
564.59573840   
566.11355644   
566.36075268   
567.20189237   
566.37025140   
572.25392591   
570.38895951   
566.58437523   
563.87092006   
562.37711367   
559.98957682   
560.92810940   
566.20413394   
560.98680616   
582.16699648   
563.04351246   
572.40766115   
563.18782964   
562.04570110   
560.45215073   
561.93698509   
562.28224948   
567.78248264   
560.78301439   
569.80908356   
563.10637460   
563.47847081   
566.28230983   
566.12255495   
566.49131455   
592.56025119   
564.52852626   
565.03614264   
575.29033724   
570.98816008   
568.46731513   
570.62730028   
573.19032650   
566.67863597   
576.11860297   
562.79983282   
566.83727039   
572.84497126   
565.03450917   
578.63064547   
559.31040037   
558.26761613   
558.82349799   
561.36052856   
589.70581199   
559.55784351   
556.87182122   
556.23531448   
559.17806275   
554.72313799   
558.37091662   
555.23589697   
565.34189555   
557.78741789   
552.63038700   
552.19188342   
554.30904834   
551.86424391   
569.92499449   
564.80640884   
557.56167646   
559.96947907   
573.07543385   
550.98792481   
551.53186837   
545.45883215   
563.52529879   
538.80811190   
558.00283753   
550.30967339   
545.14621091   
541.41504421   
542.25975492   
538.32882499   
539.77866636   
544.25648706   
556.74741491   
539.29899646   
545.08760057   
550.47041233   
537.23427703   
554.87511283   
547.61494296   
539.67094321   
536.45711702   
552.18434115   
546.33956146   
539.59754924   
542.88517522   
553.94680597   
545.52437230   
545.93535188   
540.99052642   
540.33034193   
539.86857629   
540.87727997   
541.47766401   
544.82372562   
555.88759437   
547.05801452   
534.09427767   
540.61955239   
522.82087231   
528.80617278   
516.80449772   
520.75631651   
521.04621356   
517.65433763   
521.52935936   
526.66049447   
526.40682968   
526.82424887   
522.04241892   
527.79081126   
525.70408902   
520.92073481   
525.99770995   
523.73976800   
525.39391552   
537.87552453   
541.15378817   
520.95094927   
528.79553560   
526.97141581   
521.31474683   
521.90733297   
521.39898234   
524.21084783   
520.37056310   
525.64932044   
520.61601361   
519.30669861   
519.01148501   
520.12197112   
522.60678856   
523.01537545   
527.64991615   
521.86216695   
522.84020392   
518.28061378   
524.95754054   
523.53769050   
540.67671816   
518.86917685   
528.26311833   
524.19540554   
528.51399941   
523.04336654   
525.08249141   
527.94680326   
527.56461552   
526.71018953   
526.81244350   
538.59425271   
529.90444908   
553.34757355   
531.33646037   
525.22926228   
526.24053483   
531.35613684   
524.28272774   
532.88873935   
525.08177540   
539.13910999   
527.37382674   
521.05555819   
525.49383699   
525.80127427   
549.17076224   
520.78513453   
524.62591526   
521.33827594   
526.10850714   
528.46729342   
532.35774182   
519.80764663   
526.85073596   
531.79936775   
523.47113529   
528.77949668   
517.69806198   
521.48837669   
519.62466406   
516.58537178   
518.46491372   
523.22046721   
523.78045437   
522.21791893   
534.79373719   
531.32967919   
517.16976212   
523.53515909   
527.38500867   
540.90809060   
518.72855367   
527.67712027   
524.13153595   
531.90698559   
525.29895090   
519.91151021   
528.60612258   
519.88716703   
525.75485758   
531.15421198   
529.28549652   
527.11602273   
524.58588210   
520.10252562   
530.86671605   
541.03191202   
526.04198348   
523.56244273   
527.72331357   
528.77148202   
522.01614975   
524.02338690   
523.10442589   
518.67669226   
524.10269325   
521.07820728   
526.01694396   
530.96127312   
528.58653416   
524.76530598   
525.68543389   
534.54188889   
525.97428932   
524.84843628   
539.48226783   
527.55385733   
522.91686378   
525.54023485   
527.38420168   
534.54285557   
530.60267621   
526.17268979   
526.62518304   
522.37973542   
521.61449824   
542.93179069   
519.72238635   
539.62539792   
526.97429768   
528.44603717   
528.03669901   
524.03973568   
529.52805124   
531.31850123   
529.59816742   
538.70488106   
527.51351669   
523.70587576   
522.44958911   
536.01205945   
523.24840912   
531.95802454   
533.08854564   
518.92470950   
522.62624999   
526.65519796   
532.04446253   
525.69133744   
523.34083599   
526.56214065   
533.35628366   
526.78348317   
527.00610624   
526.59579221   
519.72202752   
524.75494728   
527.71546827   
518.53281359   
523.10313513   
523.62714387   
521.65284090   
520.87307765   
520.49022975   
522.60024864   
527.55491208   
535.96633307   
540.18663216   
531.35653416   
523.50435213   
522.34742435   
524.72447640   
529.89428553   
532.15648537   
524.05326400   
529.63746013   
537.13784586   
524.17532372   
532.83755335   
526.39796233   
522.77261409   
530.32829291   
530.62980513   
529.96776963   
531.83136736   
528.30390383   
525.42618080   
520.32899375   
539.34008416   
521.24168137   
532.67650590   
529.12119803   
524.96956223   
522.48521481   
521.54481459   
520.04243722   
518.67237595   
523.22490105   
523.40296306   
519.02720536   
528.96445002   
528.00774071   
521.36003334   
519.59137127   
523.57268347   
517.80058512   
520.19585561   
523.60416694   
517.77567447   
522.97483329   
520.41195855   
517.18441140   
524.07949904   
524.53048199   
526.13627065   
523.08484983   
530.87033696   
523.23067678   
525.24181639   
535.09454766   
544.54378298   
535.33278365   
529.59682872   
533.32970313   
529.37189872   
558.58113629   
525.92804180   
523.37946206   
528.25219456   
534.56962964   
533.79781607   
529.92560693   
525.80858096   
527.97460431   
525.95838114   
533.66240930   
527.50716708   
536.51210677   
531.76413037   
536.54542165   
527.66755637   
551.31394808   
530.12713905   
529.49571325   
534.53856093   
524.66683626   
532.95334097   
532.84086143   
523.22687633   
537.03117165   
529.09856002   
532.74028826   
548.53223851   
541.40636939   
523.72308213   
543.70974836   
527.06934486   
527.45272542   
535.79056406   
532.31812031   
528.87293977   
523.94363876   
524.43012883   
528.01506899   
526.34544437   
530.88150179   
523.58791910   
531.51621651   
540.01249260   
527.54768739   
527.83913953   
524.12362824   
537.28098711   
534.10925640   
524.51882010   
529.68879551   
526.51008769   
527.05048342   
524.67500447   
539.28700560   
527.42153255   
526.79111526   
535.07691915   
527.31379075   
527.60510477   
524.44358557   
536.01113603   
523.49106110   
534.34828229   
527.60462691   
525.99161550   
525.79109357   
524.54954951   
524.08562340   
525.85255717   
530.53548788   
519.77298984   
521.19933753   
524.86173797   
523.58908428   
532.82925981   
521.45303691   
520.79776257   
520.26804423   
536.08644080   
525.91749130   
521.38316342   
530.00415864   
531.39233656   
538.57326156   
519.85473165   
522.17653692   
521.14021458   
525.36696158   
532.58000616   
523.42816448   
521.12217597   
537.22364623   
524.66998646   
533.49508580   
535.26662062   
522.50224527   
534.23053866   
544.89916265   
526.93423932   
528.15493820   
530.48810082   
531.73545872   
530.41850026   
534.71884146   
523.17958169   
522.19072515   
520.09037096   
534.14054390   
530.23396533   
531.70435658   
524.28543147   
536.52207566   
518.32092974   
529.41932349   
518.43044489   
521.60050642   
520.40232966   
520.60188683   
520.60112284   
525.36529400   
524.96612886   
522.24123505   
534.30617004   
531.70748299   
524.26309220   
522.52369823   
528.87503549   
527.55345012   
525.38184165   
532.08934654   
525.60617381   
529.93725961   
539.40267957   
539.41926314   
528.95715215   
526.30037740   
524.06450470   
528.78051599   
532.83027336   
522.35656266   
529.20909517   
519.65577671   
518.37016163   
526.23384146   
528.39157485   
525.19419713   
533.05704089   
530.23212364   
528.38869139   
522.68951454   
522.79856061   
520.14741789   
521.58069814   
523.31856380   
542.50059616   
520.31094116   
522.40469701   
524.69959752   
531.45213624   
523.21657184   
522.00297124   
521.91077464   
523.00534394   
522.25962394   
522.96105491   
524.49546119   
528.07312079   
522.54782178   
526.52869584   
522.63851016   
530.05585304   
524.62745143   
533.73177640   
522.81721291   
529.46978208   
527.67249150   
519.98869478   
520.33128595   
523.94803905   
517.58333229   
521.56866661   
526.07511163   
521.03804997   
532.67027876   
520.70748685   
519.08651547   
523.31531647   
524.03466767   
524.17070155   
524.94101513   
517.15621121   
519.94209030   
530.77529976   
519.54188760   
524.74621865   
526.59487108   
533.58412841   
520.46741417   
521.69560695   
520.12262747   
519.33351826   
519.48309301   
522.06474727   
522.55952922   
522.63774817   
524.72512074   
529.43996187   
523.30985710   
521.60249597   
521.94968635   
524.80926365   
520.22149092   
525.15216524   
522.64109331   
538.42693299   
519.65500638   
524.39977932   
528.37517531   
519.40903132   
523.57260867   
529.26771160   
522.10567869   
524.97128831   
525.90794335   
527.03608234   
520.00218946   
532.82333591   
517.67486913   
531.35553359   
518.89618507   
520.00397160   
523.08179560   
519.36147091   
527.71567621   
522.53929581   
519.68420102   
524.32429973   
532.02243664   
521.59782078   
522.80862763   
523.74342511   
526.84441015   
527.84877323   
525.88360226   
538.68406631   
522.56007311   
532.31056345   
523.78309889   
524.69131471   
526.30703929   
520.92072958   
518.68048010   
521.62217048   
520.47752462   
528.48421004   
522.83532033   
529.36656510   
519.14269247   
520.67296318   
538.09257732   
527.43407463   
533.06784163   
517.04649111   
531.54856455   
516.34500722   
531.96536875   
516.10125022   
518.51997662   
521.14941083   
519.57378235   
525.04663119   
516.80198266   
525.81486873   
521.49086751   
522.14603093   
543.19810353   
523.10860297   
526.92919426   
562.63742692   
538.25029895   
529.50486514   
538.26915111   
537.63053846   
531.88170865   
533.24066418   
521.74388635   
527.73850910   
531.91320227   
520.97828235   
522.90996717   
536.29982271   
521.86820510   
542.97247076   
524.42418889   
523.66933597   
522.61856089   
518.60408217   
520.41303844   
523.70745173   
529.82103024   
522.22477220   
539.04009831   
524.95210221   
519.44928415   
540.06929115   
526.55326484   
521.72625373   
528.96231240   
532.55741545   
527.10392140   
541.37078914   
524.98067579   
524.60482554   
519.31253284   
524.56110025   
519.14579621   
526.82478404   
516.18851020   
519.77189645   
522.64977391   
517.47093706   
526.20740792   
517.43544668   
521.69203367   
525.55423752   
520.15946395   
525.96481524   
525.78101807   
517.15682740   
521.30389621   
538.42413482   
518.80004693   
524.24038963   
527.62863489   
525.38872908   
519.62886048   
521.20472430   
527.41802227   
538.64595054   
522.68139755   
527.33337704   
517.19006567   
522.69040888   
520.50007609   
523.63443602   
536.74363562   
526.38819916   
528.21523555   
520.69309342   
523.69137597   
519.01844517   
519.49423175   
521.88773480   
519.81194979   
519.05761430   
528.88681376   
528.55480618   
523.17902714   
523.09805299   
529.76307430   
526.22802044   
523.77174001   
519.09036840   
522.72473094   
517.17175554   
521.11763093   
520.34664335   
528.14325082   
519.38999164   
524.24977725   
530.13463354   
526.99812774   
532.77674692   
537.41261604   
527.78237565   
522.99395866   
519.34944647   
520.40528704   
515.85406421   
521.15057889   
524.19651772   
518.97870530   
521.36234193   
523.02152086   
520.04462921   
525.08627375   
543.63849093   
530.36938044   
520.61441359   
526.16478647   
527.00425380   
538.75388197   
519.39336674   
523.45610211   
521.85796548   
529.18699438   
527.92260349   
553.34463327   
521.03404029   
527.93035879   
528.87293595   
523.04651308   
527.79240617   
541.31894874   
530.23325089   
528.52399188   
537.66238319   
523.56936324   
522.10688611   
521.98649223   
526.33234330   
522.18693973   
541.49807480   
523.22648930   
523.41279023   
522.81379624   
528.09766878   
527.74504592   
527.31428508   
523.97149903   
522.75664513   
529.32938659   
525.37704528   
525.03391662   
526.49986548   
525.38982102   
528.60233904   
533.47747740   
518.77262986   
522.60567483   
521.25366540   
521.41068260   
533.37022111   
526.44017280   
521.18265211   
517.99011788   
528.17781777   
533.14075462   
524.69255326   
527.82591278   
524.41652363   
525.68452649   
521.01251349   
522.46923217   
520.04581205   
519.96589599   
521.84177626   
519.05197842   
530.66224842   
529.29411375   
525.65908695   
525.66237285   
531.84114740   
520.97700270   
530.45904254   
520.61304356   
529.21554894   
531.19570269   
533.63565316   
522.94796174   
522.66909242   
518.83820959   
521.30267951   
538.64776186   
524.22147276   
529.64154902   
523.25746357   
527.77761525   
531.63854596   
523.72640557   
534.53462902   
524.57944136   
548.49781162   
539.43339304   
527.35044910   
526.47911637   
538.57810429   
523.30406953   
530.79743368   
527.58664054   
532.82377042   
529.86857571   
528.24661471   
528.89890072   
526.22164711   
524.39691276   
527.05911140   
526.58707545   
546.63322473   
525.32098339   
530.43537953   
527.30816232   
534.16812369   
521.39864577   
517.24370682   
520.48189091   
521.81766735   
515.97360075   
525.64418993   
516.12220884   
524.08125712   
517.30079143   
522.18235771   
533.99152575   
533.36283938   
539.26466867   
526.59796277   
526.99289213   
536.92558214   
528.32526097   
526.68481690   
527.46290654   
521.31482965   
530.87499467   
523.97961654   
536.59026888   
533.15035174   
536.83579558   
529.02707539   
519.71011956   
527.29197133   
520.88648920   
526.01930785   
528.97003465   
523.86323036   
528.63844042   
525.16956986   
525.16267546   
525.96709830   
525.41143897   
522.90594167   
520.44286141   
519.51260578   
523.49691230   
517.84612370   
516.13908563   
544.04273068   
527.16599758   
517.23234506   
523.71697368   
520.07903896   
530.80523020   
527.94189390   
520.38537467   
519.82010867   
516.53717206   
524.79024087   
520.66742124   
522.23375354   
523.20844484   
521.91168330   
521.69509699   
519.12563487   
523.77878212   
519.14251675   
528.14031817   
530.93827710   
527.04642036   
525.43440239   
523.93283688   
533.58564149   
529.61085482   
520.37016355   
555.77256721   
523.80581947   
524.57201154   
525.23661161   
526.19271710   
524.55961242   
521.73801175   
523.62977478   
534.38749280   
521.05920956   
528.15916484   
522.25933786   
533.41353090   
521.63132379   
532.23043710   
527.78863315   
526.29451042   
521.76314133   
524.87150412   
524.80145543   
530.62334380   
533.58689446   
517.66347102   
521.83203505   
528.54627246   
552.22219942   
528.02164020   
522.04274306   
526.38028700   
521.62948091   
519.07650766   
519.14171839   
527.64028094   
523.06159525   
524.00828875   
526.31400813   
522.45056913   
520.30676462   
524.59248046   
535.78721766   
516.82311869   
523.81406099   
525.57635163   
523.69373451   
519.79777703   
543.91742037   
519.23240895   
520.56496406   
516.67882235   
522.03361471   
519.32059815   
519.19198085   
528.27823754   
530.29909326   
522.66670564   
523.37161243   
522.48814670   
523.46198314   
528.40404473   
535.88138219   
517.35059719   
527.60374343   
529.13497306   
516.44815532   
524.56131113   
524.96772731   
519.18660210   
523.79414447   
526.05766914   
525.22021051   
521.23810835   
522.27545310   
531.38548788   
518.98873069   
520.40228607   
529.40117195   
522.35241992   
520.87737337   
520.33416425   
520.85702816   
518.91563780   
526.62929858   
525.60460373   
522.91958259   
521.86976126   
524.88958461   
520.70121792   
520.83102215   
519.76469012   
521.60363913   
520.75492741   
520.07850519   
519.89064430   
517.10912861   
524.56938050   
522.04010731   
518.83190862   
525.48110546   
529.65537730   
529.04391863   
522.53054379   
519.05055505   
520.35853502   
516.83017705   
521.85375738   
522.58159325   
532.46665147   
528.66052181   
519.34846494   
529.65816430   
522.46467369   
524.62386159   
538.22744639   
524.84117247   
521.65511534   
523.72086410   
526.87676603   
523.08580759   
525.12804523   
529.70885987   
528.90265071   
543.55307561   
524.08610751   
525.03311831   
521.66724630   
519.16726133   
530.16330264   
527.90538473   
529.86758017   
535.43456281   
529.84162387   
529.49721521   
521.10421989   
524.86083496   
538.88930168   
525.08853260   
532.72175947   
521.14368210   
533.42443024   
522.24026877   
529.83077110   
532.68055591   
520.41232383   
524.88590296   
526.77400602   
526.50419493   
522.49847382   
537.18993273   
531.65391545   
524.43268672   
537.70183631   
524.41974003   
523.62660730   
523.40657573   
528.33899084   
537.46737379   
541.35070069   
528.37586738   
521.11469367   
526.90459441   
539.17223261   
522.45321814   
526.76305287   
525.98514945   
527.06379615   
550.72210057   
526.57473143   
522.76463475   
546.80838597   
538.91974103   
520.73522700   
522.40597281   
521.48297937   
528.99392319   
520.75090807   
521.90598131   
519.40252937   
526.10826895   
523.38812340   
527.42848828   
522.27435577   
525.25897115   
524.57393361   
518.33428438   
517.69547464   
527.58165319   
527.25428002   
