1970  1 29 25.75 100.53 2.00
1970  4 25 25.77 100.47 2.10
1970  6 29 25.75 100.45 2.00
1970  7  4 25.80 100.48 2.00
1970  7 31 25.72 100.40 2.50
1970  9 19 25.75 100.45 2.50
1970 10 17 25.77 100.55 2.00
1971  1 15 25.75 100.57 2.80
1971 12 21 25.78 100.50 2.30
1972  6  3 25.88 100.62 1.80
1973  5 19 25.82 100.42 1.90
1974  2  9 25.85 100.63 2.60
1974  2  9 25.85 100.63 3.20
1974  2 11 25.90 100.58 2.00
1974  2 20 25.87 100.57 1.90
1974  3  6 25.80 100.50 2.00
1974 12 28 25.88 100.60 2.70
1975  1 23 25.85 100.43 2.50
1975  2 28 25.82 100.47 2.00
1975  3  9 25.85 100.50 1.80
1975  4  2 25.88 100.57 2.30
1975  4 24 25.87 100.42 1.80
1975  8 26 25.87 100.57 2.00
1975  8 26 25.83 100.43 2.20
1976  7  8 25.80 100.42 2.00
1978  3  7 25.83 100.47 2.80
1978  3  7 25.83 100.47 2.80
1978 12  7 25.83 100.53 2.20
1978 12  7 25.88 100.52 2.40
1978 12 18 25.87 100.52 2.20
1979  5 30 25.82 100.60 2.30
1979 10  5 25.83 100.58 3.50
1980  3 15 25.83 100.62 2.60
1981  1 16 25.80 100.60 1.70
1981  2 26 25.85 100.50 2.20
1981  2 28 25.80 100.52 2.40
1981  4 15 25.80 100.52 2.40
1981  5  4 25.72 100.55 2.40
1981  6 27 25.87 100.55 2.10
1981  7 24 25.78 100.55 2.30
1981  9  1 25.77 100.58 2.10
1981 10  6 25.83 100.47 2.20
1982  2  8 25.85 100.42 2.10
1982  3 24 25.80 100.42 2.30
1982  6  4 25.90 100.40 2.00
1982  6 11 25.83 100.57 2.00
1982  8 18 25.88 100.47 2.00
1982  8 27 25.85 100.57 2.10
1982 12 26 25.82 100.47 2.20
1983  3  4 25.78 100.45 2.40
1983  5  8 25.72 100.40 3.00
1983  6  3 25.80 100.50 2.30
1983 10 25 25.87 100.43 2.30
1984  1 10 25.80 100.52 1.70
1984  3 15 25.90 100.40 2.00
1984  3 31 25.75 100.63 1.80
1984  5 26 25.87 100.47 2.50
1984  5 27 25.90 100.45 3.00
1984 11  5 25.83 100.53 1.80
1985  4 19 25.87 100.63 2.20
1985  5  3 25.82 100.53 1.80
1985  5 11 25.90 100.53 2.00
1985  5 21 25.82 100.53 2.10
1985  5 21 25.83 100.57 2.20
1985  5 26 25.88 100.50 1.90
1985  5 28 25.85 100.63 2.00
1985  6 29 25.88 100.50 2.00
1985  7  3 25.90 100.57 2.20
1985  7  9 25.88 100.48 1.80
1985  9 12 25.87 100.63 1.90
1985 10 11 25.88 100.60 2.70
1986  1 21 25.80 100.48 2.20
1986  1 24 25.78 100.45 2.00
1986  3  3 25.80 100.60 1.70
1986  6 21 25.87 100.47 3.60
1986  6 21 25.85 100.50 3.20
1986  6 21 25.85 100.47 2.40
1986  6 22 25.87 100.47 2.00
1986  7 18 25.73 100.52 2.10
1986  8 10 25.88 100.48 1.90
1986  8 21 25.85 100.48 1.60
1986 10 21 25.88 100.52 2.20
