1721.28413313   
1719.88171125   
1697.45212289   
1626.94942867   
1627.91477105   
1629.98220068   
1541.17753644   
1519.22330145   
1482.49298877   
1436.36547551   
1327.68359615   
1282.34803568   
1280.93627499   
1258.52683198   
1231.73723866   
1225.99972338   
1220.05562531   
1211.91147591   
1210.78432131   
1212.03415649   
1211.41314394   
1199.19205931   
1199.33845097   
1199.93613432   
1189.45332928   
1180.19750720   
1173.88120834   
1177.29763234   
1176.49695238   
1172.32512120   
1173.74813598   
1175.31416577   
1171.94032917   
1171.67272911   
1169.23792286   
1167.61948310   
1167.13361725   
1163.23205003   
1165.18109552   
1165.08721608   
1164.04321418   
1165.74606961   
1163.00022113   
1166.48040880   
1162.65313315   
1164.65275736   
1169.62559998   
1176.68766976   
1164.52461974   
1167.55879561   
1167.76576225   
1167.10457698   
1168.46104778   
1166.11114996   
1164.23344274   
1164.32910645   
1164.58535415   
1167.18053909   
1166.01462312   
1165.43075202   
1165.52249360   
1165.53746343   
1162.51558183   
1165.65627313   
1166.17036608   
1173.79319513   
1174.23221754   
1178.10433957   
1165.70339731   
1163.80408792   
1166.02869278   
1172.26878676   
1165.75529698   
1164.93214984   
1165.79737284   
1164.40126731   
1162.55791108   
1161.44796015   
1160.70519439   
1166.83559887   
1167.23404612   
1168.79183613   
1168.81780226   
1164.32341874   
1164.13099047   
1165.68883935   
1163.45451037   
1164.06481836   
1168.96053394   
1163.28507154   
1167.12720579   
1164.55000794   
1163.40130328   
1162.07362904   
1163.93804166   
1160.95272913   
1164.68032234   
1167.14007952   
1165.89066256   
1164.12005365   
1164.36858507   
1164.20857464   
1166.46040741   
1174.69026004   
1172.21406154   
1170.69716514   
1170.35257036   
1162.61121472   
1165.44788046   
1175.78367796   
1175.37897472   
1181.20153999   
1179.16007076   
1174.80089674   
1173.14886933   
1172.81371468   
1173.66913857   
1172.73300643   
1173.47329612   
1171.05913734   
1165.48625991   
1167.38898667   
1163.93674975   
1169.26699506   
1168.11014863   
1169.76469785   
1169.91926268   
1165.06423183   
1163.37052588   
1162.76171694   
1163.22247880   
1165.13429059   
1164.45396557   
1172.02675908   
1168.12293050   
1172.21955751   
1178.58994032   
1171.97080540   
1174.27140728   
1178.57093512   
1180.58636358   
1170.76946917   
1169.19085253   
1170.09819464   
1171.39693488   
1171.73565800   
1171.03685762   
1170.25740098   
1168.02791532   
1167.69977166   
1162.10751663   
1163.56588623   
1167.67740393   
1165.47576448   
1160.82614652   
1161.68795630   
1162.34508525   
1168.81167278   
1162.89841990   
1164.90399928   
1169.53608263   
1175.09178977   
1174.34510418   
1169.36792294   
1173.11630554   
1163.44072722   
1163.76396379   
1161.89452490   
