1895.42706546   
1862.41917607   
1709.03724521   
1692.38198315   
1638.76669550   
1568.99719585   
1555.56421186   
1503.02985945   
1424.86354842   
1404.68493406   
1405.35443421   
1404.51958402   
1369.23866132   
1366.54075313   
1314.19765461   
1283.22722903   
1267.06987314   
1254.01437291   
1241.48356669   
1226.60415894   
1213.30247577   
1207.46480284   
1200.15250504   
1187.38682396   
1185.33558421   
1184.71156842   
1174.19435616   
1168.04314264   
1169.32711335   
1162.63198738   
1168.95241423   
1167.81697559   
1165.27721280   
1167.44531082   
1169.25792417   
1169.55721376   
1171.40274202   
1174.48873221   
1167.42102765   
1168.48995854   
1166.25660115   
1169.27980487   
1167.28596917   
1168.39742692   
1165.55386516   
1170.46329448   
1171.09714001   
1168.83478503   
1169.01353289   
1169.54336492   
1164.53465924   
1163.54045971   
1163.56276666   
1162.98378798   
1164.39592218   
1166.05033554   
1172.98499647   
1171.02409560   
1168.57037493   
1164.36347197   
1166.22839632   
1165.04502802   
1164.12741318   
1165.16104953   
1164.91075163   
1165.91502153   
1166.04440707   
1165.90390133   
1165.07043782   
1164.90119843   
1165.32304926   
1166.60443871   
1162.54045909   
1162.45679210   
1162.61402992   
1171.90451338   
1170.66478041   
1162.68933441   
1169.70330926   
1173.11387484   
1174.83967728   
1169.55383826   
1163.84813879   
1161.84378722   
1161.92372834   
1162.56706929   
1162.96315392   
1164.50838814   
1162.99950461   
1162.60521956   
1163.36782530   
1162.44198004   
1174.16272567   
1172.90651157   
1174.57045481   
1167.76842092   
1162.49593561   
1163.19215920   
1163.31905254   
1165.40629518   
1162.23118523   
1161.90800482   
1169.69506316   
1170.82317587   
1174.58565693   
1167.17164289   
1161.40469363   
1162.55027820   
1165.24220931   
1163.64849853   
1165.23192010   
1167.49874222   
1165.39751349   
1170.45665261   
1169.22453171   
1165.06151953   
1163.47253776   
1160.61316430   
1166.22431322   
1161.43040893   
1162.04377701   
1168.43777963   
1174.39852109   
1172.23294353   
1164.68158485   
1165.32221218   
1164.90229109   
1163.31516398   
1164.37282532   
1161.45448923   
1165.72766447   
1164.09036546   
1166.19904997   
1163.82661876   
1163.72202432   
1161.04564752   
1160.87521052   
1160.62620796   
1167.37400250   
1172.55019027   
1165.22120655   
1163.24903021   
1161.83939536   
1162.46410082   
1162.02808287   
1162.02521505   
1165.12476394   
1172.33189165   
1169.15055472   
1168.35155077   
