1086.48071034   
1165.59866376   
1147.81026092   
1047.08177562   
1003.87404955   
1071.01085568   
1046.86418132   
974.63966291   
1029.81884952   
952.24089944   
927.32653983   
1001.31274815   
1028.66291798   
941.98603076   
929.76651593   
932.88934782   
974.42073815   
1015.49267733   
901.02623324   
843.71745504   
861.34071276   
781.39196780   
814.62083971   
814.23384288   
840.59413656   
752.67395637   
732.81880069   
777.74441885   
721.23113709   
765.24473513   
751.43846934   
782.29092019   
667.86549916   
658.69160148   
625.21133620   
670.03513351   
659.55972161   
654.38806528   
624.62633490   
642.54139698   
587.72099566   
621.55531063   
584.87392447   
609.54694340   
582.93915631   
595.87923483   
586.42820932   
618.69428332   
606.18632335   
662.74649906   
585.57678829   
597.48759872   
610.81087293   
597.12981963   
599.35270469   
581.63556493   
564.27288297   
589.06739484   
612.20148338   
582.76046207   
555.80231809   
561.57524109   
579.72325763   
569.85028060   
558.06344119   
582.24935589   
575.80155409   
566.34725135   
551.02667504   
535.48527457   
554.04395672   
531.84823850   
535.82316534   
560.81548048   
543.41549620   
552.22455653   
536.99167986   
530.18116714   
533.89798646   
544.27397911   
530.12365545   
526.98234316   
525.03539286   
521.54792694   
519.48651304   
528.35104984   
523.20435467   
528.06614469   
524.15300502   
528.35655663   
521.17196025   
524.67103591   
523.34923974   
529.27136516   
524.56405206   
553.65390978   
519.85181867   
522.52424560   
524.70142065   
518.84343395   
522.70525808   
526.27473677   
522.13347036   
521.88351566   
521.37581445   
533.38500469   
525.66810961   
530.12857686   
520.89056002   
522.55646011   
526.34486895   
529.16690640   
520.71040116   
525.13644318   
530.49395417   
522.72067907   
528.65935932   
520.77435525   
531.52218592   
528.61991778   
528.77907870   
545.29742147   
520.22085417   
522.57249714   
522.15587091   
527.87216406   
530.69243123   
522.65344588   
523.23765016   
520.01492589   
531.71058873   
522.26667349   
524.65929668   
517.41583752   
529.03683362   
523.16746034   
528.79119289   
527.97601642   
529.08737460   
531.50934235   
526.00750582   
525.83585122   
530.32947910   
533.26477068   
524.41511438   
517.11921691   
529.28646846   
518.75376525   
520.33989545   
522.45435407   
520.38433551   
518.74358499   
526.70448952   
524.13447424   
516.14879750   
522.83306800   
517.67738990   
519.62946528   
525.07649777   
517.07609238   
519.46423174   
529.51273592   
524.61748190   
520.88670011   
525.20763326   
518.64659092   
521.98010813   
524.03209461   
533.05399598   
522.27958385   
523.01648288   
529.65417837   
525.37949677   
524.72999586   
526.40930678   
528.20186086   
533.79238467   
532.41384443   
532.88457814   
542.85928672   
529.34749696   
534.65436687   
539.51930803   
529.27010948   
528.88123670   
534.72273316   
543.35678143   
542.05017140   
534.58616054   
533.22020717   
545.08349992   
532.19817818   
525.22365533   
523.22827587   
525.20220440   
526.61754360   
528.93145081   
529.56235301   
523.15589278   
528.18965108   
521.06808530   
536.06946532   
529.29608791   
520.68092874   
520.64839718   
527.47395691   
526.60226715   
520.26989753   
525.66536428   
521.59559007   
523.62229736   
535.02637493   
539.34102454   
532.49796647   
523.14683070   
540.17966453   
532.08022071   
538.57505808   
527.99503666   
542.62187639   
529.36993305   
518.89013994   
523.92878616   
535.27646891   
519.45775598   
523.43491979   
529.30515794   
542.73628114   
530.02016055   
529.79768510   
542.81869139   
541.63323279   
535.19292083   
532.09510382   
539.50916482   
520.76560669   
524.09895723   
525.81696329   
516.72915913   
521.21238061   
517.90878205   
523.86378851   
522.77398205   
526.76026734   
525.57528278   
523.87861227   
517.53786041   
523.18239477   
525.01937735   
525.36803332   
528.36653684   
525.21317095   
520.55972111   
522.67988298   
526.63612531   
524.42671091   
523.81180250   
530.32745846   
518.68175305   
531.25401886   
527.60263104   
527.02893675   
518.22620605   
519.63110080   
537.40941642   
518.05697482   
531.98753420   
531.39782096   
527.09034458   
527.45474617   
520.59306500   
524.28135039   
520.19852092   
528.76480454   
524.71433484   
518.50994243   
524.62931041   
534.77293826   
522.94158225   
520.41043064   
525.94638421   
522.87577670   
521.90101567   
518.95723144   
529.98929915   
538.50010047   
518.53713055   
519.88519527   
524.61498617   
528.44480291   
519.66893171   
528.07320584   
534.41150231   
537.81552461   
529.45230646   
522.19801094   
524.16568525   
523.47523280   
523.89089507   
522.54383046   
519.67839529   
520.92333852   
525.66049255   
531.93314383   
527.25971195   
525.15754051   
522.11539497   
531.66092354   
538.33007363   
534.17558752   
516.78036305   
519.48537495   
515.58656017   
525.13613336   
526.14531571   
528.77171066   
525.56130869   
523.97532437   
520.04444223   
530.68399102   
520.33752838   
522.25552500   
522.55314458   
529.05892474   
526.51311037   
523.96824045   
527.32178670   
530.05129630   
522.71171379   
533.27199842   
528.02901115   
517.82328966   
528.52671349   
527.86233785   
523.65952750   
520.36249381   
532.91778140   
526.42704076   
524.09757219   
523.40755990   
522.68283019   
519.27286370   
526.86271978   
527.12166587   
522.94073073   
520.98198869   
526.21197324   
522.13675800   
518.40770519   
528.78389302   
522.36525318   
523.63845481   
518.92819196   
535.77428049   
526.20404307   
520.15591620   
524.95628100   
524.01817305   
532.03318106   
523.94519973   
522.88492045   
538.82723414   
537.47212899   
533.72462031   
516.34415838   
529.06529538   
534.30155658   
523.26738671   
520.62479664   
520.36347684   
517.90001885   
522.61327500   
519.78030685   
522.66167356   
530.01590905   
543.14755586   
541.10740328   
530.25452144   
538.98416607   
535.42457383   
527.89255082   
531.98929150   
540.90297111   
535.68440187   
535.84225866   
523.41854025   
532.50929628   
542.10029665   
523.57805089   
531.70335003   
527.89997674   
536.84351443   
528.50394894   
524.17891568   
530.99139294   
522.30763468   
528.11728079   
523.44845833   
522.44158906   
526.51021110   
524.81463311   
521.36296842   
517.79080791   
523.51270336   
523.83177515   
521.94356089   
552.73483311   
526.75719773   
525.07619424   
521.32704439   
518.83895422   
519.59618252   
531.07291404   
518.83763313   
522.70100025   
524.83417461   
520.25382223   
528.72894114   
524.70125541   
525.87838939   
522.13598111   
522.61541693   
523.74408422   
525.75103264   
529.29475263   
521.31930048   
526.58555587   
520.81329046   
518.37707497   
520.95499130   
521.91418173   
523.99221657   
524.99911056   
521.06829250   
518.64600575   
526.56434235   
522.49040877   
521.47308396   
532.91863015   
528.17513574   
524.26393816   
523.20546584   
523.22216591   
535.39705803   
523.75118595   
518.73967792   
520.43627846   
521.74945332   
522.38814485   
537.95243081   
522.71917850   
522.40012569   
526.52139669   
529.86101469   
523.21692061   
528.92735364   
521.20529128   
527.57307475   
516.45701429   
523.31860473   
525.20930786   
524.72573495   
525.97219239   
520.45319913   
524.00273874   
522.16535026   
528.82533193   
519.08824921   
517.01536070   
517.41281978   
530.76599342   
526.58183995   
521.32634245   
526.25362916   
539.74633235   
534.69560190   
527.40104191   
530.14118924   
518.51770240   
518.31743210   
530.56522110   
526.13526448   
523.51877157   
531.55248896   
524.08195371   
521.33767008   
524.24134911   
530.52118466   
534.94043746   
536.58974193   
523.08575613   
519.33641267   
524.03131581   
523.89758091   
517.08967562   
525.51935215   
523.96314650   
527.50151481   
528.87636184   
534.12638031   
532.14782699   
532.60226077   
533.80443359   
540.61168809   
528.58897927   
549.53339245   
525.60308269   
529.49948790   
525.73577526   
525.44187163   
535.27627663   
524.64668329   
532.06769491   
532.76437108   
522.84140784   
523.54474842   
519.27393735   
519.39097880   
524.66714274   
523.42345211   
531.65612878   
519.98697023   
520.38256951   
521.62168388   
523.74178221   
526.71075915   
522.56355164   
521.96536660   
523.62425832   
528.69340404   
522.66061972   
527.50138420   
525.44575642   
538.21745637   
529.66491123   
536.34441147   
544.92960964   
521.01152767   
542.54979559   
522.38520211   
522.72274229   
535.41558175   
524.45336925   
523.71497761   
521.45601425   
537.92726253   
528.21146346   
527.95087867   
524.82027465   
519.35247949   
525.10494367   
526.31145410   
522.79605698   
530.08256422   
539.38942621   
520.08989908   
530.02950057   
525.30397767   
530.22338027   
538.60120918   
534.56858979   
522.92749773   
519.42815400   
522.47088207   
527.22941247   
524.09061067   
521.12299725   
526.98939682   
518.88488221   
522.97783834   
529.71086308   
516.10626872   
522.67758190   
532.52153470   
528.80819408   
520.13730490   
523.95393109   
519.77052569   
533.50211271   
523.06030272   
532.23402287   
516.47463485   
520.11120031   
524.17235626   
521.75125434   
518.71859197   
530.32505408   
518.25626617   
522.21607320   
520.50637485   
520.89335193   
519.18033030   
535.29684298   
532.09350699   
527.72637651   
517.11106975   
519.84298286   
528.01457639   
541.96467181   
518.54283940   
530.36393669   
520.98886540   
525.12745344   
535.24198316   
522.99161439   
518.56194511   
524.59779621   
526.16607155   
536.52276523   
521.07411213   
517.14293836   
518.56561244   
524.18795161   
527.47343525   
528.63421782   
522.46488346   
539.70301814   
535.47879576   
523.47536238   
527.59749118   
537.29971811   
531.13392559   
537.84601379   
527.55169554   
526.78850216   
526.75158536   
525.66364604   
527.92504422   
531.58764802   
544.94334120   
526.99872634   
541.54963462   
529.37589981   
537.69335035   
531.43373999   
530.01141173   
522.83895353   
526.22960792   
521.29805924   
527.40794262   
537.19868480   
524.34453004   
525.48847669   
537.31062386   
526.81793524   
528.87745217   
526.65858012   
522.59840883   
527.21976359   
560.68761693   
529.70264691   
522.01149108   
539.57190102   
520.32384342   
535.67233902   
519.25448954   
521.68225648   
520.47005263   
524.46353283   
557.76765521   
527.55591672   
544.89396947   
535.01915446   
531.09393977   
527.93438742   
550.18357531   
530.70579198   
528.32817577   
519.15552857   
536.09443303   
537.10902620   
519.03304088   
517.54596723   
529.98843389   
519.48668762   
526.44072624   
524.01491809   
516.39682882   
521.85988555   
521.17749442   
518.52945599   
518.52643621   
519.99653673   
527.82876075   
521.12885544   
520.12247492   
521.88877940   
518.12271226   
527.65763701   
522.51399638   
520.07514668   
520.46072458   
520.04992744   
526.91684557   
527.45787902   
519.67651103   
540.01960862   
529.07769802   
534.75719248   
520.78678509   
518.29575037   
517.52005422   
523.67841968   
524.34804525   
524.84679489   
519.88148510   
521.39680673   
521.70736305   
520.84692675   
530.57303696   
522.05546617   
524.03623273   
525.63385218   
529.31370582   
525.78461046   
519.33966892   
523.78162705   
530.72829009   
531.40471897   
521.89782698   
517.81459784   
520.95082964   
534.80246345   
529.77246152   
530.26417447   
522.72481343   
530.75455816   
534.05914484   
523.75034766   
525.54298778   
530.35438517   
524.00974988   
526.26513051   
520.50104618   
523.90512943   
535.02426416   
531.66484855   
525.98922233   
528.56530840   
540.07337107   
530.88270467   
525.60871635   
529.07296882   
530.35637208   
528.69902382   
532.79544352   
558.61942738   
523.32723192   
523.29690482   
542.05873243   
525.70943229   
530.64658778   
526.63669714   
522.52406974   
520.68660906   
523.31450451   
520.46197130   
525.20977607   
523.98479362   
525.29459907   
536.12976201   
523.95620894   
526.72044025   
532.00675662   
539.17169459   
526.80887329   
525.32403242   
538.55907932   
531.95495087   
532.35835152   
524.93302120   
529.17394667   
531.71198239   
527.64916468   
521.99851851   
531.00117493   
524.25371998   
517.00379041   
517.93668001   
516.64109209   
520.88797311   
522.90099383   
516.14186187   
521.54572239   
520.45197279   
517.38723349   
524.88448802   
522.89734221   
524.53613456   
526.16636352   
523.39012708   
522.80702722   
526.64289650   
523.89741752   
524.59544074   
527.20371976   
518.73620788   
524.12847937   
521.36182996   
539.60192986   
517.72069004   
522.51528823   
516.67021422   
519.35548473   
517.88223447   
520.37199811   
523.72094946   
520.50852214   
524.73219102   
528.38706968   
524.72205235   
520.86737483   
535.50766703   
518.49396629   
523.02628759   
528.66840272   
523.42406275   
520.07965745   
523.77398579   
528.74965811   
523.20016889   
530.61741228   
541.73550114   
539.70436298   
524.62754772   
523.45696698   
526.24757658   
531.05230783   
524.99178640   
536.33819446   
526.25556943   
526.73700256   
528.50516189   
527.67118935   
526.05883531   
534.41864573   
533.70528429   
530.89366404   
526.21229340   
526.69973417   
556.51669879   
554.73631762   
551.99791813   
527.81994866   
536.04861620   
524.99254703   
528.31628699   
529.13744913   
540.53489278   
548.78558785   
534.87399909   
529.94683410   
524.90096764   
526.90417597   
533.09244759   
535.14032823   
530.97620037   
530.38904180   
534.70472706   
526.78583480   
526.86069515   
522.05279283   
527.89808493   
519.44512908   
519.57708789   
523.47770444   
530.52186030   
520.34462588   
523.01504202   
532.00925687   
527.74656897   
525.08949655   
519.66831764   
523.54962691   
524.41086198   
522.25478675   
532.76587757   
522.56162390   
521.68613094   
531.66375308   
524.03387334   
528.82279790   
522.64115155   
523.31603500   
539.80528680   
525.12467600   
524.37743829   
530.07080735   
524.79917929   
532.64667906   
523.97718098   
532.28488257   
538.42909528   
532.47422655   
537.82983027   
532.35014385   
521.50112104   
527.45693446   
525.49826603   
525.43914150   
528.25752328   
522.85273929   
521.63470859   
539.27536273   
528.56083765   
522.30108688   
532.30652768   
518.62217452   
521.70359492   
518.34642725   
526.99822096   
529.97922192   
517.69979379   
533.11110269   
530.18713904   
520.05415576   
520.11711262   
520.37801081   
524.81327291   
518.80306456   
526.17531387   
525.14307232   
525.77250801   
522.03073060   
520.13816832   
524.40594644   
531.82338666   
521.80114179   
524.49110701   
521.70484948   
526.13367646   
528.54766208   
534.72275784   
532.66425509   
526.88247008   
525.52335948   
525.07841803   
524.28494765   
540.31894937   
528.59179752   
523.58593622   
542.05711988   
526.84769273   
535.95477804   
526.65172653   
525.55568222   
532.16710878   
530.60048691   
532.46687788   
528.18513154   
525.15549637   
526.23473509   
531.83554743   
520.67801637   
535.98174537   
522.12746115   
548.97502995   
527.25691487   
527.48510349   
537.47502240   
521.66350329   
536.00592560   
526.33657354   
528.82068203   
531.71106924   
537.81634443   
539.81268095   
523.62172744   
535.18636497   
525.11673053   
517.73683167   
523.88084442   
522.50227317   
554.23290851   
524.69872914   
524.91179350   
522.27007429   
520.47695427   
522.74338569   
522.96960898   
523.63850261   
526.78176118   
522.71505690   
526.28866662   
529.56441588   
543.91551858   
524.11145146   
526.57923171   
541.33523123   
532.76148960   
532.34749972   
521.90462926   
525.20835377   
530.65282743   
532.77828038   
533.43612659   
525.31910507   
535.83006487   
527.11688312   
538.27541460   
528.90777030   
523.23172878   
534.68362711   
522.43177982   
526.52741600   
525.74446197   
519.91007783   
529.85126673   
526.34048751   
521.00689551   
523.47155360   
522.71647135   
530.67936618   
521.89688026   
524.37988623   
529.06880933   
520.82794544   
526.73456904   
529.09426155   
527.22465934   
530.50448108   
522.25420357   
527.00501394   
532.61430547   
533.01404823   
526.23589892   
523.14089232   
521.38249474   
526.90962969   
522.08953555   
527.55829230   
522.61778456   
523.00088218   
524.98980930   
532.06342387   
521.93077937   
529.72860838   
526.05599632   
530.99927902   
521.23203411   
523.68758280   
521.24256258   
522.77196920   
522.90169485   
529.08660222   
525.74647561   
518.55627787   
524.60488931   
523.30872195   
521.72515623   
520.97915056   
520.07395191   
518.96985600   
526.62668639   
521.22473844   
534.73118322   
519.61218633   
523.16392516   
526.37652276   
525.18181783   
526.48204322   
518.35951595   
527.31704219   
520.75021968   
515.95281836   
520.28943529   
523.20452500   
520.68192565   
518.03995957   
524.10880227   
519.09926366   
527.39359556   
523.38536791   
524.30865782   
532.16488341   
524.23435010   
521.18507381   
520.30861246   
520.41516265   
520.49750246   
519.92216178   
520.83566356   
541.95257714   
520.24170287   
533.52101085   
516.63967024   
523.39171716   
521.29698179   
521.61888945   
523.50999366   
517.67668796   
536.27957077   
533.49164654   
516.16722170   
522.71555935   
522.93752481   
526.32820654   
521.82833546   
518.40066395   
531.31577172   
520.44005867   
523.77255750   
521.01593236   
521.22944729   
524.52434441   
527.73034592   
519.63161604   
519.28047489   
522.59776605   
522.08284756   
527.03619594   
520.54422708   
520.97218449   
526.54401400   
520.18394329   
530.70182230   
524.83527340   
527.15908657   
523.94532173   
524.45314529   
520.81006966   
539.78472015   
524.57495158   
525.88588166   
523.09212082   
517.77468845   
519.53110650   
526.21101164   
521.74071545   
527.07144607   
519.57253585   
529.91077039   
526.81829453   
523.59381277   
516.76856425   
520.33325420   
521.05195880   
518.25268472   
522.83730733   
518.37562559   
519.57451965   
525.80803056   
524.19354297   
520.63111741   
526.31355965   
519.51215143   
516.83805053   
527.33703707   
527.57069875   
525.94721364   
522.93334430   
523.04010319   
519.49056015   
526.30124084   
530.72339629   
522.18223486   
521.91480312   
521.36890499   
530.73620969   
526.25586288   
521.89723161   
526.24919312   
532.99029554   
529.93582294   
532.48364101   
534.78683382   
529.46586176   
537.50659571   
529.10644670   
531.40168330   
540.57638836   
536.18527519   
535.18356334   
525.37164953   
536.64095101   
524.67653745   
525.82417011   
523.32391395   
524.71616624   
534.19311649   
529.51860460   
532.02917392   
540.01574742   
528.52010284   
538.55313990   
527.03369667   
521.43918426   
527.00734264   
527.63996469   
538.57826715   
537.81738044   
529.49906930   
535.28761700   
521.23724230   
525.83811463   
517.80873097   
528.09986360   
523.40214788   
521.35452456   
519.40575741   
518.72360733   
527.47400297   
519.93422580   
527.63122124   
535.47645714   
524.43588721   
521.06026573   
521.62865927   
529.03006095   
520.14217243   
527.27769694   
523.37302172   
519.79948900   
521.42823639   
524.44140515   
524.61265389   
537.05103896   
521.52939744   
521.10027047   
529.27992727   
527.19115819   
522.97060719   
528.92800183   
535.91499847   
527.58643239   
536.32653539   
531.24859169   
529.99741323   
527.76647069   
522.72471426   
524.53579577   
523.63870988   
520.26975926   
531.36323505   
522.99842967   
526.20917940   
520.27255800   
542.06085845   
547.59343534   
520.53342322   
520.53011468   
521.84239061   
526.34363795   
532.00027318   
521.05534130   
523.01295731   
527.35539951   
523.82647751   
528.07584535   
519.54880285   
517.05597854   
518.36722261   
532.10182567   
521.37078776   
525.22364498   
516.76406850   
520.26160834   
524.35343599   
525.65612427   
523.77562589   
518.54548917   
522.36273198   
517.18516764   
527.02436036   
522.52540136   
530.03943340   
528.08319769   
524.57219990   
522.38403877   
525.41721930   
528.58254676   
527.69781413   
526.54331996   
524.41916136   
556.67048215   
524.19543329   
526.72811362   
520.82124726   
527.81686836   
521.39299233   
524.68731641   
522.68431111   
521.19115242   
537.63630492   
532.72318687   
524.77392253   
532.09216738   
527.85462054   
550.07258218   
533.59111722   
539.97087609   
527.87871873   
523.31263393   
537.21318119   
522.01494890   
544.24496054   
534.52309819   
531.46721233   
523.73605084   
531.87308327   
522.51982531   
517.71008448   
526.47628235   
522.64070939   
536.69882305   
533.66885875   
531.94746723   
522.23538022   
522.23449926   
524.48708354   
530.73442467   
528.37970735   
536.15326751   
519.76402091   
537.68499889   
523.33617967   
526.04011131   
539.47212043   
533.68074416   
526.80615753   
530.64788888   
529.26815890   
525.41300306   
522.97445615   
522.26488897   
527.27311210   
524.85027141   
520.16336272   
530.46837647   
528.74202390   
518.10911993   
522.07666352   
537.73665635   
517.39522176   
520.46466029   
519.92270482   
527.14511710   
523.41932112   
526.84140653   
528.19186822   
533.21184619   
522.04362359   
516.95699814   
520.49448600   
519.03788493   
520.91222495   
520.49724479   
518.37391291   
526.55575835   
518.70980520   
521.38252714   
522.95848537   
525.63291780   
537.63528194   
522.56628744   
527.06578456   
533.34394890   
528.93220924   
520.23097479   
533.01009098   
528.84767177   
535.36522728   
522.78557946   
522.70921924   
533.49757736   
525.77292094   
535.77574576   
522.00379279   
527.71688067   
528.48865969   
531.16381598   
524.40665938   
538.65856013   
526.26864374   
523.49765101   
525.54610932   
520.87016000   
525.26519946   
520.06504453   
522.75018666   
