6.10000000   6.97000000   68.32000000   -36.45000000   25.49707672   99.98712323   3.44878800   0.11299878   
6.10000000   6.97000000   68.32000000   -36.45000000   25.52574745   99.98326282   3.94083788   0.01364630   
6.10000000   6.97000000   68.32000000   -36.45000000   25.51220635   99.94731271   4.67809300   -0.06276829   
6.10000000   6.97000000   68.32000000   -36.45000000   25.52722169   99.95129274   4.01110952   -0.08572306   
6.10000000   6.97000000   68.32000000   -36.45000000   25.51802646   99.93707048   4.02155308   -0.02957577   
6.10000000   6.97000000   68.32000000   -36.45000000   25.50392784   99.91041735   3.58386321   -0.17518992   
6.10000000   6.97000000   68.32000000   -36.45000000   25.49981876   99.89412419   3.54217390   -0.40455508   
6.10000000   6.97000000   68.32000000   -36.45000000   25.51345400   99.90811270   2.55513369   -0.40214884   
6.10000000   6.97000000   68.32000000   -36.45000000   25.53520036   99.90404068   2.04144640   -0.42450787   
6.10000000   6.97000000   68.32000000   -36.45000000   25.57069487   99.89952045   2.07255538   -0.42076222   
6.10000000   6.97000000   68.32000000   -36.45000000   25.55539085   99.88530188   1.14939220   -0.35048615   
6.10000000   6.97000000   68.32000000   -36.45000000   25.56083289   99.87378679   1.48430311   -0.27666733   
6.10000000   6.97000000   68.32000000   -36.45000000   25.56748447   99.85785089   2.38914118   -0.31015106   
6.10000000   6.97000000   68.32000000   -36.45000000   25.58176529   99.84768194   1.46909445   -0.21292599   
6.10000000   6.97000000   68.32000000   -36.45000000   25.58100672   99.84268602   1.32400024   -0.13070773   
6.10000000   6.97000000   68.32000000   -36.45000000   25.58533026   99.82014724   1.06421814   -0.09354324   
6.10000000   6.97000000   68.32000000   -36.45000000   25.57703649   99.79086717   1.41638102   0.02490784   
6.10000000   6.97000000   68.32000000   -36.45000000   25.61659938   99.80555713   1.31027889   -0.09145906   
6.10000000   6.97000000   68.32000000   -36.45000000   25.62448761   99.82043488   1.23547018   -0.12002070   
6.10000000   6.97000000   68.32000000   -36.45000000   25.61647556   99.79318254   1.49733059   -0.12057812   
6.10000000   6.97000000   68.32000000   -36.45000000   25.62074028   99.78689313   2.01558568   -0.08584020   
6.10000000   6.97000000   68.32000000   -36.45000000   25.65417772   99.81426920   2.12067799   0.10867619   
6.10000000   6.97000000   68.32000000   -36.45000000   25.64475641   99.79202328   1.64558428   -0.01076193   
6.10000000   6.97000000   68.32000000   -36.45000000   25.66466944   99.80774791   1.95898732   -0.07401580   
6.10000000   6.97000000   68.32000000   -36.45000000   25.66395665   99.80905938   1.16859137   -0.16192556   
6.10000000   6.97000000   68.32000000   -36.45000000   25.66840206   99.78124615   1.17120333   -0.14695574   
6.10000000   6.97000000   68.32000000   -36.45000000   25.67379782   99.77474484   1.05982841   -0.25923188   
6.10000000   6.97000000   68.32000000   -36.45000000   25.69112620   99.77460367   1.37687250   -0.37665804   
6.10000000   6.97000000   68.32000000   -36.45000000   25.68649257   99.76205614   1.32756324   -0.44054132   
6.10000000   6.97000000   68.32000000   -36.45000000   25.68387728   99.77140488   1.09282721   -0.36402799   
6.10000000   6.97000000   68.32000000   -36.45000000   25.69127713   99.77577566   1.00374996   -0.25689993   
6.10000000   6.97000000   68.32000000   -36.45000000   25.70870692   99.75345046   1.27011773   -0.28110183   
6.10000000   6.97000000   68.32000000   -36.45000000   25.70468204   99.75672087   1.14779868   -0.31761830   
6.10000000   6.97000000   68.32000000   -36.45000000   25.72663228   99.73439208   1.74808089   -0.35594746   
6.10000000   6.97000000   68.32000000   -36.45000000   25.71332668   99.71533467   1.74057307   -0.53550193   
6.10000000   6.97000000   68.32000000   -36.45000000   25.71616038   99.70988071   1.37094611   -0.50523504   
6.10000000   6.97000000   68.32000000   -36.45000000   25.74178607   99.71805277   1.04384235   -0.68447678   
6.10000000   6.97000000   68.32000000   -36.45000000   25.74506999   99.71378055   1.43112546   -0.74394597   
6.10000000   6.97000000   68.32000000   -36.45000000   25.75163182   99.71089978   1.42882776   -0.79597237   
6.10000000   6.97000000   68.32000000   -36.45000000   25.75451499   99.73502601   1.24416561   -0.92925559   
6.10000000   6.97000000   68.32000000   -36.45000000   25.76645945   99.72741897   1.04361688   -0.89658345   
6.10000000   6.97000000   68.32000000   -36.45000000   25.75857678   99.73064787   1.02084852   -0.85246146   
6.10000000   6.97000000   68.32000000   -36.45000000   25.76220398   99.72746132   1.10786254   -0.75743358   
6.10000000   6.97000000   68.32000000   -36.45000000   25.74916220   99.73429038   1.13153012   -0.68785950   
6.10000000   6.97000000   68.32000000   -36.45000000   25.73062386   99.73173284   1.17625546   -0.52216504   
6.10000000   6.97000000   68.32000000   -36.45000000   25.72206948   99.73762085   1.05342302   -0.53499460   
6.10000000   6.97000000   68.32000000   -36.45000000   25.71819745   99.73054922   1.08312418   -0.36960589   
6.10000000   6.97000000   68.32000000   -36.45000000   25.75406548   99.73190867   1.17588157   -0.27500808   
6.10000000   6.97000000   68.32000000   -36.45000000   25.73048432   99.73405565   1.83011259   -0.24278373   
6.10000000   6.97000000   68.32000000   -36.45000000   25.73600309   99.74815857   1.89303421   -0.17959514   
6.10000000   6.97000000   68.32000000   -36.45000000   25.75046865   99.73741331   2.18083781   -0.20224849   
6.10000000   6.97000000   68.32000000   -36.45000000   25.73359379   99.72762063   2.29786326   -0.16612616   
6.10000000   6.97000000   68.32000000   -36.45000000   25.72541707   99.74361132   3.14058710   -0.05142209   
6.10000000   6.97000000   68.32000000   -36.45000000   25.73347682   99.77123428   2.71439793   -0.02380586   
6.10000000   6.97000000   68.32000000   -36.45000000   25.74709850   99.75224212   2.50094261   0.03119681   
6.10000000   6.97000000   68.32000000   -36.45000000   25.71888137   99.78003103   2.19068771   0.08412912   
6.10000000   6.97000000   68.32000000   -36.45000000   25.70317281   99.74834561   1.93124666   -0.06367640   
6.10000000   6.97000000   68.32000000   -36.45000000   25.73223340   99.74278309   2.04080155   -0.12453934   
6.10000000   6.97000000   68.32000000   -36.45000000   25.73121065   99.72570239   1.93066261   -0.15016693   
6.10000000   6.97000000   68.32000000   -36.45000000   25.74181462   99.74177363   2.31664948   -0.05612438   
6.10000000   6.97000000   68.32000000   -36.45000000   25.74909337   99.75280852   1.44021502   -0.11174398   
6.10000000   6.97000000   68.32000000   -36.45000000   25.73223664   99.73582311   1.30312164   -0.20897163   
6.10000000   6.97000000   68.32000000   -36.45000000   25.70171273   99.74035528   1.10232910   -0.23772612   
6.10000000   6.97000000   68.32000000   -36.45000000   25.69970202   99.76175994   1.18251273   -0.21807849   
6.10000000   6.97000000   68.32000000   -36.45000000   25.69949433   99.74719411   1.03884768   -0.41089302   
6.10000000   6.97000000   68.32000000   -36.45000000   25.69939551   99.73415573   1.49922377   -0.36582270   
6.10000000   6.97000000   68.32000000   -36.45000000   25.73554090   99.73775112   1.54691059   -0.51661806   
6.10000000   6.97000000   68.32000000   -36.45000000   25.74688917   99.76359712   1.82775203   -0.60302881   
6.10000000   6.97000000   68.32000000   -36.45000000   25.76322386   99.75413384   2.03872525   -0.61609455   
6.10000000   6.97000000   68.32000000   -36.45000000   25.77878482   99.75194705   1.62152641   -0.59013419   
6.10000000   6.97000000   68.32000000   -36.45000000   25.76383044   99.73086600   1.21660661   -0.60049239   
6.10000000   6.97000000   68.32000000   -36.45000000   25.73984686   99.74703161   1.00551848   -0.52200413   
6.10000000   6.97000000   68.32000000   -36.45000000   25.75104221   99.73755318   1.15096162   -0.65594793   
6.10000000   6.97000000   68.32000000   -36.45000000   25.75133911   99.72679110   1.09941304   -0.54557485   
6.10000000   6.97000000   68.32000000   -36.45000000   25.71238156   99.72766898   1.23843634   -0.53501398   
6.10000000   6.97000000   68.32000000   -36.45000000   25.73750534   99.73792461   1.16002283   -0.34614429   
6.10000000   6.97000000   68.32000000   -36.45000000   25.71881043   99.71710167   1.07334473   -0.48306400   
6.10000000   6.97000000   68.32000000   -36.45000000   25.70700533   99.74103608   1.08028757   -0.56912938   
6.10000000   6.97000000   68.32000000   -36.45000000   25.71146676   99.75041273   1.02868934   -0.58669054   
6.10000000   6.97000000   68.32000000   -36.45000000   25.74486792   99.75442052   1.18442353   -0.50787296   
6.10000000   6.97000000   68.32000000   -36.45000000   25.75143222   99.76312034   1.01812449   -0.64925172   
6.10000000   6.97000000   68.32000000   -36.45000000   25.73287734   99.76501137   1.41692143   -0.51222517   
6.10000000   6.97000000   68.32000000   -36.45000000   25.71322551   99.73852265   1.87362968   -0.47695924   
6.10000000   6.97000000   68.32000000   -36.45000000   25.70989668   99.75740955   1.52836486   -0.50423809   
6.10000000   6.97000000   68.32000000   -36.45000000   25.72792830   99.76173048   1.15168771   -0.64892003   
6.10000000   6.97000000   68.32000000   -36.45000000   25.72901953   99.72801743   1.14334048   -0.67472553   
6.10000000   6.97000000   68.32000000   -36.45000000   25.73537021   99.73126776   1.16645715   -0.74952141   
6.10000000   6.97000000   68.32000000   -36.45000000   25.72730208   99.76380835   1.08403705   -0.55098371   
6.10000000   6.97000000   68.32000000   -36.45000000   25.72877533   99.75577390   1.49380423   -0.60418069   
6.10000000   6.97000000   68.32000000   -36.45000000   25.71925271   99.76070558   1.61974493   -0.54983849   
6.10000000   6.97000000   68.32000000   -36.45000000   25.71856319   99.75660680   1.15412638   -0.42691320   
6.10000000   6.97000000   68.32000000   -36.45000000   25.72938052   99.75388416   1.82257760   -0.31322455   
6.10000000   6.97000000   68.32000000   -36.45000000   25.72623894   99.75653667   1.85240298   -0.27853082   
6.10000000   6.97000000   68.32000000   -36.45000000   25.72008073   99.74094587   1.58869795   -0.30412328   
6.10000000   6.97000000   68.32000000   -36.45000000   25.76025925   99.73066330   1.22934857   -0.34559423   
6.10000000   6.97000000   68.32000000   -36.45000000   25.74431579   99.71828879   1.15477048   -0.46690213   
6.10000000   6.97000000   68.32000000   -36.45000000   25.74483765   99.73942152   1.17204288   -0.38327004   
6.10000000   6.97000000   68.32000000   -36.45000000   25.74637128   99.75084552   1.07837296   -0.31119424   
6.10000000   6.97000000   68.32000000   -36.45000000   25.73140340   99.75601176   1.00332186   -0.32735509   
6.10000000   6.97000000   68.32000000   -36.45000000   25.74266831   99.73907771   1.09896805   -0.35966453   
6.10000000   6.97000000   68.32000000   -36.45000000   25.72475476   99.73400376   1.68494130   -0.54178007   
6.10000000   6.97000000   68.32000000   -36.45000000   25.70168568   99.74585908   1.11949553   -0.72548224   
6.10000000   6.97000000   68.32000000   -36.45000000   25.75868351   99.75212693   1.13325069   -0.83662645   
6.10000000   6.97000000   68.32000000   -36.45000000   25.75292682   99.73534170   1.38223364   -0.90909412   
6.10000000   6.97000000   68.32000000   -36.45000000   25.75536389   99.72906460   1.36926083   -0.81241758   
6.10000000   6.97000000   68.32000000   -36.45000000   25.74680039   99.72805105   1.80084771   -0.64930643   
6.10000000   6.97000000   68.32000000   -36.45000000   25.74430765   99.70778475   1.29678369   -0.63017261   
6.10000000   6.97000000   68.32000000   -36.45000000   25.72789915   99.71536751   1.31360013   -0.49134821   
6.10000000   6.97000000   68.32000000   -36.45000000   25.72043736   99.72758971   1.18684029   -0.60426314   
6.10000000   6.97000000   68.32000000   -36.45000000   25.72238402   99.72968515   1.40296352   -0.54242535   
6.10000000   6.97000000   68.32000000   -36.45000000   25.73334654   99.73308451   1.39441539   -0.52891033   
6.10000000   6.97000000   68.32000000   -36.45000000   25.73400295   99.74201473   1.72463517   -0.49235731   
6.10000000   6.97000000   68.32000000   -36.45000000   25.72035294   99.72825297   2.07295537   -0.54936238   
6.10000000   6.97000000   68.32000000   -36.45000000   25.73556500   99.71733952   1.57166711   -0.48976481   
6.10000000   6.97000000   68.32000000   -36.45000000   25.74922298   99.75384289   1.98191477   -0.62722248   
6.10000000   6.97000000   68.32000000   -36.45000000   25.73172520   99.75791879   1.67980445   -0.39988745   
6.10000000   6.97000000   68.32000000   -36.45000000   25.72668815   99.73732412   1.68447812   -0.35586495   
6.10000000   6.97000000   68.32000000   -36.45000000   25.72892288   99.72165962   1.04082610   -0.26156697   
6.10000000   6.97000000   68.32000000   -36.45000000   25.70656176   99.72812812   1.02245520   -0.45852565   
6.10000000   6.97000000   68.32000000   -36.45000000   25.73447564   99.71823230   1.24037076   -0.63772242   
6.10000000   6.97000000   68.32000000   -36.45000000   25.71471175   99.73762073   1.46637114   -0.64212917   
6.10000000   6.97000000   68.32000000   -36.45000000   25.71929345   99.70198054   1.00797850   -0.81029718   
6.10000000   6.97000000   68.32000000   -36.45000000   25.71898538   99.70559765   1.16639722   -0.70255447   
6.10000000   6.97000000   68.32000000   -36.45000000   25.71229429   99.71913228   1.40679108   -0.70675243   
6.10000000   6.97000000   68.32000000   -36.45000000   25.68809309   99.72100089   1.14211163   -0.67679004   
6.10000000   6.97000000   68.32000000   -36.45000000   25.69232291   99.73674595   1.15896858   -0.65535065   
6.10000000   6.97000000   68.32000000   -36.45000000   25.71559377   99.73595556   1.45113583   -0.63826783   
6.10000000   6.97000000   68.32000000   -36.45000000   25.72746753   99.73964727   1.01584664   -0.64953475   
6.10000000   6.97000000   68.32000000   -36.45000000   25.73606331   99.74221630   1.28083564   -0.64614880   
6.10000000   6.97000000   68.32000000   -36.45000000   25.73713829   99.73949760   1.24442124   -0.70447861   
6.10000000   6.97000000   68.32000000   -36.45000000   25.74338499   99.72704923   1.14981254   -0.86412756   
6.10000000   6.97000000   68.32000000   -36.45000000   25.76172310   99.71914115   1.61332880   -0.83278331   
6.10000000   6.97000000   68.32000000   -36.45000000   25.77065453   99.73903738   1.63152950   -0.85973511   
6.10000000   6.97000000   68.32000000   -36.45000000   25.76361426   99.73116361   2.52366523   -0.77446064   
6.10000000   6.97000000   68.32000000   -36.45000000   25.73864478   99.72964888   2.81814231   -0.82382169   
6.10000000   6.97000000   68.32000000   -36.45000000   25.73578185   99.73774724   2.83698547   -0.78400920   
6.10000000   6.97000000   68.32000000   -36.45000000   25.75282866   99.73770542   2.38898443   -0.73568041   
6.10000000   6.97000000   68.32000000   -36.45000000   25.74935495   99.73106809   2.23661524   -0.89320263   
6.10000000   6.97000000   68.32000000   -36.45000000   25.74425038   99.73711729   2.18384304   -0.86629225   
6.10000000   6.97000000   68.32000000   -36.45000000   25.75278167   99.73404865   1.77885872   -0.79790606   
6.10000000   6.97000000   68.32000000   -36.45000000   25.74048482   99.74552601   1.80362342   -0.71301905   
6.10000000   6.97000000   68.32000000   -36.45000000   25.75758342   99.73987451   1.41906888   -0.71855536   
6.10000000   6.97000000   68.32000000   -36.45000000   25.73690046   99.72066561   1.38856590   -0.57692950   
6.10000000   6.97000000   68.32000000   -36.45000000   25.73311472   99.73195926   1.49477091   -0.59574726   
6.10000000   6.97000000   68.32000000   -36.45000000   25.71243456   99.73550865   1.52460575   -0.35691632   
6.10000000   6.97000000   68.32000000   -36.45000000   25.70424931   99.75172471   1.56148550   -0.30853507   
6.10000000   6.97000000   68.32000000   -36.45000000   25.71417923   99.73456698   1.62526480   -0.27108802   
6.10000000   6.97000000   68.32000000   -36.45000000   25.70225555   99.74330644   1.45754891   -0.23267540   
6.10000000   6.97000000   68.32000000   -36.45000000   25.68309856   99.75467079   1.11825629   -0.37262862   
6.10000000   6.97000000   68.32000000   -36.45000000   25.71368108   99.73888440   1.63028324   -0.31460456   
6.10000000   6.97000000   68.32000000   -36.45000000   25.73366924   99.72072428   1.93619961   -0.48578008   
6.10000000   6.97000000   68.32000000   -36.45000000   25.76164595   99.72431481   1.51191040   -0.62902045   
6.10000000   6.97000000   68.32000000   -36.45000000   25.73665165   99.70276996   1.56228165   -0.70701404   
6.10000000   6.97000000   68.32000000   -36.45000000   25.76164301   99.71541962   1.40484618   -0.63810077   
6.10000000   6.97000000   68.32000000   -36.45000000   25.74183564   99.74822644   1.49170893   -0.67608471   
6.10000000   6.97000000   68.32000000   -36.45000000   25.72355474   99.75169021   1.08996226   -0.74084668   
6.10000000   6.97000000   68.32000000   -36.45000000   25.70118076   99.73056757   1.25184029   -0.45989188   
6.10000000   6.97000000   68.32000000   -36.45000000   25.72360237   99.72931958   1.50993054   -0.36728438   
6.10000000   6.97000000   68.32000000   -36.45000000   25.72386577   99.74358296   1.72318548   -0.30465684   
6.10000000   6.97000000   68.32000000   -36.45000000   25.72841530   99.73990301   1.46119059   -0.41108359   
6.10000000   6.97000000   68.32000000   -36.45000000   25.71492015   99.73827400   1.05702420   -0.49685523   
6.10000000   6.97000000   68.32000000   -36.45000000   25.71170855   99.73922212   1.17053259   -0.48323563   
6.10000000   6.97000000   68.32000000   -36.45000000   25.71762826   99.73715497   1.68714677   -0.48348052   
6.10000000   6.97000000   68.32000000   -36.45000000   25.74451903   99.74549684   1.20557416   -0.49630468   
6.10000000   6.97000000   68.32000000   -36.45000000   25.74075767   99.76414773   1.01795356   -0.41343148   
6.10000000   6.97000000   68.32000000   -36.45000000   25.74577798   99.75926998   1.09656775   -0.35137155   
6.10000000   6.97000000   68.32000000   -36.45000000   25.70780921   99.74493326   1.34813043   -0.32664981   
6.10000000   6.97000000   68.32000000   -36.45000000   25.75181490   99.75684582   1.59110625   -0.31562893   
6.10000000   6.97000000   68.32000000   -36.45000000   25.74109116   99.74053521   1.02330744   -0.28771849   
6.10000000   6.97000000   68.32000000   -36.45000000   25.71229052   99.73968225   1.27376250   -0.32335717   
6.10000000   6.97000000   68.32000000   -36.45000000   25.72494548   99.75765330   1.02886962   -0.34137732   
6.10000000   6.97000000   68.32000000   -36.45000000   25.70207447   99.74793342   1.10972429   -0.30230989   
6.10000000   6.97000000   68.32000000   -36.45000000   25.69567878   99.74494423   1.71349058   -0.22748011   
6.10000000   6.97000000   68.32000000   -36.45000000   25.70000047   99.74362488   1.74125536   -0.37618260   
6.10000000   6.97000000   68.32000000   -36.45000000   25.71635652   99.73188432   1.99029868   -0.56111265   
6.10000000   6.97000000   68.32000000   -36.45000000   25.71171473   99.71848064   2.17733794   -0.52349361   
6.10000000   6.97000000   68.32000000   -36.45000000   25.73375285   99.70375167   2.31903399   -0.49313386   
6.10000000   6.97000000   68.32000000   -36.45000000   25.77062024   99.73070693   2.44898360   -0.39713207   
6.10000000   6.97000000   68.32000000   -36.45000000   25.74766627   99.74949701   2.40800800   -0.46966192   
6.10000000   6.97000000   68.32000000   -36.45000000   25.74718159   99.74407974   1.83371962   -0.35498615   
6.10000000   6.97000000   68.32000000   -36.45000000   25.75806346   99.75879951   1.23908628   -0.32192309   
6.10000000   6.97000000   68.32000000   -36.45000000   25.74146907   99.75585837   2.04615112   -0.29811605   
6.10000000   6.97000000   68.32000000   -36.45000000   25.74281199   99.74312379   2.68880336   -0.23674735   
6.10000000   6.97000000   68.32000000   -36.45000000   25.70464683   99.72771275   2.31935012   -0.22940496   
6.10000000   6.97000000   68.32000000   -36.45000000   25.72200833   99.71600308   2.05942049   -0.27127159   
6.10000000   6.97000000   68.32000000   -36.45000000   25.74166447   99.75218277   1.83993684   -0.33432037   
6.10000000   6.97000000   68.32000000   -36.45000000   25.75255799   99.74928704   1.58387641   -0.43005763   
6.10000000   6.97000000   68.32000000   -36.45000000   25.74996082   99.76055644   1.10396841   -0.37690982   
6.10000000   6.97000000   68.32000000   -36.45000000   25.72631950   99.74859709   1.27831049   -0.43319930   
6.10000000   6.97000000   68.32000000   -36.45000000   25.71433003   99.77060382   1.18756991   -0.36912076   
6.10000000   6.97000000   68.32000000   -36.45000000   25.68873621   99.77038745   1.06064543   -0.27208128   
6.10000000   6.97000000   68.32000000   -36.45000000   25.70764103   99.79121078   1.03380132   -0.27675284   
6.10000000   6.97000000   68.32000000   -36.45000000   25.68830011   99.76448535   1.51080730   -0.32023685   
6.10000000   6.97000000   68.32000000   -36.45000000   25.71304841   99.76246785   1.17910982   -0.34729430   
6.10000000   6.97000000   68.32000000   -36.45000000   25.74039296   99.74824622   1.00406279   -0.20877043   
6.10000000   6.97000000   68.32000000   -36.45000000   25.72169624   99.74316034   1.00854970   -0.29689781   
6.10000000   6.97000000   68.32000000   -36.45000000   25.72527097   99.75002652   1.04163318   -0.35853604   
6.10000000   6.97000000   68.32000000   -36.45000000   25.73118934   99.74372036   1.71373276   -0.36110111   
6.10000000   6.97000000   68.32000000   -36.45000000   25.73672715   99.72388526   1.05166647   -0.34167907   
6.10000000   6.97000000   68.32000000   -36.45000000   25.73471287   99.72045252   1.09919279   -0.36365109   
6.10000000   6.97000000   68.32000000   -36.45000000   25.69982354   99.76269144   1.02013745   -0.26647059   
6.10000000   6.97000000   68.32000000   -36.45000000   25.71792883   99.76112160   1.31153208   -0.27662857   
6.10000000   6.97000000   68.32000000   -36.45000000   25.72585020   99.74165002   1.19725289   -0.20471542   
6.10000000   6.97000000   68.32000000   -36.45000000   25.72954795   99.74963847   1.07242016   -0.17162632   
6.10000000   6.97000000   68.32000000   -36.45000000   25.72919327   99.73212800   1.14231080   -0.26774118   
6.10000000   6.97000000   68.32000000   -36.45000000   25.72642068   99.71687042   1.45265884   -0.42295429   
6.10000000   6.97000000   68.32000000   -36.45000000   25.74584700   99.72592182   1.38440037   -0.49909846   
6.10000000   6.97000000   68.32000000   -36.45000000   25.72432977   99.70353101   1.65962843   -0.65306632   
6.10000000   6.97000000   68.32000000   -36.45000000   25.71423225   99.70169426   1.22136420   -0.73631133   
6.10000000   6.97000000   68.32000000   -36.45000000   25.72480865   99.72630151   2.47643568   -0.84811211   
6.10000000   6.97000000   68.32000000   -36.45000000   25.73583467   99.70696337   2.23611934   -0.85019509   
6.10000000   6.97000000   68.32000000   -36.45000000   25.74405568   99.71979831   1.03132142   -0.86780434   
6.10000000   6.97000000   68.32000000   -36.45000000   25.72537786   99.70923930   1.35549941   -0.98567525   
6.10000000   6.97000000   68.32000000   -36.45000000   25.74412529   99.71614110   1.48612256   -0.87440528   
6.10000000   6.97000000   68.32000000   -36.45000000   25.73477661   99.73099812   1.00998482   -0.90112625   
6.10000000   6.97000000   68.32000000   -36.45000000   25.75152016   99.72571814   1.69056295   -0.82926773   
6.10000000   6.97000000   68.32000000   -36.45000000   25.74465091   99.73458166   1.39338031   -0.92378395   
6.10000000   6.97000000   68.32000000   -36.45000000   25.76629614   99.73430228   1.49650521   -0.89660419   
6.10000000   6.97000000   68.32000000   -36.45000000   25.73494659   99.72929227   1.10506018   -1.00789784   
6.10000000   6.97000000   68.32000000   -36.45000000   25.74327126   99.71334080   1.53260994   -0.98384944   
6.10000000   6.97000000   68.32000000   -36.45000000   25.76331901   99.71370734   1.45436286   -1.08766327   
6.10000000   6.97000000   68.32000000   -36.45000000   25.77339526   99.73827564   1.10542760   -0.96599089   
6.10000000   6.97000000   68.32000000   -36.45000000   25.75794763   99.71846142   1.55025515   -0.87756988   
6.10000000   6.97000000   68.32000000   -36.45000000   25.76122455   99.72577606   1.35665513   -0.94401311   
6.10000000   6.97000000   68.32000000   -36.45000000   25.73162705   99.72789461   1.58368927   -0.92874393   
6.10000000   6.97000000   68.32000000   -36.45000000   25.72667975   99.73161679   1.44025457   -0.83917991   
6.10000000   6.97000000   68.32000000   -36.45000000   25.74091674   99.71193252   1.75225251   -0.74646203   
6.10000000   6.97000000   68.32000000   -36.45000000   25.73663730   99.72233685   1.68945281   -0.64691423   
6.10000000   6.97000000   68.32000000   -36.45000000   25.73373516   99.71750657   2.15684285   -0.62583902   
6.10000000   6.97000000   68.32000000   -36.45000000   25.72607171   99.71013459   2.24586546   -0.54871172   
6.10000000   6.97000000   68.32000000   -36.45000000   25.72546088   99.73658364   2.74967162   -0.52487344   
6.10000000   6.97000000   68.32000000   -36.45000000   25.73529121   99.74054100   2.33912063   -0.45046560   
6.10000000   6.97000000   68.32000000   -36.45000000   25.74204613   99.72808025   1.89116037   -0.49369302   
6.10000000   6.97000000   68.32000000   -36.45000000   25.73082327   99.74917231   1.12349079   -0.53143539   
6.10000000   6.97000000   68.32000000   -36.45000000   25.73829671   99.72674182   1.20559148   -0.52468632   
6.10000000   6.97000000   68.32000000   -36.45000000   25.72026011   99.73575641   1.24126148   -0.70330681   
6.10000000   6.97000000   68.32000000   -36.45000000   25.73457453   99.72644996   1.19530536   -0.90653297   
6.10000000   6.97000000   68.32000000   -36.45000000   25.73119032   99.72003017   1.12995312   -0.82043084   
6.10000000   6.97000000   68.32000000   -36.45000000   25.74850317   99.71821407   1.50511364   -0.88592510   
6.10000000   6.97000000   68.32000000   -36.45000000   25.73265642   99.72366789   1.00638731   -0.86934798   
6.10000000   6.97000000   68.32000000   -36.45000000   25.73433960   99.72708305   1.04206796   -0.83644810   
6.10000000   6.97000000   68.32000000   -36.45000000   25.74949125   99.71116567   1.04538571   -0.80160830   
6.10000000   6.97000000   68.32000000   -36.45000000   25.76533141   99.74130858   1.73299340   -0.84492398   
6.10000000   6.97000000   68.32000000   -36.45000000   25.75117043   99.73789206   1.45581055   -0.65848496   
6.10000000   6.97000000   68.32000000   -36.45000000   25.73453564   99.73175716   1.66720712   -0.61448717   
6.10000000   6.97000000   68.32000000   -36.45000000   25.71562859   99.73766490   1.75139014   -0.52677806   
6.10000000   6.97000000   68.32000000   -36.45000000   25.72320255   99.75499092   1.61621260   -0.41617406   
6.10000000   6.97000000   68.32000000   -36.45000000   25.72612598   99.76113259   2.24132758   -0.28596041   
6.10000000   6.97000000   68.32000000   -36.45000000   25.74217962   99.75354346   1.41234635   -0.06978267   
6.10000000   6.97000000   68.32000000   -36.45000000   25.73369698   99.75817020   1.79031074   -0.05164857   
6.10000000   6.97000000   68.32000000   -36.45000000   25.75029984   99.74451494   1.01432535   -0.08017833   
6.10000000   6.97000000   68.32000000   -36.45000000   25.72684664   99.74815630   1.38779309   0.11428399   
6.10000000   6.97000000   68.32000000   -36.45000000   25.74549323   99.75001977   1.19113250   0.11486156   
6.10000000   6.97000000   68.32000000   -36.45000000   25.74636283   99.76842692   1.61298598   -0.03783432   
6.10000000   6.97000000   68.32000000   -36.45000000   25.75090741   99.76383447   1.38198397   0.02905427   
6.10000000   6.97000000   68.32000000   -36.45000000   25.74369890   99.76963964   2.08044488   0.02166650   
6.10000000   6.97000000   68.32000000   -36.45000000   25.74472678   99.76859097   1.71521717   -0.09597874   
6.10000000   6.97000000   68.32000000   -36.45000000   25.75792122   99.74498138   1.39108250   0.00143901   
6.10000000   6.97000000   68.32000000   -36.45000000   25.75327979   99.74239629   2.10086432   -0.00767069   
6.10000000   6.97000000   68.32000000   -36.45000000   25.74204716   99.75277470   1.85288968   -0.06292661   
6.10000000   6.97000000   68.32000000   -36.45000000   25.70065383   99.73708576   2.06923244   -0.09771961   
6.10000000   6.97000000   68.32000000   -36.45000000   25.69844931   99.73689913   1.75129983   -0.09328550   
6.10000000   6.97000000   68.32000000   -36.45000000   25.74026844   99.72864482   1.30449828   -0.02625862   
6.10000000   6.97000000   68.32000000   -36.45000000   25.74109763   99.74293912   1.05305004   -0.08688695   
6.10000000   6.97000000   68.32000000   -36.45000000   25.73081128   99.75516852   1.14369005   -0.04283795   
6.10000000   6.97000000   68.32000000   -36.45000000   25.71345699   99.76004032   1.00669013   -0.04275574   
6.10000000   6.97000000   68.32000000   -36.45000000   25.71519933   99.74307490   1.18126378   -0.05051523   
6.10000000   6.97000000   68.32000000   -36.45000000   25.72127281   99.77374357   1.26499934   0.03079466   
6.10000000   6.97000000   68.32000000   -36.45000000   25.69505447   99.75184634   1.30495101   -0.04115830   
6.10000000   6.97000000   68.32000000   -36.45000000   25.68559455   99.74670070   1.18686295   -0.24330565   
6.10000000   6.97000000   68.32000000   -36.45000000   25.70828701   99.74049869   1.26140675   -0.16256200   
6.10000000   6.97000000   68.32000000   -36.45000000   25.69997166   99.74108795   1.56920495   -0.17703763   
6.10000000   6.97000000   68.32000000   -36.45000000   25.70973651   99.75675036   1.36306652   -0.07908665   
6.10000000   6.97000000   68.32000000   -36.45000000   25.70575263   99.77461096   1.23248398   -0.21907551   
6.10000000   6.97000000   68.32000000   -36.45000000   25.70422002   99.75967046   1.09023378   -0.22427286   
6.10000000   6.97000000   68.32000000   -36.45000000   25.70898249   99.75015074   1.07537601   -0.32234938   
6.10000000   6.97000000   68.32000000   -36.45000000   25.71475267   99.74861843   1.16258649   -0.18116713   
6.10000000   6.97000000   68.32000000   -36.45000000   25.71541038   99.75060397   1.35192018   -0.26868197   
6.10000000   6.97000000   68.32000000   -36.45000000   25.71127678   99.74963485   2.02394201   -0.10643910   
6.10000000   6.97000000   68.32000000   -36.45000000   25.74025938   99.75973865   1.62236213   -0.10535464   
6.10000000   6.97000000   68.32000000   -36.45000000   25.74791450   99.73093651   1.81026970   -0.26003581   
6.10000000   6.97000000   68.32000000   -36.45000000   25.73601583   99.73838299   2.18995065   -0.41741925   
6.10000000   6.97000000   68.32000000   -36.45000000   25.74772228   99.73016056   2.39705392   -0.42727035   
6.10000000   6.97000000   68.32000000   -36.45000000   25.74377298   99.75096275   2.12871355   -0.47778447   
6.10000000   6.97000000   68.32000000   -36.45000000   25.73559969   99.74994907   2.39298912   -0.40373842   
6.10000000   6.97000000   68.32000000   -36.45000000   25.76499913   99.73205993   2.12361457   -0.52950724   
6.10000000   6.97000000   68.32000000   -36.45000000   25.75272573   99.73443731   2.12502899   -0.69043961   
6.10000000   6.97000000   68.32000000   -36.45000000   25.72473964   99.75144235   1.97524281   -0.64244694   
6.10000000   6.97000000   68.32000000   -36.45000000   25.70787336   99.72179674   1.15953396   -0.66572376   
6.10000000   6.97000000   68.32000000   -36.45000000   25.73536843   99.75675612   1.59085491   -0.65516461   
6.10000000   6.97000000   68.32000000   -36.45000000   25.71699139   99.75207054   2.02628608   -0.62706361   
6.10000000   6.97000000   68.32000000   -36.45000000   25.70083474   99.76142243   1.35499085   -0.59581371   
6.10000000   6.97000000   68.32000000   -36.45000000   25.73051206   99.75927495   1.04250906   -0.79040181   
6.10000000   6.97000000   68.32000000   -36.45000000   25.71695191   99.73094877   1.03007159   -0.68269080   
6.10000000   6.97000000   68.32000000   -36.45000000   25.69670313   99.73299442   1.15700044   -0.64572326   
6.10000000   6.97000000   68.32000000   -36.45000000   25.70264684   99.74339027   1.49172090   -0.39865615   
6.10000000   6.97000000   68.32000000   -36.45000000   25.70856994   99.75697591   1.54333784   -0.15662237   
6.10000000   6.97000000   68.32000000   -36.45000000   25.70591306   99.73562677   1.73591274   -0.21662393   
6.10000000   6.97000000   68.32000000   -36.45000000   25.70611603   99.72364266   1.49207664   -0.29071032   
6.10000000   6.97000000   68.32000000   -36.45000000   25.72054791   99.73102854   2.19285688   -0.31699675   
6.10000000   6.97000000   68.32000000   -36.45000000   25.70075878   99.72986522   1.67163114   -0.09682763   
6.10000000   6.97000000   68.32000000   -36.45000000   25.68898991   99.74669762   1.04370446   -0.07677807   
6.10000000   6.97000000   68.32000000   -36.45000000   25.70768993   99.76902740   1.22350114   -0.00101575   
6.10000000   6.97000000   68.32000000   -36.45000000   25.73401686   99.76682054   1.43516831   -0.00242520   
6.10000000   6.97000000   68.32000000   -36.45000000   25.72057125   99.76052242   1.59079226   0.03049879   
6.10000000   6.97000000   68.32000000   -36.45000000   25.72796058   99.74939706   1.15043610   -0.02231136   
6.10000000   6.97000000   68.32000000   -36.45000000   25.70919972   99.76751313   1.49903304   -0.10423367   
6.10000000   6.97000000   68.32000000   -36.45000000   25.71004554   99.75324520   2.06876883   -0.19786292   
6.10000000   6.97000000   68.32000000   -36.45000000   25.70224595   99.75758114   1.17597373   -0.13898114   
6.10000000   6.97000000   68.32000000   -36.45000000   25.72843778   99.75611931   1.45609424   -0.04224848   
6.10000000   6.97000000   68.32000000   -36.45000000   25.73034771   99.74198353   1.24982422   -0.01017682   
6.10000000   6.97000000   68.32000000   -36.45000000   25.71981614   99.74035329   1.45630603   -0.13073341   
6.10000000   6.97000000   68.32000000   -36.45000000   25.72800315   99.73996719   1.46025631   -0.11674193   
6.10000000   6.97000000   68.32000000   -36.45000000   25.73270811   99.74197879   1.80212624   -0.15039567   
6.10000000   6.97000000   68.32000000   -36.45000000   25.72922117   99.74480315   1.07118027   -0.20368543   
6.10000000   6.97000000   68.32000000   -36.45000000   25.75189712   99.74506894   1.38196355   -0.29453562   
6.10000000   6.97000000   68.32000000   -36.45000000   25.74811334   99.74987157   1.57286169   -0.32477532   
6.10000000   6.97000000   68.32000000   -36.45000000   25.72506159   99.75289489   1.54937977   -0.37004805   
6.10000000   6.97000000   68.32000000   -36.45000000   25.72201075   99.75148933   1.58346870   -0.36451720   
6.10000000   6.97000000   68.32000000   -36.45000000   25.73877165   99.72596443   1.19873559   -0.41228441   
6.10000000   6.97000000   68.32000000   -36.45000000   25.73247444   99.72938924   1.24078847   -0.60034723   
6.10000000   6.97000000   68.32000000   -36.45000000   25.73321353   99.73633294   1.27164005   -0.64752276   
6.10000000   6.97000000   68.32000000   -36.45000000   25.73180729   99.73939339   1.01810171   -0.66036318   
6.10000000   6.97000000   68.32000000   -36.45000000   25.72078650   99.74148523   1.03964684   -0.64608912   
6.10000000   6.97000000   68.32000000   -36.45000000   25.73570307   99.73600962   1.20002182   -0.71182909   
6.10000000   6.97000000   68.32000000   -36.45000000   25.71564280   99.73797847   1.38402640   -0.48821061   
6.10000000   6.97000000   68.32000000   -36.45000000   25.72375944   99.73574798   1.08268340   -0.44117646   
6.10000000   6.97000000   68.32000000   -36.45000000   25.72190607   99.75692356   1.22397594   -0.44690384   
6.10000000   6.97000000   68.32000000   -36.45000000   25.72664071   99.73377429   1.53681146   -0.45308974   
6.10000000   6.97000000   68.32000000   -36.45000000   25.74420525   99.73328282   1.91418395   -0.46865223   
6.10000000   6.97000000   68.32000000   -36.45000000   25.73370669   99.72984540   1.88411761   -0.58691037   
6.10000000   6.97000000   68.32000000   -36.45000000   25.73343516   99.71792750   2.72669943   -0.63946350   
6.10000000   6.97000000   68.32000000   -36.45000000   25.72465231   99.71139921   2.05031531   -0.53819444   
6.10000000   6.97000000   68.32000000   -36.45000000   25.72578996   99.71379342   2.10916369   -0.56003159   
6.10000000   6.97000000   68.32000000   -36.45000000   25.73029736   99.71802076   2.17381736   -0.45185218   
6.10000000   6.97000000   68.32000000   -36.45000000   25.71422811   99.72201275   1.76549655   -0.24983493   
6.10000000   6.97000000   68.32000000   -36.45000000   25.72675893   99.76191682   1.46106092   -0.27879091   
6.10000000   6.97000000   68.32000000   -36.45000000   25.72131112   99.74910802   1.74203634   -0.24578758   
6.10000000   6.97000000   68.32000000   -36.45000000   25.71922358   99.75733518   1.09883901   -0.24336507   
6.10000000   6.97000000   68.32000000   -36.45000000   25.71415560   99.75378600   1.41016269   -0.23564066   
6.10000000   6.97000000   68.32000000   -36.45000000   25.71046693   99.76964001   1.12857462   -0.10449377   
6.10000000   6.97000000   68.32000000   -36.45000000   25.71309756   99.75050477   1.03426311   -0.07330328   
6.10000000   6.97000000   68.32000000   -36.45000000   25.71991383   99.73967064   1.23272591   -0.09980574   
6.10000000   6.97000000   68.32000000   -36.45000000   25.71146340   99.75543172   1.47230695   -0.14303824   
6.10000000   6.97000000   68.32000000   -36.45000000   25.71250955   99.74044932   1.00066618   -0.10548983   
6.10000000   6.97000000   68.32000000   -36.45000000   25.72031428   99.77193437   1.56483141   -0.05048852   
6.10000000   6.97000000   68.32000000   -36.45000000   25.71821989   99.73635354   1.28531070   -0.09728716   
6.10000000   6.97000000   68.32000000   -36.45000000   25.73460002   99.72158083   1.63709281   -0.24898305   
6.10000000   6.97000000   68.32000000   -36.45000000   25.72880849   99.72587659   1.69519235   -0.35265706   
6.10000000   6.97000000   68.32000000   -36.45000000   25.70808789   99.75150974   1.39635105   -0.30564311   
6.10000000   6.97000000   68.32000000   -36.45000000   25.72135325   99.75920500   1.42973526   -0.22537950   
6.10000000   6.97000000   68.32000000   -36.45000000   25.72432798   99.72639414   1.69862293   -0.31081673   
6.10000000   6.97000000   68.32000000   -36.45000000   25.73482996   99.72482545   1.77561326   -0.45321108   
6.10000000   6.97000000   68.32000000   -36.45000000   25.73506041   99.71363013   1.49798513   -0.61160824   
6.10000000   6.97000000   68.32000000   -36.45000000   25.73953194   99.72671493   1.38083051   -0.63009743   
6.10000000   6.97000000   68.32000000   -36.45000000   25.73137932   99.74265084   1.20711374   -0.62931143   
6.10000000   6.97000000   68.32000000   -36.45000000   25.71946358   99.72768947   1.05202462   -0.50960284   
6.10000000   6.97000000   68.32000000   -36.45000000   25.71131574   99.73664531   1.24228017   -0.35170580   
6.10000000   6.97000000   68.32000000   -36.45000000   25.70795399   99.74728472   1.08436071   -0.33059647   
6.10000000   6.97000000   68.32000000   -36.45000000   25.73215028   99.74512477   1.17768421   -0.30760404   
6.10000000   6.97000000   68.32000000   -36.45000000   25.71477833   99.71699589   1.24326288   -0.29347708   
6.10000000   6.97000000   68.32000000   -36.45000000   25.72686677   99.73399893   1.79331762   -0.33359561   
6.10000000   6.97000000   68.32000000   -36.45000000   25.75512182   99.76964646   1.12247559   -0.28587404   
6.10000000   6.97000000   68.32000000   -36.45000000   25.73597913   99.77010568   1.39619277   -0.13939584   
6.10000000   6.97000000   68.32000000   -36.45000000   25.73782562   99.75824623   1.58881697   -0.25991394   
6.10000000   6.97000000   68.32000000   -36.45000000   25.72937295   99.76372701   1.56432410   -0.22779743   
6.10000000   6.97000000   68.32000000   -36.45000000   25.72592266   99.76486041   1.68013946   -0.41061647   
6.10000000   6.97000000   68.32000000   -36.45000000   25.72237538   99.77375763   1.19762319   -0.43346027   
6.10000000   6.97000000   68.32000000   -36.45000000   25.71387217   99.77089398   1.35941297   -0.40062903   
6.10000000   6.97000000   68.32000000   -36.45000000   25.73844139   99.76839295   1.59493573   -0.30020612   
6.10000000   6.97000000   68.32000000   -36.45000000   25.74185311   99.76023493   1.33634794   -0.30160779   
6.10000000   6.97000000   68.32000000   -36.45000000   25.72660172   99.76743452   1.25967977   -0.23323447   
6.10000000   6.97000000   68.32000000   -36.45000000   25.72151214   99.76167726   1.02285585   -0.30433092   
6.10000000   6.97000000   68.32000000   -36.45000000   25.71859177   99.78258002   1.09805146   -0.13155638   
6.10000000   6.97000000   68.32000000   -36.45000000   25.73386764   99.76333970   1.58640763   -0.20732071   
6.10000000   6.97000000   68.32000000   -36.45000000   25.70987564   99.75499831   1.67685421   -0.07923683   
6.10000000   6.97000000   68.32000000   -36.45000000   25.69829283   99.75226068   1.07518021   -0.15440279   
6.10000000   6.97000000   68.32000000   -36.45000000   25.73253852   99.76057585   1.09392869   -0.20378762   
6.10000000   6.97000000   68.32000000   -36.45000000   25.71692047   99.74821902   1.11703489   -0.22664726   
6.10000000   6.97000000   68.32000000   -36.45000000   25.69758507   99.75028681   1.41284420   -0.30086809   
6.10000000   6.97000000   68.32000000   -36.45000000   25.72398053   99.73878801   1.20945404   -0.35720072   
6.10000000   6.97000000   68.32000000   -36.45000000   25.69857935   99.73048518   1.36372944   -0.40401354   
6.10000000   6.97000000   68.32000000   -36.45000000   25.73606955   99.74121544   1.83173399   -0.21159404   
6.10000000   6.97000000   68.32000000   -36.45000000   25.72418372   99.74416105   1.66590571   -0.13751443   
6.10000000   6.97000000   68.32000000   -36.45000000   25.72129588   99.74645087   1.84143609   -0.17689409   
6.10000000   6.97000000   68.32000000   -36.45000000   25.71517911   99.72813275   1.60545346   -0.19209652   
6.10000000   6.97000000   68.32000000   -36.45000000   25.72302889   99.73199283   1.40726677   -0.31196914   
6.10000000   6.97000000   68.32000000   -36.45000000   25.74300211   99.75332368   1.24334738   -0.17165637   
