1086.48071034   
1047.08177562   
1003.87404955   
974.63966291   
952.24089944   
927.32653983   
929.76651593   
901.02623324   
843.71745504   
781.39196780   
752.67395637   
732.81880069   
721.23113709   
667.86549916   
658.69160148   
625.21133620   
624.62633490   
587.72099566   
584.87392447   
582.93915631   
581.63556493   
564.27288297   
555.80231809   
558.06344119   
551.02667504   
535.48527457   
531.84823850   
530.18116714   
530.12365545   
526.98234316   
525.03539286   
521.54792694   
519.48651304   
519.85181867   
522.52424560   
524.70142065   
518.84343395   
520.89056002   
522.55646011   
520.71040116   
520.77435525   
520.22085417   
520.01492589   
517.41583752   
517.11921691   
516.14879750   
518.64659092   
521.98010813   
522.27958385   
523.01648288   
524.72999586   
526.40930678   
528.20186086   
529.34749696   
529.27010948   
528.88123670   
525.22365533   
523.22827587   
525.20220440   
526.61754360   
523.15589278   
521.06808530   
520.68092874   
520.64839718   
520.26989753   
523.14683070   
518.89013994   
529.30515794   
530.02016055   
529.79768510   
520.76560669   
516.72915913   
517.53786041   
518.68175305   
518.22620605   
518.05697482   
520.19852092   
518.50994243   
518.95723144   
518.53713055   
522.19801094   
523.47523280   
523.89089507   
522.54383046   
519.67839529   
516.78036305   
515.58656017   
520.04444223   
522.55314458   
522.71171379   
517.82328966   
523.40755990   
522.68283019   
519.27286370   
522.94073073   
520.98198869   
518.40770519   
518.92819196   
516.34415838   
517.90001885   
519.78030685   
522.66167356   
523.41854025   
523.57805089   
522.30763468   
523.44845833   
522.44158906   
521.36296842   
517.79080791   
519.59618252   
518.83763313   
520.25382223   
523.74408422   
521.31930048   
526.58555587   
520.81329046   
518.37707497   
521.06829250   
518.64600575   
518.73967792   
520.43627846   
522.38814485   
522.71917850   
522.40012569   
526.52139669   
523.21692061   
521.20529128   
516.45701429   
519.08824921   
517.01536070   
517.08967562   
523.96314650   
527.50151481   
528.87636184   
532.14782699   
532.60226077   
528.58897927   
525.60308269   
525.73577526   
525.44187163   
524.64668329   
522.84140784   
519.27393735   
519.39097880   
520.38256951   
522.56355164   
521.96536660   
522.66061972   
525.44575642   
521.01152767   
522.38520211   
522.72274229   
524.45336925   
523.71497761   
521.45601425   
519.35247949   
522.79605698   
520.08989908   
519.42815400   
518.88488221   
516.10626872   
518.25626617   
519.18033030   
517.11106975   
519.84298286   
518.54283940   
520.98886540   
522.99161439   
518.56194511   
521.07411213   
517.14293836   
518.56561244   
524.18795161   
522.46488346   
523.47536238   
525.66364604   
527.92504422   
531.58764802   
526.99872634   
522.83895353   
521.29805924   
524.34453004   
525.48847669   
528.87745217   
526.65858012   
522.59840883   
522.01149108   
520.32384342   
519.25448954   
520.47005263   
524.46353283   
527.93438742   
528.32817577   
519.15552857   
519.03304088   
517.54596723   
516.39682882   
520.07514668   
520.46072458   
520.04992744   
519.67651103   
520.78678509   
518.29575037   
517.52005422   
519.88148510   
521.70736305   
520.84692675   
524.03623273   
525.63385218   
529.31370582   
525.78461046   
519.33966892   
523.78162705   
521.89782698   
517.81459784   
520.95082964   
522.72481343   
526.26513051   
520.50104618   
523.90512943   
525.98922233   
525.60871635   
523.32723192   
523.29690482   
522.52406974   
520.68660906   
523.31450451   
520.46197130   
523.98479362   
523.95620894   
525.32403242   
524.93302120   
521.99851851   
517.00379041   
516.64109209   
516.14186187   
517.38723349   
518.73620788   
521.36182996   
517.72069004   
516.67021422   
520.50852214   
524.72205235   
520.86737483   
518.49396629   
523.42406275   
520.07965745   
523.77398579   
523.20016889   
524.62754772   
523.45696698   
524.99178640   
526.05883531   
526.21229340   
526.69973417   
527.81994866   
524.99254703   
528.31628699   
529.13744913   
524.90096764   
526.90417597   
526.78583480   
526.86069515   
522.05279283   
519.44512908   
519.57708789   
519.66831764   
524.37743829   
524.79917929   
523.97718098   
521.50112104   
522.85273929   
521.63470859   
522.30108688   
518.62217452   
518.34642725   
517.69979379   
520.13816832   
524.40594644   
521.80114179   
524.49110701   
521.70484948   
524.28494765   
523.58593622   
526.65172653   
525.55568222   
525.15549637   
526.23473509   
520.67801637   
522.12746115   
527.25691487   
527.48510349   
521.66350329   
517.73683167   
522.50227317   
522.27007429   
520.47695427   
522.96960898   
523.63850261   
522.71505690   
526.28866662   
524.11145146   
521.90462926   
523.23172878   
522.43177982   
519.91007783   
521.89688026   
524.37988623   
520.82794544   
522.08953555   
521.93077937   
521.23203411   
521.24256258   
522.90169485   
518.55627787   
521.72515623   
520.97915056   
520.07395191   
518.96985600   
518.35951595   
515.95281836   
520.24170287   
516.63967024   
517.67668796   
516.16722170   
519.57253585   
516.76856425   
516.83805053   
519.49056015   
521.36890499   
521.89723161   
526.24919312   
525.37164953   
524.67653745   
523.32391395   
524.71616624   
521.43918426   
521.23724230   
517.80873097   
519.93422580   
521.06026573   
520.14217243   
519.79948900   
521.52939744   
521.10027047   
522.97060719   
522.72471426   
523.63870988   
520.26975926   
520.27255800   
520.53342322   
520.53011468   
521.84239061   
521.05534130   
519.54880285   
517.05597854   
518.36722261   
516.76406850   
518.54548917   
517.18516764   
522.52540136   
522.38403877   
524.41916136   
524.19543329   
520.82124726   
521.39299233   
522.68431111   
521.19115242   
524.77392253   
523.31263393   
522.01494890   
522.51982531   
517.71008448   
522.64070939   
522.23538022   
522.23449926   
519.76402091   
518.10911993   
517.39522176   
522.04362359   
516.95699814   
522.95848537   
522.56628744   
520.23097479   
522.70921924   
522.00379279   
520.87016000   
520.06504453   
