1835.72482791   
1934.30437690   
1701.63202050   
1767.72287595   
1744.43857664   
1604.78049322   
1529.69149902   
1434.77742708   
1291.47735304   
1272.01939615   
1267.74962861   
1258.75803763   
1245.74798766   
1301.52927654   
1298.30646541   
1213.76728858   
1210.07573843   
1196.81360658   
1222.05266587   
1196.11269584   
1208.55738056   
1205.30933169   
1204.58449460   
1222.37510893   
1228.45480466   
1217.61855053   
1217.54274240   
1198.89095059   
1215.49842216   
1199.59438021   
1197.36786499   
1232.70695022   
1235.77542684   
1199.69625834   
1189.49926511   
1189.92547956   
1237.56030164   
1185.18774030   
1188.21528284   
1190.61704208   
1183.96073208   
1200.83991526   
1178.05002686   
1185.61799520   
1195.08215146   
1202.20723798   
1198.67880528   
1201.21910669   
1184.92313636   
1188.87977602   
1190.64425884   
1190.15122574   
1205.52238926   
1178.08892734   
1215.21553857   
1179.73969212   
1184.08282886   
1192.24499798   
1167.63931624   
1162.80989864   
1173.00131320   
1171.83048427   
1190.07609124   
1173.20460221   
1172.61707131   
1165.86877938   
1184.88318113   
1188.71778021   
1164.16205838   
1172.06438648   
1170.20268821   
1185.04701968   
1162.80962824   
1174.68593474   
1168.39200957   
1162.81824664   
1170.02085010   
1165.57603680   
1160.24484855   
1206.47837425   
1168.82396896   
1178.26446121   
1176.69820716   
1162.42720348   
1178.25348164   
1177.83650888   
1181.99805447   
1222.26627788   
1182.86506690   
1162.85411848   
1173.38221035   
1178.68317740   
1167.74021162   
1170.89769670   
1167.54122347   
1171.91254078   
1209.75604410   
1170.82689698   
1179.43265919   
1168.61218068   
1217.85893583   
1181.38311098   
1164.85802119   
1178.64537110   
1176.92759207   
1206.27223993   
1173.21282404   
1189.87564903   
1168.70893349   
1177.17425897   
1167.74963625   
1179.41255651   
1159.55666006   
1171.03397107   
1183.50462081   
1170.03247733   
1187.57006922   
1194.64189618   
1169.98929362   
1182.99602389   
1161.24792158   
1204.47018466   
1171.74941733   
1180.59621281   
1174.44983847   
1183.28945119   
1181.18204696   
1171.15923005   
1176.48676346   
1173.68542543   
1181.84930380   
1181.80092462   
1174.13251176   
1180.57522411   
1177.04663590   
1186.77332701   
1173.35519771   
1162.17343772   
1174.55452002   
1173.04065693   
1177.74523454   
1171.42905646   
1176.35791233   
1177.82808716   
1169.91054431   
1188.99109440   
1181.73942678   
1213.03543994   
1192.66284683   
1168.32627110   
1199.47668834   
1206.12122624   
1205.46947578   
1172.34852891   
1168.04982456   
1180.82955517   
1192.32694975   
1194.88890661   
1180.36380332   
1224.41217311   
1177.37267388   
1164.46391808   
1183.05030189   
1167.64863257   
1200.47234355   
1181.77915606   
1170.54514500   
1184.74688681   
1199.00145338   
1184.20231032   
1186.61090589   
1170.57459076   
1188.67481896   
1180.41716714   
1169.83993980   
1181.92817996   
1173.33848415   
1190.80400377   
1169.14515943   
1172.66626591   
1186.90910344   
1181.58211886   
1191.29951704   
1177.47055199   
1173.41677152   
1201.12613206   
1179.85590823   
1169.04824675   
1191.60178037   
1212.37857662   
1173.94022386   
1179.86776543   
1177.64571939   
1181.57416460   
1181.13380213   
1177.38176521   
1183.89607860   
1187.83597137   
1200.82578914   
1173.18920265   
1175.44411421   
1179.66217619   
1177.91729779   
1176.78009885   
1176.82679548   
1184.43635820   
1177.39734091   
1175.82473936   
1192.51573055   
1169.67972748   
1179.28898085   
1174.57456827   
1182.50799338   
1178.74472076   
1163.21083311   
1189.23950677   
1205.79694123   
1191.76296695   
1172.16567388   
1178.68412806   
1200.39727791   
1166.50686431   
1177.61315880   
1192.15289018   
1196.03371085   
1170.64545026   
1173.41243528   
1188.29968487   
1172.87149231   
1171.42265477   
1189.07133630   
1179.06926330   
1170.91070391   
1187.11550047   
1173.99471247   
1166.67711863   
1168.53844294   
1189.96830549   
1172.49918043   
1170.88555048   
1192.90011745   
1170.42368204   
1167.92049089   
1172.95918267   
1198.26055261   
1175.95021886   
1181.60310372   
1178.82041052   
1169.24121216   
1185.43736146   
1178.28801752   
1193.97350233   
1169.93470492   
1171.20732948   
1197.85928086   
1188.85504035   
1171.95474747   
1219.79214066   
1193.81694913   
1178.62717963   
1200.75273027   
1189.03996805   
1175.67550891   
1202.41041348   
1186.07693913   
1178.98025853   
1185.25156497   
1184.25463758   
1206.27973515   
1167.64413832   
1191.41050419   
1175.52234501   
1184.32871832   
1177.66501295   
1179.40719975   
1205.70637773   
1171.05258592   
1203.80212044   
1184.15221774   
1180.70060294   
1176.71437225   
1171.60973592   
1181.19079764   
1193.48099182   
1168.21638250   
1195.15757413   
1172.86885319   
1182.12265344   
1186.44964564   
1182.11430959   
1196.79670391   
1185.24175083   
1191.87452528   
1175.80079550   
1181.29751001   
1211.91176847   
1180.97074210   
1167.66007214   
1177.11095610   
1170.33212704   
1181.19406151   
1173.80565581   
1168.07659478   
1170.80126040   
1171.22871466   
1171.28269263   
1171.22874006   
1178.53713237   
1182.73362008   
1193.50785172   
1181.76789211   
1178.66484596   
1187.94143871   
1194.17814660   
1172.70253855   
1164.98818772   
1186.14031418   
1171.56777847   
1170.33220063   
1177.88993828   
1174.86729918   
1172.02079545   
1185.17553292   
1191.25589889   
1167.15479585   
1172.17631781   
1187.38637185   
1166.30385897   
1167.30626682   
1172.93872075   
1172.82465525   
1172.03097999   
1176.84129568   
1168.99177872   
1181.34116346   
1203.81569274   
1174.79556439   
1174.50646518   
1173.81496652   
1172.07826269   
1193.32116738   
1176.64252786   
1186.60071429   
1175.22313969   
1163.72570750   
1195.86199541   
1174.11170137   
1177.92848232   
1173.82595672   
1182.00264856   
1204.97318109   
1178.62370462   
1169.05774203   
1176.52135679   
1185.92050880   
1191.30945391   
1170.95561963   
1160.68209226   
1202.04064632   
1166.56813850   
1171.61993575   
1194.20279659   
1177.04631247   
1188.09137797   
1172.06370365   
1171.53432365   
1160.12747183   
1211.31604402   
1171.28354077   
1184.71008137   
1179.96461960   
1205.26805125   
1180.54683092   
1172.31222133   
1169.27168159   
1163.17340618   
1187.28020499   
1171.52276457   
1167.21806284   
1165.98587440   
1207.37572209   
1181.60392491   
1196.04535726   
1173.42309911   
1225.09551069   
1171.46849876   
1187.47018358   
1171.86891837   
1175.08774835   
1173.92006727   
1189.80100060   
1168.82892134   
1175.83787189   
1173.94036501   
1178.26782603   
1194.49624100   
1179.70571645   
1186.32547759   
1169.88425753   
1185.04189019   
1174.48971689   
1179.82968742   
1172.82500396   
1205.36875412   
1179.98571229   
1168.42084116   
1187.96040059   
1175.11830673   
1179.28523132   
1174.95098280   
1181.50487259   
1189.86677614   
1169.34360537   
1174.42088698   
1170.18432560   
1164.35619348   
1168.98742818   
1174.45034143   
1174.78808040   
1172.63062785   
1179.22772749   
1169.70877647   
1192.72160937   
1182.99331571   
1170.88201583   
1181.84117403   
1193.09476758   
1167.89921139   
1170.78932955   
1171.49279746   
1180.17394211   
1163.17930408   
1191.15203156   
1181.43312178   
1168.09563283   
1181.04958021   
1203.66094942   
1173.43872064   
1169.94743810   
1167.88841819   
1170.41640545   
1183.69998009   
1180.08912974   
1168.90208560   
1167.72426480   
1171.02470819   
1171.65429471   
1167.41419769   
1183.85163570   
1184.73509623   
1171.18573743   
1178.88416855   
1179.00554697   
1177.54707444   
1172.76440433   
1175.95560408   
1173.35724668   
1167.41695482   
1163.42362062   
1161.56045071   
1174.72756361   
1177.91063071   
1182.50513120   
1174.70648994   
1162.24666124   
1171.93087339   
1175.37563730   
1179.13002647   
1176.47980012   
1197.16168296   
1173.82719811   
1179.21845767   
1171.62538678   
1183.33912586   
1166.55612867   
1173.59410391   
1171.56378185   
1184.41189081   
1179.09671299   
1184.37140027   
1161.14474945   
1172.77285193   
1185.26843040   
1173.72892306   
1170.91651483   
1191.06436300   
1178.97462714   
1162.76322186   
1167.61407595   
1163.25445438   
1187.70838898   
1195.00937789   
1167.60584885   
1190.96747403   
1176.33239309   
1162.79523903   
1190.76442868   
1178.48035250   
1171.99457804   
1176.76840750   
1189.57558622   
1165.16507455   
1178.58601896   
1172.35664315   
1177.39837907   
1175.30554117   
1165.63326091   
1198.60980318   
1192.80615972   
1187.71979154   
1171.60044308   
1172.18656481   
1198.27699629   
1187.05857167   
1187.20267306   
1234.99061470   
1183.08440123   
1173.70149065   
1172.12710687   
1190.74485422   
1170.82527197   
1172.62331753   
1176.02171325   
1167.66832109   
1182.65501611   
1182.29120362   
1169.93022688   
1180.10098601   
1162.83500977   
1178.55382329   
1187.49474451   
1208.81281351   
1174.68670918   
1177.75948835   
1175.63543376   
1175.63186747   
1173.24570579   
1176.44643825   
1201.18775629   
1162.27280816   
1180.60627724   
1181.25122965   
1183.75720387   
1176.50012256   
1197.96064152   
1178.61195009   
1167.54435669   
1183.90341280   
1185.66070493   
1169.08973683   
1181.54158890   
1177.80553310   
1178.79877237   
1168.77142086   
1196.97474661   
1188.92840743   
1170.40743237   
1196.77212869   
1175.32571952   
1175.06836539   
1162.36112467   
1167.73224836   
1169.56423473   
1182.34392861   
1179.91588399   
1163.71297340   
1208.41066057   
1175.42827780   
1167.72293261   
1169.34472514   
1202.49874294   
1166.49966681   
1172.95712592   
1167.43134774   
1163.17459078   
1180.53314649   
1180.36760839   
1174.26517485   
1171.16294326   
1185.02495854   
1180.81025742   
1184.76098210   
1194.01402326   
1192.54120463   
1191.42116624   
1186.66476186   
1174.07980113   
1164.82292502   
1179.28930278   
1188.71812680   
1172.48775261   
1161.23400097   
1169.57544290   
1169.00480213   
1175.65578240   
1173.55761076   
1164.13285329   
1185.44999448   
1179.18588497   
1170.58359423   
1167.55572290   
1175.90908593   
1169.07521457   
1177.92022741   
1169.06513681   
1188.48793063   
1161.36370168   
1175.72257455   
1183.36462887   
1194.43498871   
1174.40628210   
1175.81157496   
1174.14508667   
1179.86244520   
1170.16449076   
1171.30568794   
1168.53195789   
1186.57031695   
1165.16724010   
1163.00294219   
1183.55128982   
1173.58618102   
1175.72982898   
1181.38485608   
1172.22276020   
1170.23569601   
1196.56418116   
1171.43878584   
1175.23478534   
1172.35492293   
1188.51424815   
1168.67882457   
1169.56774971   
1186.30772542   
1179.87608956   
1172.44508963   
1209.21827896   
1178.83027920   
1189.17013430   
1166.87681674   
1170.58123496   
1196.47146066   
1178.86076382   
1173.13175260   
1176.10371792   
1192.49806329   
1176.50670301   
1173.15604423   
1203.86463651   
1174.68449176   
1188.67784583   
1203.07340251   
1185.70557184   
1191.45696894   
1172.78117054   
1178.83600032   
1170.05964334   
1164.93694301   
1176.74821280   
1176.13840030   
1178.48377449   
1179.11483263   
1175.66145525   
1171.97337547   
1176.67724254   
1168.79128167   
1166.90237617   
1177.34126439   
1177.48116167   
1170.76497551   
1165.54224257   
1193.63235226   
1208.33517546   
1188.03839486   
1194.71105220   
1181.64133229   
1177.34860674   
1192.75883919   
1176.87884647   
1183.97990218   
1210.09936474   
1170.62862225   
1168.16999457   
1176.63194585   
1211.90131219   
1166.91899818   
1174.48833643   
1173.85433535   
1193.44185450   
1171.85062326   
1195.32170381   
1181.37726457   
1167.42173046   
1186.33835705   
1203.26013256   
1185.05549173   
1182.15219495   
1196.79636443   
1185.94473111   
1171.60034251   
1174.81497010   
1176.78110995   
1191.37995580   
1176.84881087   
1182.40847480   
1187.44461766   
1193.78038894   
1197.26140990   
1180.29651514   
1169.73247594   
1192.95564685   
1179.69908436   
1170.76907265   
1164.56786135   
1174.35015118   
1164.75845966   
1169.55473836   
1173.31842456   
1173.65506044   
1185.93833842   
1180.37603259   
1169.54508462   
1184.42087728   
1173.51598550   
1170.88395263   
1178.28776953   
1192.71561656   
1170.94993570   
1166.81198417   
1182.13515597   
1218.00095125   
1170.57184885   
1201.93885888   
1179.87753208   
1164.94935561   
1185.21612492   
1199.46155805   
1184.87654172   
1193.22257240   
1171.48171938   
1167.76567932   
1198.54712244   
1166.75280048   
1201.00218448   
1185.56736806   
1182.28932772   
1175.85416819   
1164.91062829   
1168.51510384   
1185.37413522   
1190.40939307   
1175.13870423   
1187.37924028   
1172.92312980   
1186.08293651   
1175.53115988   
1184.88051158   
1171.93296504   
1177.57318096   
1181.01558420   
1181.68873296   
1191.27591422   
1180.83702956   
1167.35260360   
1172.01255776   
1178.06780903   
1168.99569131   
1164.02860341   
1179.08822637   
1173.96357985   
1191.77015745   
1181.79107960   
1177.47722003   
1172.04377434   
1165.63859670   
1195.44753773   
1175.68637897   
1177.53665150   
1184.30788836   
1180.33761698   
1196.16368256   
1171.28750334   
1200.57986850   
1170.94800700   
1171.04629050   
1191.19339715   
1189.67860702   
1174.19236889   
1190.91749439   
1175.37620692   
1170.55230931   
1177.59545968   
1178.15861078   
1167.89920732   
1177.95483125   
1167.15741473   
1173.32790101   
1184.41004882   
1177.06743073   
1191.56069835   
1196.93899664   
1211.90048712   
1215.12991948   
1165.25611097   
1191.59525903   
1178.70875133   
1178.77651523   
1183.84541408   
1179.23109670   
1168.60308947   
1169.45017616   
1178.59786271   
1169.85053714   
1181.38379546   
1188.29252840   
1165.93350631   
1202.25345547   
1174.62417376   
1176.18490532   
1165.91777400   
1192.30551160   
1170.71922981   
1187.32152647   
1173.89535522   
1193.07497395   
1174.04564295   
1173.08204997   
1168.47010827   
1172.74665254   
1168.02957759   
1169.90240348   
1177.05372448   
1171.32423461   
1172.95428875   
1181.08209568   
1183.81975688   
1251.82383451   
1175.47823274   
1205.71530262   
1187.76672536   
1196.35183427   
1196.48812031   
1182.95811111   
1196.81270856   
1170.71472528   
1180.91461147   
1171.31217573   
1172.59874438   
1170.54835978   
1182.59206627   
1165.24424223   
1190.52116633   
1172.62711253   
1183.80788570   
1173.61546460   
1178.82474234   
1169.40890197   
1175.35730515   
1170.87552723   
1184.37762256   
1171.52957830   
1190.38844505   
1174.50429706   
1169.11387081   
1177.55816568   
1177.12973900   
1190.05866752   
1170.23064983   
1223.71961896   
1175.91155254   
1175.69424604   
1181.64572456   
1180.98809367   
1160.89446486   
1173.57145008   
1172.95138741   
1170.30119312   
1177.37595531   
1172.34474065   
1182.08369628   
1172.08196047   
1172.43488612   
1186.65080881   
1179.03363679   
1173.15002593   
1186.82538162   
1174.60840638   
1202.47522563   
1171.55038185   
1175.15044269   
1184.60407881   
1170.71696814   
1183.41901298   
1179.28221032   
1187.90192741   
1177.72241785   
1162.45290865   
1195.16091828   
1162.10540295   
1181.03397801   
1161.11296885   
1177.98756663   
1190.19645318   
1179.77310837   
1166.61991603   
1169.55492140   
1172.50700908   
1174.37298959   
1184.33659547   
1176.48916435   
1164.62745450   
1173.35577281   
1169.71966638   
1189.52991577   
1177.06818839   
1167.45768937   
1166.60491753   
1172.82752560   
1223.29108852   
1188.28750244   
1187.52094971   
1168.14815116   
1180.17410001   
1190.43421795   
1186.28089284   
1185.12615616   
1181.23896776   
1166.30852323   
1166.38002316   
1180.46804886   
1173.86817959   
1191.24768860   
1164.03276031   
1189.37678748   
1181.41252224   
1182.92104689   
1168.65314835   
1172.57972418   
1166.67678862   
1165.37126882   
1174.86805360   
1183.66924496   
1182.98352949   
1178.60263558   
1195.65886170   
1183.67805164   
1186.30785734   
1176.46775729   
1177.68136730   
1210.93454276   
1190.57583517   
1211.74486189   
1166.08390040   
1181.99147276   
1180.31135264   
1168.95075683   
1175.94041941   
1172.25600804   
1171.24129976   
1169.78421652   
1175.29997586   
1192.69896934   
1196.99347879   
1187.30124635   
1172.09548477   
1172.41675183   
1166.62402802   
1187.20360358   
1180.77482216   
1165.87033746   
1166.79168826   
1168.88839564   
1172.16291741   
1182.85637157   
1182.13996015   
1174.12679311   
1166.95867605   
1254.17575902   
1176.24311836   
1181.35706837   
1179.62201588   
1173.30684137   
1185.70531450   
1177.82580695   
1170.37270583   
1177.87537913   
1171.03463357   
1184.91703415   
1165.44162460   
1169.09500180   
1187.59152788   
1171.28525099   
1191.85407906   
1203.85422522   
1199.95379980   
1167.81357937   
1199.25636570   
1180.73052016   
1180.93620159   
1170.03206328   
1173.25701791   
1191.10690435   
1175.56354843   
1164.03000599   
1186.34654176   
1182.86221207   
1177.45369845   
1178.44925314   
1189.96374693   
1175.39258329   
1174.09289577   
1192.09996993   
1166.51278192   
1182.96135473   
1169.05439718   
1173.94157810   
1182.30013875   
1173.02358881   
1179.58338584   
1175.83116369   
1194.58013587   
1190.25133443   
1192.68044557   
1189.15572821   
1177.26419874   
1193.85077852   
1185.66515039   
1191.47904539   
1190.91147102   
1198.92475867   
1174.68457064   
1169.90217648   
1187.76839570   
1189.26322494   
1178.01482107   
1200.88465419   
1176.17899855   
1170.08878121   
1185.85754929   
1179.11872188   
1198.90233527   
1236.31975665   
1184.66023060   
1176.76698940   
1254.70367261   
1178.65222667   
1172.84560792   
1176.70498875   
1169.67421742   
1188.90345002   
1175.65194601   
1180.07148235   
1198.65184443   
1183.26529814   
1176.41648837   
1178.50665899   
1178.63795117   
1171.72410897   
1183.01987785   
1175.55088483   
1177.86751873   
1176.63500773   
1175.40154922   
1207.63688093   
1210.79244640   
1212.84116945   
1171.44265612   
1181.43507577   
1178.14065669   
1196.31903047   
1197.71463240   
1188.84688527   
1174.55972506   
1170.56790547   
1185.88804863   
1174.51257827   
1175.26188517   
1193.25055915   
1180.91543569   
1160.09004376   
1172.28892821   
1169.76297627   
1202.90521687   
1173.06060535   
1193.27460372   
1176.32255741   
1162.02906160   
1201.12610339   
1174.16126848   
1164.64015539   
1165.20644448   
1165.91976952   
1197.28649395   
1189.67300216   
1168.61228544   
1197.03090202   
1173.33180628   
1181.15573975   
1176.85983410   
1221.05226279   
1183.52193043   
1178.07128604   
1171.45862887   
1183.37551843   
1165.92346964   
1183.17514477   
1167.16146441   
1177.35936605   
1177.03211258   
1174.16235797   
1168.33486313   
1206.58253442   
1189.87835606   
1188.50775007   
1190.43607863   
1209.80590243   
1210.20712607   
1183.47337984   
1197.34477790   
1177.19249425   
1186.76447395   
1184.24468950   
1175.61476395   
1180.38187371   
1203.66067945   
1169.65046316   
1172.61879706   
1178.59576385   
1171.45311183   
1175.91261605   
1172.67825559   
1180.80184921   
1176.83126839   
1170.61917512   
1179.85676902   
1196.80044422   
1184.26578773   
1176.29729882   
1188.15985161   
1175.76194602   
1172.44949175   
1185.23895630   
1180.32761820   
1190.20312448   
1186.26790142   
1182.72846359   
1184.43742152   
1183.53458760   
1188.01408940   
1212.69177221   
1190.74999354   
1184.42889595   
1192.64403823   
1178.23846091   
1196.28721022   
1178.21064766   
1176.96328426   
1185.48554485   
1185.43544911   
1193.16580258   
1189.57590979   
1217.21585022   
1180.28801872   
1178.06786130   
1216.57489703   
1174.65466505   
1165.20053390   
1174.04995341   
1161.75570107   
1166.41324073   
1166.38411897   
1173.62281057   
1170.93935715   
1178.81138787   
1190.28421713   
1203.95514964   
1177.30458765   
1212.80112393   
1181.26892536   
1178.37721839   
1163.57018642   
1190.95858017   
1169.69837337   
1219.83284711   
1176.11081246   
1206.01737725   
1182.55677590   
1186.62024548   
1183.30690908   
1207.92195434   
1173.54622591   
1171.51034369   
1187.34764272   
