1835.72482791   
1701.63202050   
1604.78049322   
1529.69149902   
1434.77742708   
1291.47735304   
1272.01939615   
1267.74962861   
1258.75803763   
1245.74798766   
1213.76728858   
1210.07573843   
1196.81360658   
1196.11269584   
1198.89095059   
1199.59438021   
1197.36786499   
1189.49926511   
1189.92547956   
1185.18774030   
1183.96073208   
1178.05002686   
1178.08892734   
1179.73969212   
1167.63931624   
1162.80989864   
1165.86877938   
1164.16205838   
1162.80962824   
1162.81824664   
1160.24484855   
1162.85411848   
1159.55666006   
1161.24792158   
1169.04824675   
1169.67972748   
1163.21083311   
1166.67711863   
1169.24121216   
1169.93470492   
1167.64413832   
1171.05258592   
1171.60973592   
1168.21638250   
1167.66007214   
1170.33212704   
1168.07659478   
1164.98818772   
1163.72570750   
1160.68209226   
1160.12747183   
1161.14474945   
1162.76322186   
1163.25445438   
1162.79523903   
1165.63326091   
1170.82527197   
1167.66832109   
1162.83500977   
1162.27280816   
1162.36112467   
1163.17459078   
1161.23400097   
1161.36370168   
1163.00294219   
1166.87681674   
1170.58123496   
1173.13175260   
1173.15604423   
1172.78117054   
1178.83600032   
1170.05964334   
1164.93694301   
1166.90237617   
1165.54224257   
1170.62862225   
1168.16999457   
1166.91899818   
1171.85062326   
1167.42173046   
1164.56786135   
1164.75845966   
1169.55473836   
1169.54508462   
1170.88395263   
1170.94993570   
1166.81198417   
1164.94935561   
1167.76567932   
1166.75280048   
1164.91062829   
1164.02860341   
1165.25611097   
1165.91777400   
1168.47010827   
1168.02957759   
1169.90240348   
1171.32423461   
1170.71472528   
1171.31217573   
1170.54835978   
1165.24424223   
1160.89446486   
1161.11296885   
1168.65314835   
1166.67678862   
1165.37126882   
1166.08390040   
1165.87033746   
1166.79168826   
1168.88839564   
1174.12679311   
1166.95867605   
1165.44162460   
1164.03000599   
1169.05439718   
1169.90217648   
1170.08878121   
1169.67421742   
1174.55972506   
1170.56790547   
1160.09004376   
1162.02906160   
1165.91976952   
1165.92346964   
1168.33486313   
1169.65046316   
1172.44949175   
1165.20053390   
1161.75570107   
1163.57018642   
