>    SEGMENT IndiaEurasia
65.80 25.20
66.10 26.00
66.00 27.00
65.90 28.00
65.90 29.00
66.10 30.00
66.50 31.00
67.20 32.00
68.00 33.00
68.80 34.00
69.20 34.40
70.00 34.00
71.00 33.90
72.00 33.60
73.00 33.60
73.70 34.00
74.00 33.70
75.00 33.10
76.00 32.30
77.00 31.00
78.00 30.40
79.00 29.70
80.00 29.20
81.00 29.00
82.00 28.30
83.00 27.90
84.00 27.80
85.00 27.50
86.00 27.30
87.00 26.90
88.00 26.80
89.00 26.90
90.00 26.70
91.00 26.80
92.00 26.90
93.00 27.20
93.30 27.10
93.60 27.10
94.00 27.10
94.20 27.10
94.40 27.10
94.60 27.10
94.80 27.10
95.00 27.10
95.30 27.20
95.50 27.20
95.70 27.20
95.70 26.80
95.60 26.50
95.40 26.30
95.30 26.10
95.20 25.90
95.10 25.80
95.00 25.70
94.80 25.50
94.70 25.30
94.50 24.90
94.50 24.70
94.40 24.40
94.30 23.90
94.20 23.50
94.20 23.40
94.20 23.10
94.10 22.70
94.10 22.60
94.00 22.40
94.00 21.80
94.00 21.80
93.90 21.10
93.90 21.00
93.90 20.90
93.90 20.60
93.90 20.60
93.80 20.30
93.80 20.20
93.80 20.10
93.80 20.00
93.90 19.60
93.90 19.10
93.90 18.70
94.00 18.30
94.00 17.90
94.10 17.40
94.10 17.00
94.10 16.80
93.80 16.60
93.70 16.00
93.50 15.00
93.20 14.40
92.80 13.80
92.30 13.10
92.00 12.50
91.80 11.70
91.80 11.10
91.90 10.30
91.80 9.30
