1800.70612598   
1706.86486885   
1696.77919553   
1655.48670507   
1593.05726667   
1500.11903775   
1489.45722136   
1474.13808195   
1467.38803947   
1417.73474273   
1380.16125700   
1323.84405749   
1290.48172079   
1257.04320651   
1226.97249283   
1211.10453592   
1191.28134771   
1177.18429371   
1172.44165480   
1171.03757986   
1168.18976096   
1167.00676580   
1174.65549504   
1174.24520714   
1172.24423433   
1169.78595654   
1170.63863032   
1163.10295552   
1179.86928900   
1179.12377277   
1172.63972929   
1171.07678025   
1168.50266679   
1174.69265460   
1167.65749373   
1170.83594751   
1161.61887552   
1164.29575261   
1164.87143369   
1166.77725475   
1165.17532638   
1166.33133018   
1166.75757677   
1166.92025085   
1167.13283689   
1172.18300516   
1172.87159637   
1170.65612119   
1168.06339114   
1163.68555157   
1163.23015023   
1169.27645412   
1171.09767409   
1171.12104308   
1170.36343734   
1164.48130357   
1164.84804817   
1168.93532608   
1169.53133357   
1177.16555142   
1176.31134654   
1172.34754675   
1172.34595149   
1170.69908449   
1170.70931678   
1168.51948660   
1168.86678760   
1168.48562678   
1166.98759314   
1166.00072975   
1164.48476698   
1169.31585418   
1171.28196921   
1167.46934604   
1168.20733731   
1159.68256705   
1162.33021056   
1164.68286233   
1166.50714100   
1169.12933578   
1168.18410113   
1165.95607622   
1175.09136089   
1174.56770432   
1176.14767242   
1174.96946477   
1174.07062362   
1171.27081914   
1167.30524934   
1168.00457875   
1170.81479825   
1169.92762352   
1171.19271168   
1168.28962882   
1168.45349540   
1167.13273244   
1166.74073787   
1169.70311504   
1169.98809652   
1167.61213979   
1169.11906547   
1166.08184832   
1165.32872441   
1169.96293032   
1169.08353055   
1168.92269694   
1168.17650137   
1165.03950513   
1164.31229510   
1163.12117288   
1162.79533609   
1164.54224604   
1164.52556382   
1163.11792162   
1163.51906665   
1166.51293326   
1164.17227144   
1165.62640961   
1166.40009785   
1166.70206609   
1168.18772058   
1167.52946697   
1173.44061363   
1169.47320623   
1171.35379550   
1173.94448410   
1169.36369599   
1165.65367696   
1163.77823290   
1164.00805158   
1162.52763355   
1162.26986715   
1167.62708163   
1176.64499939   
1173.37273775   
1171.41072578   
1165.42179116   
1162.70590009   
1163.16638113   
1170.72326306   
1165.31476195   
1163.68835231   
1164.12551625   
1164.85347392   
1164.98142301   
1169.72453432   
1166.68762557   
1163.82198859   
1163.33221485   
1164.42862012   
1164.01439035   
1162.20081168   
1163.05631892   
1164.91920285   
1159.95124493   
1160.97586338   
1161.80966331   
1167.07981715   
1167.28679112   
1161.50820120   
