685.71671887   
652.15092073   
661.56525282   
648.81703305   
671.07116960   
662.90675736   
646.84859603   
649.61972148   
699.53938078   
647.85205847   
667.48058884   
632.12818020   
654.23731046   
649.58593900   
631.41107756   
625.01307553   
642.52992716   
622.07251924   
635.40596908   
664.95870479   
627.26705324   
615.76924641   
618.15955859   
622.06191781   
646.39600336   
645.49540750   
636.92429842   
609.09081083   
613.73786684   
623.80694412   
636.56156642   
624.14233148   
642.00731839   
624.74787619   
608.31755897   
624.86646114   
608.79433382   
595.24849354   
597.53976837   
596.38063969   
595.52046096   
597.80814470   
596.23312313   
608.50709049   
594.53254447   
596.98892269   
617.39064096   
597.04773138   
619.88133287   
594.21117581   
602.76003478   
599.03357964   
601.62760541   
592.49553645   
597.87568660   
602.72428692   
597.92001417   
594.81283000   
594.61354971   
598.52740270   
598.92690669   
594.61619229   
609.39033338   
598.40321683   
600.20884377   
599.51600096   
608.84642078   
594.58882116   
590.94792603   
588.81638244   
598.95887658   
591.80552788   
596.99498692   
589.50410563   
584.59036193   
586.46132062   
582.46187444   
586.43580213   
591.52714531   
581.43023526   
582.12830088   
592.25196661   
585.31635791   
584.39671865   
582.86543711   
581.08510329   
582.50377494   
581.23747182   
580.16499904   
581.31294403   
580.99444428   
579.75621602   
577.32785056   
579.19491715   
583.71937575   
603.71066296   
586.04541553   
580.37811330   
582.31659324   
581.57222179   
584.74640824   
579.07292289   
592.27718474   
579.18650707   
578.61318212   
598.87639808   
579.02293571   
577.13883382   
580.73972354   
583.84407693   
583.28161629   
580.27988735   
581.90074519   
582.77216355   
582.93880242   
579.30795197   
588.98495797   
577.54654533   
575.72694783   
576.13789741   
572.91735482   
576.06063345   
566.74450694   
568.79108320   
569.07222820   
568.19137829   
569.73215319   
567.66323324   
571.53768210   
572.68346622   
565.49525440   
567.85138749   
572.01835157   
570.33183380   
577.67164262   
565.47374340   
563.49342948   
564.56548066   
561.74533725   
564.43308532   
567.12103545   
575.23988658   
567.70462037   
580.15591289   
575.13532905   
569.85395115   
574.60537737   
566.30902952   
564.01717214   
565.10848633   
572.23076336   
566.57460567   
579.66523705   
569.01708247   
569.96567927   
568.23831939   
569.02161079   
562.57891661   
562.85799501   
562.39025006   
564.84888354   
557.11527640   
559.80294593   
559.17952829   
559.66344817   
560.08667790   
569.87375813   
575.46064451   
560.47246127   
561.36396101   
556.86441376   
560.92182569   
563.37541001   
570.47750259   
561.26659975   
561.55499158   
574.07881482   
566.24763211   
567.90548042   
558.30422069   
565.05845568   
557.72326629   
578.39763202   
556.38821799   
551.04052249   
564.65350127   
555.61436961   
549.99244414   
549.71597627   
547.60965975   
543.72420468   
543.03465361   
549.66542776   
548.58644660   
544.72894721   
547.61592960   
552.02560201   
546.81559413   
544.97711847   
543.05911665   
549.26847174   
542.82430630   
547.13048091   
553.57449265   
551.39570491   
560.16956443   
541.63735009   
541.89166596   
562.81909099   
542.57420318   
540.35422744   
545.14476841   
543.93002208   
542.70155085   
537.06014929   
540.41876502   
544.63932676   
560.02483023   
536.67803762   
535.30134119   
535.41786966   
554.36594230   
536.32793254   
533.49281726   
538.21738843   
535.79432905   
535.88388174   
536.52922786   
535.58075168   
532.66464513   
548.71349137   
556.30641951   
541.73267889   
539.36403788   
539.04306149   
529.62481161   
532.99387359   
550.65979781   
535.14367730   
532.68656527   
536.43006568   
533.23322008   
534.86878184   
536.76491846   
535.37200606   
527.16488773   
540.92016130   
529.95439396   
533.44048221   
537.57297926   
525.55713747   
538.30221467   
523.59296257   
535.58573525   
531.39068383   
520.61427849   
524.25183234   
521.02175602   
521.97725774   
523.06251035   
523.45723016   
524.90018448   
527.81156409   
521.69579193   
531.04127756   
520.36387016   
527.89442657   
521.24307176   
531.67341278   
526.80409744   
522.53077059   
529.82762218   
524.61210118   
526.50166525   
521.13868515   
520.76909410   
525.07097735   
531.11367522   
519.50777325   
535.25693700   
523.76141794   
532.54617049   
531.52807338   
525.15823444   
534.05082656   
527.60504307   
528.40924855   
526.79363358   
532.17925231   
538.47003897   
532.20311071   
528.82357555   
521.45853920   
525.50934841   
527.13691588   
529.15229377   
533.69660420   
526.35790812   
523.93920477   
530.65309626   
525.61465847   
526.73343611   
519.98144004   
520.55300556   
519.76344958   
522.75726606   
521.88831426   
522.18309437   
523.36268752   
528.05364653   
517.69805496   
522.57359988   
519.42888457   
533.47260410   
519.60402765   
540.12096651   
530.78488272   
524.41583622   
526.44699299   
522.98398093   
525.11274793   
517.71860619   
521.47043539   
523.33602270   
537.70939716   
522.54718542   
525.32534228   
521.27566917   
520.67885788   
522.84214526   
526.14644931   
532.16896636   
523.23727736   
529.07637436   
524.84467308   
527.24003845   
530.04233723   
521.42168051   
527.11152617   
544.99222383   
527.06157304   
523.16743927   
526.88518622   
520.18903660   
520.94640089   
523.11841177   
516.10766152   
528.26653081   
518.52820299   
550.98137302   
522.30395849   
524.84690663   
519.94841764   
549.72657647   
522.89483120   
525.17236329   
519.90013018   
520.09498453   
524.96901024   
523.13961793   
540.99650423   
528.33210944   
531.78825777   
524.59325927   
534.22122309   
527.00234989   
525.54558785   
529.43659308   
540.35781761   
532.00504450   
525.76200039   
528.63924106   
521.67936745   
540.14303742   
518.21789158   
524.29513659   
541.43500677   
524.67076557   
536.52921206   
524.85294737   
528.60308579   
523.69323680   
528.62735655   
555.09997545   
524.38356433   
519.17259906   
520.45786331   
528.84141473   
524.53214471   
520.83734045   
526.78753906   
519.95966224   
524.23502489   
524.20266847   
519.32335065   
524.70399866   
524.34335889   
535.22233218   
538.60584273   
523.60071030   
529.17408282   
521.22662538   
523.62503498   
530.10796813   
524.53507193   
524.22572198   
524.76498267   
527.64873435   
516.42296977   
520.24432899   
534.42493654   
520.26953229   
519.30045387   
522.15574214   
521.29715219   
524.24146729   
535.16138391   
523.41578755   
525.23246665   
524.15931557   
526.65302161   
522.31557410   
518.64899785   
515.76103844   
524.77967357   
525.07467370   
516.66605734   
516.68987785   
523.98524993   
521.82416904   
523.41265088   
519.82780284   
524.39550899   
531.08545034   
526.68222042   
518.57727408   
523.14270185   
523.44210621   
524.13105102   
531.09321708   
520.87462533   
520.54703196   
525.08827296   
519.01794653   
529.15462876   
525.29628612   
522.86936792   
523.06169411   
540.60373967   
529.07202568   
517.29411615   
517.34068264   
519.50963589   
529.12321503   
520.39706151   
525.85075711   
520.75774125   
520.54849669   
525.41237954   
523.79240581   
523.76733574   
520.62688465   
518.30198669   
525.12554126   
524.54246644   
546.70851997   
526.13977492   
520.63653919   
523.76803164   
528.82476197   
524.57185993   
531.83734633   
531.05610330   
524.74876929   
524.18730788   
525.49851367   
539.76574499   
520.69069832   
536.64695392   
533.28263868   
532.19295350   
526.23276351   
524.35018965   
527.02740934   
521.99449152   
527.11409647   
532.42041014   
542.91386987   
525.91213342   
520.49514081   
523.20181467   
539.16108586   
531.12592959   
542.85013903   
529.66741485   
524.85383824   
526.13739993   
529.69754373   
526.02825667   
522.68911037   
531.75771509   
525.90966619   
528.97830685   
520.09150701   
525.53712873   
531.39160588   
524.63217200   
534.78503581   
521.27922860   
524.37870331   
521.63126358   
524.99355173   
537.03045332   
542.24334207   
523.48883263   
531.66285064   
532.23119500   
531.43880030   
525.13883270   
530.18571912   
535.88927083   
530.87984031   
526.85598933   
523.30518769   
522.71417978   
526.06893653   
524.31950749   
544.96320927   
532.41428928   
531.09914418   
520.83353626   
533.62120008   
538.16084365   
530.22785310   
522.74101901   
527.78208870   
519.34131479   
518.22272456   
523.50675033   
518.14945242   
520.38109312   
523.91208184   
518.69756473   
525.10826745   
548.83453578   
539.70996658   
528.58789897   
548.20435891   
529.59779461   
520.43778773   
523.41827204   
522.78584863   
523.73986809   
519.73032577   
527.77829270   
534.75060039   
523.09738466   
528.27698911   
521.91210065   
530.40709733   
525.47182251   
522.90793324   
523.92285147   
527.98276608   
532.70596314   
528.24847980   
535.47285337   
524.67198038   
522.99333618   
531.62743179   
523.12533199   
527.10354206   
530.79341476   
523.05927371   
520.23382710   
526.01188185   
527.13405161   
526.84918374   
525.05380336   
521.77758432   
519.60653845   
528.22667908   
519.46610254   
521.68302126   
519.59089670   
524.48508151   
534.72401553   
526.91018410   
519.78201591   
524.99676897   
526.66066254   
523.00204802   
520.13507663   
516.42353642   
525.12072929   
517.42278371   
527.02388209   
518.94756974   
519.46066371   
526.40147613   
525.74430855   
519.59882625   
522.60205882   
525.72482124   
522.85764113   
529.10493609   
522.47755585   
534.29565438   
519.24329464   
521.24317898   
519.42889576   
519.29559313   
527.82390874   
520.71128233   
521.94988983   
524.70290606   
526.40813583   
522.03690114   
518.90094152   
516.10097115   
522.79594447   
527.90263348   
525.25297048   
524.06713993   
518.96550007   
520.40712783   
523.96113602   
518.70788276   
526.05735168   
522.25638091   
523.07273225   
527.25928054   
520.74160255   
521.87227962   
523.06882933   
517.89490256   
523.78639788   
528.60567446   
520.49213066   
523.74546541   
520.09074896   
522.67246368   
522.99868771   
523.08215997   
519.54910365   
525.30968448   
517.41716024   
526.98300469   
529.19120930   
521.82615925   
528.28272430   
535.21852060   
523.75908288   
523.70165712   
520.86645937   
522.44953388   
525.61020582   
535.99915332   
521.77719251   
522.51534963   
526.10930710   
521.73844570   
522.63729633   
525.35147117   
518.84556135   
528.55350680   
524.31874281   
520.72566184   
519.36067917   
523.25238724   
520.60345856   
516.56487929   
519.92823460   
524.02198970   
519.29383848   
521.64384413   
522.04058317   
524.66135166   
525.89176875   
522.48755359   
538.66302892   
526.09807239   
538.32641684   
526.65278136   
531.82789937   
530.65769263   
543.11408719   
517.13236954   
520.00526702   
522.59651002   
521.35263553   
534.33251592   
528.10170061   
521.78188493   
529.36268218   
534.52843366   
558.51332826   
542.69784193   
530.48135779   
543.42653022   
522.17162282   
527.41172292   
522.27554340   
532.37636080   
519.17068068   
522.37847364   
516.99291397   
521.29405724   
520.62451279   
522.49949159   
520.21937584   
519.83414337   
524.06764670   
522.83163815   
529.60690999   
518.79889354   
524.96277485   
524.17542551   
519.48215910   
520.48484907   
519.46548054   
534.74756831   
523.21364505   
528.87409006   
525.90531258   
523.13938470   
524.32121687   
530.72377579   
526.69140914   
523.04932082   
525.50250914   
526.12976330   
528.22357279   
533.69914106   
544.88039027   
531.06899076   
539.51153438   
532.34105882   
518.89894961   
516.51693340   
522.70203435   
524.19181630   
523.67233705   
516.01952089   
522.62674810   
531.25943979   
524.51212456   
521.45173268   
529.67820275   
518.51238689   
524.52734882   
524.73809567   
524.03855657   
519.38558156   
523.59686145   
528.89544205   
525.54143810   
526.92789057   
523.52612559   
531.94611073   
520.88685025   
523.29043869   
524.25740584   
528.25031531   
521.53754725   
522.29064580   
523.40253008   
539.72558374   
530.87667256   
535.42913869   
527.68841301   
531.08967297   
527.07703606   
539.52305909   
533.55987258   
524.78152421   
536.17996675   
531.68259947   
525.02482132   
534.14195081   
545.99316758   
525.57024744   
531.17546581   
522.68947898   
523.36608408   
526.88805230   
531.36410861   
531.42616857   
524.58682281   
527.00571140   
526.57564659   
533.71340114   
534.21246251   
528.04823705   
521.95458363   
520.68297270   
522.48780463   
527.45788950   
525.39710637   
529.55756973   
524.32455731   
520.21946492   
517.37002527   
520.51981967   
519.61072377   
527.32155585   
520.44428857   
522.04396425   
522.77261985   
518.38344787   
521.72423548   
534.36273274   
522.81409023   
520.42217982   
534.87579792   
521.43225106   
528.82304756   
524.33276050   
522.60648850   
536.51359735   
521.30689742   
525.11520321   
524.73122172   
520.82545602   
518.89935346   
526.82316457   
521.25972487   
517.58009106   
519.30777866   
529.21672941   
539.05843368   
528.49520082   
527.64394226   
526.65172219   
529.30183197   
522.98343761   
520.85176977   
520.74236827   
522.63535691   
519.45469257   
520.63219505   
518.83154050   
524.91807750   
530.46927238   
524.94547921   
522.80913257   
526.04323696   
526.63133190   
533.23028359   
521.91003063   
527.58197348   
520.60515536   
524.06344434   
524.49786261   
521.50847163   
521.96682839   
524.20681856   
523.24714733   
529.15813945   
525.44487907   
525.74175225   
524.44249147   
525.68823113   
524.06400844   
527.16808450   
531.88133543   
528.37550728   
517.64982081   
522.24102521   
519.74287392   
523.60090804   
524.92246409   
522.19520013   
520.21860585   
520.39044738   
531.30741609   
534.85028804   
536.39449063   
534.67360516   
531.87046718   
519.53760463   
526.22273625   
520.64216529   
522.62133338   
524.17744053   
527.22029825   
534.64021128   
520.50849986   
524.02898808   
519.19645754   
516.91475122   
527.56759036   
530.39794894   
538.73276814   
520.55553037   
524.57662621   
532.93377142   
535.79321132   
526.93962298   
531.77048702   
518.99670309   
540.81132745   
534.36261873   
533.38779796   
517.72896045   
520.16965552   
523.47684930   
523.54477502   
523.59504876   
528.98085245   
525.03054808   
530.91840312   
540.76521344   
527.95059345   
533.43255410   
541.14365537   
527.16102575   
520.39274966   
524.13310105   
519.08490429   
522.64692638   
532.55665166   
528.76181714   
536.81895093   
526.05942414   
545.11546956   
523.85779674   
523.94362628   
529.46704874   
520.98435157   
527.21050297   
533.33080135   
523.77567043   
523.57898106   
533.88104396   
517.94881222   
526.21391119   
534.61609718   
517.30349663   
527.06803105   
533.51471988   
526.99460583   
542.82047881   
517.54600747   
536.57632914   
521.88851800   
524.14762956   
523.68302260   
525.45795827   
521.67307607   
532.28345671   
526.96537387   
516.43109463   
526.28515300   
519.04877357   
523.17892936   
518.77044163   
521.84940245   
520.08552903   
521.35541065   
526.74174442   
517.63538677   
531.34323033   
523.15122350   
535.22966039   
522.45197694   
531.63959120   
526.53020958   
523.17140507   
529.84119127   
517.82054985   
516.16355266   
520.73735969   
519.84579583   
527.70403077   
527.98445321   
524.20834751   
540.68875596   
528.49319213   
526.19747066   
531.92744418   
539.85960491   
519.33931697   
525.46410556   
528.10338655   
519.96685995   
523.38932232   
542.94725027   
542.69469156   
518.08864888   
530.93276135   
527.63346076   
522.03459533   
522.98245210   
537.14052027   
523.18523887   
521.55420016   
527.75966819   
523.93772653   
522.35066972   
533.57888591   
525.77431955   
533.83284236   
521.94083254   
530.99932406   
521.15816347   
526.50564109   
538.19027635   
522.51697440   
517.54275894   
519.41815667   
527.28527462   
525.35890165   
532.89821194   
524.45005192   
524.04308028   
520.87603505   
531.31745424   
523.05158911   
532.50300743   
540.08950302   
524.32108431   
519.87869085   
527.47025123   
532.90423376   
523.22070344   
529.58508240   
518.16021932   
518.01607714   
534.99591026   
540.24899046   
535.78980558   
523.09386983   
530.31216370   
517.96141124   
517.94458582   
528.76162820   
529.12604900   
524.72926308   
521.68947281   
520.37874380   
516.75796195   
517.97249005   
519.83814392   
525.27802995   
526.38004834   
526.09071856   
532.77181452   
534.25713355   
538.82438658   
520.00658625   
522.71919017   
532.96826766   
543.21001006   
535.40701775   
520.29402515   
520.98225098   
520.57258056   
515.32790234   
523.00600814   
533.73951415   
519.53836119   
526.04506557   
524.74486950   
533.39163512   
522.14854214   
520.30056102   
527.54479946   
526.66148494   
520.89208706   
524.53529933   
520.79060560   
521.05906519   
520.66559846   
524.50292258   
522.29935012   
532.23036531   
525.16867658   
525.18630024   
522.46400916   
522.16465615   
519.38584793   
519.53688535   
532.45083207   
528.50526105   
522.30805919   
522.60238406   
524.86475288   
527.20468605   
528.64206387   
520.43206556   
518.49781516   
519.38940190   
520.95375434   
524.90060735   
526.36611884   
524.78197869   
519.95976040   
527.55571253   
521.30529373   
520.17018118   
522.64812331   
526.00544700   
520.82373170   
522.96386233   
518.50906495   
527.81045729   
533.75160997   
524.63157269   
520.45953667   
521.73026350   
519.50235863   
526.42409963   
521.49735954   
520.58489308   
521.82103372   
519.56394259   
522.41097732   
530.45755501   
524.37488245   
519.77792150   
522.82276535   
522.07002427   
527.95789844   
522.55180687   
523.51456668   
525.35437280   
520.86136679   
523.63716668   
522.24282156   
523.03031545   
533.17865300   
521.78854620   
524.43366581   
521.54743190   
527.43510536   
525.20311410   
529.26006041   
527.60784859   
525.78092500   
549.40537371   
532.30094546   
527.59633335   
526.53599921   
527.51231357   
534.40760603   
523.81003531   
525.74684114   
525.78063997   
533.69870097   
526.55608525   
538.22015165   
540.29037496   
532.32984076   
527.26259295   
532.95124172   
529.74534849   
528.75421627   
526.41263483   
532.26968781   
523.80021601   
531.06094540   
531.74852941   
530.12874263   
526.68185535   
535.73728015   
556.17896651   
522.21123131   
525.82341444   
530.89017873   
530.41575511   
523.66454591   
527.78276204   
542.47021310   
526.09267614   
523.23368637   
530.50629910   
534.10867213   
530.32245079   
541.28863676   
543.02110331   
543.56266808   
546.48410950   
540.63282922   
534.23923813   
540.93627812   
524.28415094   
525.40709600   
535.90631877   
538.86208447   
533.89796582   
540.24657906   
533.82265113   
542.83025631   
531.76592616   
528.37760547   
542.66730587   
554.43462629   
555.10928266   
534.79490520   
527.79538677   
542.07149055   
530.77114788   
527.07207385   
522.59390429   
535.71971831   
519.13416426   
522.44660220   
525.79383427   
519.51637896   
529.08087892   
524.18680466   
527.54249051   
518.41814981   
530.35994289   
525.81907683   
518.48755926   
521.04180516   
522.62874746   
526.44982913   
525.75177376   
533.10492585   
522.28112584   
531.78344038   
525.61420978   
525.30421495   
525.02132475   
524.70527491   
526.14451425   
526.16617206   
524.10215807   
528.21604668   
519.86143724   
533.54118368   
523.31449501   
522.64346425   
529.28879168   
529.70082082   
522.65712803   
530.96235428   
527.19288795   
526.47219076   
521.95342766   
524.82641475   
519.73419369   
521.97570064   
524.43313618   
535.08046827   
530.90946314   
527.63252831   
531.71838903   
531.53898812   
534.00785800   
534.12465868   
556.48840548   
524.36124117   
535.37181377   
538.58364962   
527.50081347   
533.28890491   
529.34749728   
523.97799290   
534.26918609   
523.17695623   
530.67581954   
553.53569801   
522.23736635   
527.65903380   
524.43730139   
530.29046661   
528.70437382   
527.97246802   
523.82180516   
532.88866263   
526.86445500   
535.76777717   
539.72256674   
527.15323900   
523.53446169   
524.97764660   
526.20038378   
531.22245979   
526.58240120   
525.06072677   
527.34775282   
521.45548755   
519.31464254   
521.68026117   
527.63112662   
528.12589055   
524.81338857   
528.29664558   
522.72652448   
522.60534571   
521.92972208   
519.54248795   
522.37857010   
539.24452158   
521.14278787   
535.57628163   
525.73955642   
520.40477695   
530.74141192   
523.63025249   
523.45648056   
521.75263601   
521.24621377   
521.34274528   
523.91615008   
522.38090973   
521.19114023   
532.74321268   
525.63128677   
521.54244503   
532.17129012   
521.07409119   
522.61034832   
535.30543090   
520.75091385   
522.96081190   
527.92955666   
523.79788779   
525.19352809   
532.47660356   
524.10712522   
529.02816674   
526.95139413   
521.61480417   
525.68821841   
521.54440338   
524.96786568   
536.34973012   
523.40356848   
532.15467885   
518.58540662   
519.22748678   
527.27823344   
519.21219134   
525.26256260   
517.10616915   
521.30870586   
519.49931448   
519.06424522   
527.11452756   
525.16105075   
523.24153275   
518.13447776   
525.06543999   
547.73315960   
526.21394303   
525.18939451   
517.14221388   
531.94870463   
527.20970314   
520.38741210   
524.50154681   
517.56050339   
520.02266627   
532.72333062   
531.81021582   
526.22529395   
525.15715973   
517.26104506   
517.64274611   
525.42005142   
521.56880329   
524.78560437   
521.60662846   
519.86689643   
529.19151844   
518.39135342   
523.88395726   
519.34136751   
519.47271474   
518.55360799   
521.12389152   
521.41176643   
530.88322339   
523.71486639   
519.91975904   
519.33917194   
563.10086566   
531.74060313   
520.18321148   
524.99072672   
524.60004558   
542.86035962   
523.21046073   
525.29917225   
528.19424017   
525.77229292   
530.30382373   
530.43966042   
536.42546114   
539.46857642   
517.85899018   
517.47475310   
522.79401367   
532.09992105   
519.23508496   
525.52585131   
523.34434935   
523.61281976   
523.95961076   
526.54253826   
525.63900190   
523.15174225   
524.90978163   
524.04749581   
519.29061753   
