685.71671887   
652.15092073   
648.81703305   
646.84859603   
647.85205847   
632.12818020   
631.41107756   
625.01307553   
622.07251924   
615.76924641   
609.09081083   
613.73786684   
608.31755897   
608.79433382   
595.24849354   
596.38063969   
595.52046096   
596.23312313   
594.53254447   
596.98892269   
597.04773138   
594.21117581   
592.49553645   
594.61619229   
594.58882116   
590.94792603   
588.81638244   
589.50410563   
584.59036193   
586.46132062   
582.46187444   
581.43023526   
581.08510329   
582.50377494   
581.23747182   
580.16499904   
581.31294403   
580.99444428   
579.75621602   
577.32785056   
577.13883382   
580.73972354   
580.27988735   
582.93880242   
579.30795197   
577.54654533   
575.72694783   
572.91735482   
566.74450694   
565.49525440   
565.47374340   
563.49342948   
561.74533725   
564.43308532   
567.12103545   
567.70462037   
566.30902952   
564.01717214   
562.57891661   
562.85799501   
562.39025006   
564.84888354   
557.11527640   
559.17952829   
560.47246127   
556.86441376   
561.55499158   
558.30422069   
557.72326629   
556.38821799   
551.04052249   
549.99244414   
549.71597627   
547.60965975   
543.72420468   
543.03465361   
543.05911665   
542.82430630   
547.13048091   
541.63735009   
541.89166596   
542.57420318   
540.35422744   
537.06014929   
540.41876502   
536.67803762   
535.30134119   
535.41786966   
536.32793254   
533.49281726   
532.66464513   
529.62481161   
535.37200606   
527.16488773   
525.55713747   
523.59296257   
520.61427849   
521.02175602   
521.97725774   
521.69579193   
520.36387016   
521.24307176   
522.53077059   
521.13868515   
520.76909410   
519.50777325   
525.15823444   
521.45853920   
523.93920477   
525.61465847   
519.98144004   
520.55300556   
519.76344958   
517.69805496   
517.71860619   
521.42168051   
520.18903660   
520.94640089   
523.11841177   
516.10766152   
524.96901024   
523.13961793   
525.54558785   
521.67936745   
518.21789158   
519.17259906   
519.95966224   
519.32335065   
516.42296977   
515.76103844   
516.68987785   
517.34068264   
519.50963589   
520.39706151   
520.54849669   
520.62688465   
518.30198669   
520.63653919   
520.69069832   
521.99449152   
520.49514081   
523.20181467   
526.02825667   
522.68911037   
520.09150701   
521.27922860   
521.63126358   
524.99355173   
523.48883263   
525.13883270   
523.30518769   
522.71417978   
526.06893653   
524.31950749   
520.83353626   
522.74101901   
519.34131479   
518.22272456   
518.14945242   
520.38109312   
518.69756473   
525.10826745   
520.43778773   
522.78584863   
519.73032577   
521.91210065   
522.90793324   
524.67198038   
522.99333618   
523.12533199   
523.05927371   
520.23382710   
519.60653845   
519.46610254   
519.59089670   
519.78201591   
520.13507663   
516.42353642   
519.24329464   
519.42889576   
519.29559313   
518.90094152   
516.10097115   
518.70788276   
520.74160255   
517.89490256   
520.49213066   
520.09074896   
522.67246368   
522.99868771   
523.08215997   
519.54910365   
517.41716024   
516.56487929   
519.29383848   
521.64384413   
522.04058317   
522.48755359   
517.13236954   
521.35263553   
521.78188493   
522.27554340   
519.17068068   
516.99291397   
519.83414337   
522.83163815   
518.79889354   
525.50250914   
526.12976330   
528.22357279   
518.89894961   
516.51693340   
516.01952089   
521.45173268   
518.51238689   
523.59686145   
525.54143810   
523.52612559   
520.88685025   
523.29043869   
524.25740584   
521.53754725   
522.29064580   
523.40253008   
522.68947898   
523.36608408   
524.58682281   
521.95458363   
520.68297270   
520.21946492   
517.37002527   
518.38344787   
520.42217982   
520.82545602   
518.89935346   
517.58009106   
519.45469257   
518.83154050   
522.80913257   
526.04323696   
526.63133190   
521.91003063   
520.60515536   
521.50847163   
517.64982081   
519.74287392   
520.21860585   
520.39044738   
519.53760463   
519.19645754   
516.91475122   
518.99670309   
517.72896045   
517.94881222   
517.30349663   
517.54600747   
516.43109463   
519.04877357   
518.77044163   
520.08552903   
521.35541065   
517.63538677   
517.82054985   
516.16355266   
520.73735969   
519.84579583   
519.33931697   
519.96685995   
523.38932232   
518.08864888   
521.55420016   
522.35066972   
521.94083254   
521.15816347   
522.51697440   
517.54275894   
519.41815667   
519.87869085   
518.16021932   
518.01607714   
517.96141124   
517.94458582   
516.75796195   
517.97249005   
520.00658625   
520.29402515   
520.57258056   
515.32790234   
521.05906519   
520.66559846   
519.38584793   
519.53688535   
522.60238406   
520.43206556   
518.49781516   
519.38940190   
520.95375434   
519.95976040   
520.17018118   
520.82373170   
518.50906495   
520.45953667   
519.50235863   
519.56394259   
522.41097732   
524.37488245   
519.77792150   
522.07002427   
520.86136679   
523.03031545   
521.78854620   
521.54743190   
525.78063997   
526.55608525   
527.26259295   
526.41263483   
532.26968781   
523.80021601   
526.68185535   
522.21123131   
523.66454591   
523.23368637   
534.10867213   
530.32245079   
524.28415094   
528.37760547   
527.79538677   
527.07207385   
522.59390429   
519.13416426   
518.41814981   
518.48755926   
522.28112584   
519.86143724   
519.73419369   
521.97570064   
524.43313618   
527.63252831   
524.36124117   
527.50081347   
523.97799290   
523.17695623   
522.23736635   
523.82180516   
523.53446169   
524.97764660   
525.06072677   
521.45548755   
519.31464254   
521.68026117   
522.72652448   
522.60534571   
521.92972208   
519.54248795   
521.14278787   
520.40477695   
521.75263601   
521.24621377   
521.34274528   
523.91615008   
522.38090973   
521.19114023   
521.54244503   
521.07409119   
522.61034832   
520.75091385   
524.10712522   
521.61480417   
521.54440338   
518.58540662   
519.22748678   
519.21219134   
517.10616915   
517.14221388   
517.56050339   
520.02266627   
517.26104506   
517.64274611   
518.39135342   
519.34136751   
519.47271474   
518.55360799   
519.91975904   
519.33917194   
524.60004558   
523.21046073   
517.85899018   
517.47475310   
522.79401367   
519.23508496   
519.29061753   
