1826.23188332   
1953.01260294   
1789.45940513   
1766.46100076   
1874.31081991   
1687.30837603   
1723.48278145   
1777.76070277   
1734.42809696   
1841.01980487   
1812.20090304   
1635.81479595   
1628.67723348   
1784.67483445   
1600.72044321   
1646.62420520   
1530.91784614   
1464.05599827   
1433.56655699   
1385.93308583   
1361.50196974   
1327.81863211   
1356.68939021   
1360.02423001   
1374.10462762   
1364.08347165   
1346.48500824   
1369.76589862   
1311.29241252   
1268.04589872   
1310.31603468   
1264.65408502   
1244.93519952   
1248.68008203   
1294.72135423   
1279.02533273   
1261.28300461   
1253.20285435   
1259.70055706   
1324.63841053   
1275.09913801   
1252.13515129   
1245.70801264   
1249.06344824   
1251.65547630   
1258.16592539   
1250.61430911   
1263.23736445   
1242.54441366   
1234.92606270   
1230.16111176   
1239.52833540   
1235.23044784   
1239.83170669   
1237.16466743   
1276.90608242   
1215.52994551   
1213.82281678   
1215.35706082   
1239.50755885   
1209.52294151   
1222.99122022   
1204.36447821   
1210.94273506   
1210.57753279   
1210.59629968   
1209.83825535   
1210.51502099   
1216.89356283   
1205.00195193   
1208.63440364   
1226.66522784   
1212.13153846   
1213.79110875   
1204.11412420   
1210.59770889   
1202.41984058   
1201.91965320   
1207.34055432   
1219.82093004   
1201.69088597   
1207.96917105   
1205.42965322   
1215.45733567   
1211.91726665   
1206.25800836   
1199.48730923   
1189.04561769   
1202.65056169   
1203.64608796   
1210.37284195   
1201.01684075   
1188.41684101   
1184.72062130   
1188.79952806   
1205.91179403   
1192.09651755   
1201.34044530   
1191.82179692   
1196.58901684   
1212.95561362   
1198.13731095   
1192.82916715   
1207.41878422   
1176.64439209   
1188.41221866   
1180.19530068   
1185.70141391   
1187.46274921   
1176.74088164   
1197.84439306   
1189.00079393   
1176.53066717   
1179.27682827   
1178.43353616   
1176.90050913   
1180.55471957   
1192.75936859   
1192.83908245   
1177.68061506   
1194.10822141   
1199.61196995   
1178.07690181   
1178.43796989   
1180.64542584   
1199.74353529   
1191.68607940   
1175.40734483   
1191.47122825   
1180.94990645   
1196.98961811   
1204.57288267   
1222.31876566   
1192.78645859   
1174.10778838   
1177.81118293   
1174.45459418   
1182.35454690   
1175.00142541   
1184.27049992   
1182.70962174   
1179.94368365   
1197.46526031   
1164.35688128   
1179.55009333   
1193.25365756   
1184.55131248   
1174.67037068   
1171.24982572   
1196.48925259   
1166.97647902   
1194.16346428   
1175.18556585   
1166.73851935   
1171.07642671   
1164.83727427   
1203.78513937   
1180.35837350   
1185.10858394   
1206.22927110   
1176.25753933   
1181.83913339   
1180.41831279   
1168.56280576   
1184.24893933   
1170.52896099   
1169.15235043   
1184.92004012   
1198.73690272   
1195.48008473   
1179.26342180   
1180.25646175   
1182.37816149   
1174.67958269   
1180.33888959   
1196.08103380   
1221.90604221   
1180.07232446   
1185.92309330   
1205.91955405   
1180.53078504   
1173.38870225   
1171.45925777   
1200.63106220   
1194.01778157   
1178.39705726   
1168.72585570   
1210.23162581   
1177.44221684   
1179.59985830   
1171.11239776   
1205.62805450   
1177.25125996   
1182.69670965   
1199.66570639   
1196.56303456   
1168.30175045   
1186.24513852   
1164.23273367   
1175.13688811   
1171.02056181   
1171.91934557   
1164.00460868   
1169.18858402   
1190.29736800   
1177.83977162   
1165.80118357   
1169.78722568   
1175.40081461   
1182.53367193   
1205.88105526   
1178.04686119   
1169.30700120   
1176.36552354   
1174.47168957   
1176.95945645   
1180.01698675   
1194.51623847   
1168.19619930   
1180.21831219   
1192.47724724   
1168.48196419   
1196.88775987   
1172.08498448   
1163.46802851   
1180.91515552   
1174.66457565   
1169.73310759   
1166.58433232   
1169.40260542   
1180.17937596   
1166.38935061   
1166.60568386   
1187.82087519   
1199.54189277   
1165.69759703   
1193.00091802   
1184.02850544   
1194.35644489   
1179.32768618   
1184.27340533   
1181.08146947   
1174.88390683   
1177.83685852   
1169.00181735   
1182.64533128   
1167.75420058   
1179.14992040   
1184.67839915   
1185.12149150   
1175.22651057   
1172.58442636   
1165.77858565   
1220.57280547   
1171.19055707   
1169.83844610   
1178.53040288   
1170.95238513   
1168.04458450   
1171.28844903   
1178.74918954   
1186.55065553   
1180.93357809   
1177.74288523   
1179.97625379   
1165.49849738   
1176.83000799   
1180.94397315   
1184.58957797   
1192.80711663   
1176.42862634   
1172.02953474   
1165.99188647   
1167.66857791   
1180.42670120   
1177.01095539   
1177.35862427   
1178.43397751   
1180.47268125   
1170.68367515   
1164.17108015   
1191.13469948   
1176.83210207   
1171.57546753   
1168.57935562   
1184.12082910   
1173.61607097   
1176.59998588   
1184.43517768   
1184.66829465   
1168.56502067   
1173.52798022   
1178.39309811   
1180.92907973   
1166.20051178   
1167.39873878   
1197.81354396   
1172.37299826   
1167.24957071   
1174.50212065   
1172.41213240   
1166.59100150   
1171.14295711   
1197.08991907   
1175.35731252   
1187.99351836   
1173.76021053   
1185.74077753   
1178.27807280   
1163.58777337   
1173.97941769   
1161.57212142   
1175.05740243   
1197.82216663   
1186.85704275   
1171.52096704   
1171.80787634   
1207.85474161   
1176.43857228   
1174.10755923   
1175.14383159   
1174.76997945   
1189.38937023   
1170.38150592   
1173.98630633   
1167.67684414   
1169.59133399   
1180.87965273   
1174.92923866   
1184.77798477   
1163.49303844   
1170.58628101   
1172.33936589   
1181.92945396   
1183.82571059   
1176.23958665   
1187.26129501   
1172.75035363   
1203.42130100   
1170.62502991   
1181.02127708   
1166.52784768   
1180.75024600   
1173.58980842   
1184.63737272   
1168.49416402   
1175.25554543   
1162.80290628   
1168.94267385   
1174.04745265   
1180.72019409   
1178.69933827   
1176.22905643   
1164.86438086   
1171.09601711   
1170.21304359   
1173.06957010   
1170.80541073   
1177.44964819   
1171.72324289   
1176.08478824   
1170.78988222   
1185.60358096   
1175.09443973   
1169.52068701   
1174.15481548   
1164.17639043   
1172.85854710   
1175.11314084   
1182.75706256   
1172.57403760   
1165.59292243   
1188.29312256   
1176.16907646   
1179.38713182   
1176.44467908   
1181.38533942   
1183.50452879   
1203.45514369   
1168.00182454   
1174.50655517   
1167.50265472   
1179.32735669   
1187.38729034   
1178.28262780   
1169.51868587   
1166.15774970   
1180.27692635   
1169.89328706   
1168.49960963   
1174.59750743   
1223.68106808   
1175.00442364   
1180.92004344   
1166.07938616   
1196.42430710   
1182.45848203   
1180.53988243   
1188.56203350   
1198.02360529   
1190.08724711   
1178.25464278   
1185.80273319   
1177.43854097   
1170.96753712   
1174.16995425   
1183.93097854   
1167.20819124   
1168.10174053   
1168.15582791   
1212.69129540   
1190.35127279   
1188.38165389   
1176.55470103   
1218.04771358   
1171.60027686   
1173.55233917   
1165.95149096   
1185.60467061   
1189.15564620   
1184.23162892   
1181.01732630   
1171.69398908   
1188.99337777   
1192.17846174   
1170.74699574   
1177.52002693   
1187.22990714   
1188.77321846   
1181.42303275   
1181.14176758   
1205.13534952   
1183.63537536   
1163.72703539   
1188.06203128   
1183.41392031   
1178.48158523   
1170.16939791   
1194.43716614   
1170.70390882   
1169.47744576   
1190.56973373   
1166.20067353   
1168.18524587   
1180.53453007   
1169.10850966   
1172.01343945   
1197.97709797   
1170.71457687   
1193.36406768   
1175.43545115   
1163.31766894   
1175.77628418   
1185.69233031   
1196.82795052   
1202.10453668   
1176.12652413   
1206.19577178   
1181.38622223   
1187.08935413   
1172.61605032   
1183.11412493   
1164.68294740   
1174.18423606   
1171.62501050   
1173.35390848   
1167.37059642   
1170.38867330   
1192.30190497   
1176.87132902   
1189.11516502   
1191.68169248   
1178.56337985   
1185.12063732   
1168.09428008   
1175.26896979   
1169.55018748   
1190.06401747   
1190.12443649   
1221.22157775   
1179.17324107   
1189.02388034   
1170.43202681   
1173.51849670   
1174.54731336   
1183.07514892   
1179.21912702   
1188.26426117   
1170.60604671   
1188.12377336   
1187.02235453   
1175.72102871   
1216.54374638   
1175.97608652   
1173.15066179   
1172.46062903   
1172.74509275   
1167.77535378   
1179.57570649   
1183.41807486   
1181.67429618   
1189.28713708   
1197.28223699   
1184.66228167   
1169.75459417   
1169.29879485   
1176.03462939   
1174.01673660   
1198.96137977   
1175.19275063   
1181.13921979   
1176.46339011   
1175.36695958   
1185.36559750   
1198.01608953   
1174.87383694   
1190.24111935   
1183.51933993   
1168.69654446   
1173.98920825   
1192.67937986   
1177.06111628   
1177.98580763   
1189.50009271   
1198.19276990   
1192.57281229   
1180.28721149   
1182.02357292   
1189.46927194   
1197.06680427   
1188.45755327   
1174.42115234   
1180.28575620   
1189.58290251   
1175.99304812   
1175.22329273   
1175.25855895   
1191.86496892   
1182.41264086   
1169.00927542   
1174.54708159   
1184.81937558   
1230.37737697   
1170.79876525   
1183.20365487   
1180.43465904   
1170.17097858   
1175.63642904   
1176.03391921   
1178.73782300   
1179.43497726   
1180.99675437   
1175.21424959   
1178.99666943   
1168.64626757   
1188.98877660   
1180.05744214   
1198.93845479   
1198.88558610   
1182.22702020   
1163.70398813   
1192.20430152   
1168.55622440   
1173.03965838   
1179.27028913   
1173.44456543   
1165.99553730   
1200.44676816   
1172.47646774   
1175.59915006   
1169.27867696   
1190.20541651   
1177.49712215   
1168.88738072   
1179.28179351   
1189.52843236   
1188.71012357   
1173.86652921   
1183.72313760   
1172.33821072   
1174.05100287   
1176.69232048   
1191.62192361   
1170.00989845   
1173.88877236   
1174.14202964   
1176.10392896   
1169.11661638   
1175.34103257   
1178.26440763   
1176.47444228   
1176.09664845   
1183.34795947   
1173.33100148   
1170.32925742   
1190.36395909   
1189.90475450   
1179.95016812   
1200.48688912   
1169.46781224   
1188.43904583   
1201.79110202   
1197.38902182   
1172.33865019   
1172.83228667   
1179.61496143   
1181.38300947   
1186.32354964   
1168.96025633   
1179.74781466   
1179.20482549   
1178.74596823   
1177.66460797   
1175.68129019   
1204.39134301   
1191.18978999   
1173.71938108   
1186.47253091   
1230.50235404   
1187.68617505   
1172.55511258   
1181.73819266   
1175.55617836   
1177.25945098   
1214.10363477   
1189.94360217   
1176.55424342   
1188.04113203   
1200.65134733   
1195.01437046   
1177.32843695   
1170.20127262   
1179.05392835   
1174.73728989   
1170.18216275   
1179.30313636   
1187.28646708   
1186.99708509   
1175.31701502   
1206.06748346   
1182.71051827   
1184.16308968   
1183.18530813   
1173.62602838   
1175.82679449   
1183.15708536   
1210.97959318   
1176.42858957   
1172.52224794   
1213.88705504   
1179.16022021   
1175.62735337   
1192.86224906   
1176.60193312   
1171.14326892   
1200.10849602   
1168.47169823   
1183.23950528   
1191.73046894   
1195.04460984   
1180.48161197   
1178.25167104   
1174.19396460   
1176.81328664   
1186.06190493   
1176.71092576   
1192.24374252   
1182.89328360   
1161.55275910   
1171.19524138   
1182.94875836   
1180.77665101   
1179.32307864   
1173.65432407   
1196.60797663   
1173.25991495   
1166.48270161   
1180.09275361   
1178.68838489   
1178.98836150   
1174.07827152   
1193.12033818   
1170.07022217   
1182.31083366   
1197.11526773   
1169.01715736   
1189.21635353   
1196.11652315   
1168.68143492   
1179.57150881   
1173.38260871   
1182.63791260   
1194.17646623   
1217.40495859   
1166.85305427   
1184.16028006   
1168.76162544   
1199.71780967   
1163.87802295   
1187.66946236   
1175.59802276   
1186.74013375   
1171.27815553   
1171.72796638   
1172.36529973   
1179.53074962   
1181.25983218   
1169.36626329   
1163.77201427   
1180.26131362   
1174.66148091   
1168.45710718   
1167.66023795   
1170.45958172   
1166.00729873   
1173.19995938   
1168.83019883   
1182.59781271   
1186.16591520   
1194.36014359   
1161.35762060   
1173.52302611   
1172.14404369   
1181.10069248   
1170.47206220   
1194.78973074   
1182.34228234   
1172.23178103   
1177.75090415   
1165.94934766   
1178.81796828   
1165.05537614   
1180.21030792   
1188.80486035   
1196.24227899   
1176.81959767   
1185.97363120   
1168.06312734   
1173.97894624   
1178.28532276   
1184.04909477   
1165.03640677   
1179.74469926   
1170.31405821   
1168.52674243   
1179.15756489   
1163.14587515   
1177.15065532   
1177.62228179   
1173.45107631   
1182.35802800   
1177.93168635   
1201.80722648   
1183.90199810   
1167.91616922   
1180.62046183   
1181.21186359   
1187.07400701   
1177.46399496   
1182.78843653   
1178.66965200   
1189.50381393   
1185.57341113   
1181.73116562   
1188.14547722   
1194.74178005   
1209.24081325   
1174.19980066   
1183.29735838   
1168.00178789   
1178.73323685   
1180.23095011   
1183.71106852   
1172.49275255   
1178.02255775   
1168.99473533   
1174.46508039   
1183.70339897   
1167.42297003   
1171.06940015   
1173.72082781   
1179.23546834   
1168.75958184   
1164.34873180   
1176.13484078   
1175.31887541   
1188.04271702   
1172.11679622   
1175.32338757   
1178.11637485   
1172.03947804   
1169.21735649   
1174.60797870   
1170.77572957   
1174.33077003   
1160.21148327   
1178.80034473   
1184.57635986   
1173.17129987   
1167.56538150   
1218.05219968   
1173.30666739   
1178.70935631   
1170.42784423   
1181.43994580   
1163.26715125   
1194.26474295   
1188.07646606   
1211.98481150   
1199.96138917   
1167.04475783   
1179.44657373   
1173.63787266   
1175.70250100   
1161.33899312   
1169.85031105   
1168.20134221   
1179.15360441   
1172.31880935   
1173.62416140   
1169.76618046   
1166.14768243   
1174.76285909   
1169.08644688   
1164.72565807   
1165.07744773   
1167.59059358   
1185.67093882   
1192.57632482   
1168.15167574   
1166.64993064   
1170.31175540   
1182.25715662   
1171.48545556   
1177.77644354   
1178.15434526   
1204.90049631   
1174.53054058   
1175.34945308   
1171.31906258   
1187.28609970   
1172.80293162   
1174.81446570   
1193.69443280   
1186.36458781   
1161.54414857   
1163.36019596   
1179.75089174   
1176.02424159   
1162.61161653   
1162.26840071   
1182.42940687   
1177.24898757   
1179.21620836   
1170.70013613   
1195.13198034   
1201.82867028   
1166.44714640   
1181.30477949   
1171.06347165   
1191.22693503   
1165.36012474   
1168.08196252   
1168.09564051   
1181.16293058   
1168.53242440   
1168.95743955   
1185.35373091   
1210.60595858   
1188.72290841   
1202.63520331   
1193.05471073   
1189.71543053   
1181.57865195   
1183.32233169   
1182.57125951   
1223.00525843   
1170.89241544   
1171.33859685   
1177.43861614   
1172.62226698   
1177.80351849   
1206.17180130   
1182.02422490   
1177.94225952   
1172.54042983   
1202.95550830   
1185.96913943   
1171.36735786   
1171.27127157   
1166.66520698   
1187.68738008   
1172.79341064   
1175.66535751   
1206.60059131   
1179.92089714   
1169.27518926   
1187.05352465   
1181.08976084   
1187.84538386   
1182.30644219   
1172.74997382   
1183.20123856   
1174.49201079   
1173.89912240   
1169.46989622   
1177.42924861   
1181.03608371   
1175.80681743   
1183.97552887   
1171.10757493   
1174.02070474   
1193.61040398   
1174.10837117   
1180.29461581   
1184.68676899   
1182.60691168   
1179.63233934   
1175.81260390   
1159.93814793   
1173.79381568   
1175.24712085   
1176.20712020   
1168.85221726   
1170.81586613   
1174.17116900   
1167.96832727   
1189.21678953   
1160.49241383   
1184.78120230   
1175.57902484   
1180.32876481   
1174.44686258   
1189.74298231   
1172.05850540   
1193.05501039   
1170.87262135   
1182.99322608   
1173.14104943   
1205.25455548   
1192.23050044   
1177.76885258   
1184.09358155   
1179.20901097   
1175.50845300   
1220.77683736   
1164.47457584   
1183.27194594   
1188.90953972   
1176.37839790   
1176.43815295   
1165.11317777   
1178.54842007   
1170.99432897   
1176.13712675   
1170.89556208   
1188.75021206   
1171.26699234   
1194.13784774   
1187.60452937   
1172.45089519   
1195.67895641   
1178.36196990   
1188.24890276   
1169.95745846   
1180.08681766   
1174.55909071   
1194.95556025   
1173.08645894   
1178.91180117   
1179.14151061   
1199.13551457   
1191.16877121   
1166.62128643   
1181.50830672   
1180.23615824   
1181.71713763   
1172.75237615   
1195.18706503   
1174.52128493   
1181.23996827   
1170.69377514   
1166.46179006   
1171.23003602   
1180.42712375   
1183.08472693   
1208.35993971   
1185.88310818   
1171.92083954   
1170.35598280   
1208.46965867   
1287.56705976   
1165.33064431   
1173.85765409   
1186.05471377   
1212.02095000   
1168.06769780   
1207.47450152   
1184.72667044   
1175.54387841   
1165.28404082   
1163.57593735   
1162.63130109   
1169.18251814   
1167.80900128   
1176.09194026   
1167.81834905   
1166.91191251   
1187.53391781   
1169.84286897   
1192.56100131   
1180.65484285   
1167.67658261   
1174.30466643   
1195.97453678   
1164.15637418   
1193.77678154   
1183.77966126   
1173.03054633   
1171.94836023   
1187.85245573   
1186.03316355   
1166.24286977   
1172.75787724   
1163.23112779   
1160.35785611   
1178.87530722   
1184.97759994   
1169.34491159   
1194.49616180   
1166.06926851   
1178.21588413   
1171.78938851   
1177.08598280   
1172.58570969   
1195.53132715   
1161.45857015   
1192.17648581   
1170.67998472   
1170.65630198   
1202.37375789   
1186.57102367   
1182.94386128   
1177.15580731   
1180.14553473   
1170.75266246   
1176.53345203   
1172.81240804   
1202.69286908   
1169.13670893   
1177.59076244   
1187.78896733   
1178.37655379   
1165.06514800   
1167.92412616   
1183.36846472   
1175.30104551   
1180.82222368   
1169.15775083   
1168.81537925   
1174.51513704   
1165.15007589   
1160.47887553   
1163.36170995   
1166.59451471   
1183.61406165   
1184.38136619   
1172.58596920   
1168.56759403   
1163.37534313   
1175.98084001   
1176.15318627   
1188.25956850   
1172.48186491   
1170.53629230   
1186.25728468   
1203.63972821   
1184.47358890   
1175.15143004   
1166.49324615   
1169.55766119   
1178.53206117   
1162.83915626   
1178.01480785   
1163.92560418   
1166.92871393   
1189.57357859   
1170.35582331   
1178.98197148   
1174.09037245   
1163.88816821   
1176.36896182   
1174.56585183   
1172.54890569   
1175.77076372   
1172.79839452   
1181.13146390   
1164.60720405   
1182.20337001   
1166.46139698   
1182.03052222   
1162.55885384   
1179.58167994   
1175.95600740   
1178.70113360   
1168.99560871   
1168.04211316   
1163.08634066   
1185.09820987   
1178.52208163   
1170.41978947   
1175.50943634   
1171.65975307   
1170.46695633   
1170.63021570   
1174.08586388   
1172.67897690   
1170.84577478   
1176.05488094   
1168.73997145   
1171.67617378   
1176.50659171   
1171.78183853   
1171.50373759   
1171.50349165   
1176.26730309   
1166.89722459   
1171.25955730   
1171.33687243   
1179.18645862   
1163.55770621   
1168.72045400   
1163.60812049   
1188.75213397   
1165.46260885   
1175.52923288   
1188.93586338   
1163.02290919   
1169.94338008   
1170.53605039   
1177.79063502   
1172.57361404   
1164.45096638   
1174.70697451   
1164.05349099   
1164.27477072   
1176.97249287   
1170.45956639   
1169.26931905   
1180.75404941   
1170.94397124   
1168.83058125   
1173.30588715   
1188.59845875   
1185.43798398   
1175.18427010   
1180.90792431   
1175.16972164   
1175.61684496   
1176.32372273   
1164.81867546   
1173.50255940   
1169.00368444   
1183.00492169   
1196.41415709   
1169.63393241   
1176.92073600   
1167.89061811   
1196.06694350   
1169.64934337   
1176.38871288   
1177.14431638   
1186.65496705   
1173.25067831   
1168.41355535   
1165.88117486   
1187.87067835   
1173.35432949   
1169.40475953   
1171.22789131   
1184.34031175   
1168.81256290   
1174.45082360   
1191.69472102   
1186.86875679   
1172.50589689   
1180.52819807   
1173.29544513   
1167.67596574   
1206.96028443   
1185.63463936   
1163.21419815   
1173.80142070   
1160.97675766   
1217.06960567   
1188.42031296   
1173.33211802   
1171.74775581   
1184.63707872   
1173.44841267   
1191.20560020   
1199.01009772   
1188.44999368   
1178.18645942   
1197.84692507   
1182.34646878   
1173.46698200   
1173.87159669   
1166.96771890   
1173.80355764   
1211.68636798   
1191.45282316   
1170.76862714   
1162.18442466   
1184.46142420   
1173.53420164   
1179.17120433   
1183.93616432   
1174.28001436   
1165.75311226   
1168.27132140   
1190.52572609   
1168.03948031   
1174.75282428   
1176.10063819   
1166.43017739   
1181.67537309   
1196.92268342   
1176.99387222   
1168.07641856   
1182.83222793   
1166.36184147   
1170.95364210   
1164.77437111   
1178.32444851   
1174.97540041   
