729.66662889   
715.25357700   
713.50495028   
694.99090801   
685.69444739   
681.27327538   
673.24460872   
670.45338112   
665.14576478   
661.93539157   
662.25095686   
658.07594077   
654.57886663   
654.81811390   
649.69738718   
643.09681417   
644.96904283   
644.09260855   
641.87370320   
641.80128851   
641.15482475   
637.54312019   
630.00862019   
631.16250664   
640.26980988   
630.15467240   
628.90777272   
628.70154659   
628.37405297   
628.81593021   
626.23083893   
627.86869631   
623.82912854   
618.52176118   
620.57493294   
619.79478224   
619.55580965   
617.10889021   
620.53771860   
622.76354466   
619.64413352   
615.87613714   
613.85939534   
615.93044261   
614.97835702   
611.25730889   
607.80451675   
603.83961008   
604.86627878   
600.64740027   
601.35774117   
599.59862958   
599.27717001   
598.60328180   
601.01300723   
594.49748204   
593.52008229   
597.62359901   
594.63386695   
594.27764186   
594.41029793   
595.88961780   
596.58010607   
595.74338330   
593.04998201   
592.96934568   
589.47821653   
589.65473691   
594.93339043   
590.52375528   
592.74242389   
588.42569273   
586.89754745   
586.88066756   
594.09226256   
587.98814037   
590.07202599   
590.85314436   
592.26607403   
594.38741124   
596.10060310   
595.42892615   
591.49172804   
591.14073931   
591.58098675   
592.92480651   
592.25425788   
591.18733792   
591.53054328   
587.83949808   
585.99954721   
585.66856460   
580.22933682   
580.95000136   
580.09218005   
579.61468891   
579.06346008   
578.86135561   
579.65768045   
578.98741075   
578.70693096   
575.60867002   
575.69798185   
573.74508315   
574.13406663   
574.47393871   
574.84465066   
574.36022156   
567.51618642   
570.16102741   
571.71980938   
570.31095971   
569.16651440   
568.93168859   
567.71541147   
567.50624393   
570.99675154   
571.91521155   
572.71955713   
579.18327299   
576.01708358   
569.88659556   
568.22068672   
568.44140253   
570.47775175   
568.76260071   
567.76841300   
565.25076585   
564.58724924   
563.78614088   
560.57377102   
562.22277630   
559.95211835   
557.88749791   
556.68033318   
551.13619325   
554.46062046   
554.24827918   
552.16474235   
551.90857080   
552.54080630   
550.04338533   
548.84127070   
547.74335044   
547.37010960   
545.67698725   
543.95161055   
544.64833283   
545.38289774   
546.07920750   
545.99147664   
546.81667269   
544.11540014   
542.60187391   
544.53553611   
546.99749172   
546.11376276   
544.95096748   
546.15819552   
543.54668647   
541.24556019   
543.54960283   
536.52504618   
532.99918205   
534.36589761   
533.51652307   
534.56633007   
536.34870882   
533.70565247   
532.55722378   
521.61890897   
521.69328999   
520.92280067   
521.80553683   
521.81981358   
522.04969878   
520.00664231   
519.37631567   
522.51765893   
518.46588237   
519.18659828   
518.33131227   
518.17480317   
521.59739577   
523.20225197   
522.10859764   
519.80599495   
521.92559251   
519.86106334   
525.83968825   
522.56179523   
520.24746296   
523.01724675   
520.63597263   
520.68129540   
521.74915877   
521.16753847   
520.50625091   
517.29408612   
520.39695041   
521.41633794   
519.90520804   
521.82760339   
522.87476904   
525.17903441   
519.97208020   
523.43716829   
523.25276106   
523.68971478   
522.79662491   
523.06904027   
524.49617020   
522.92684349   
519.25785758   
520.01794034   
520.09109924   
519.98745934   
518.03049577   
520.48864529   
518.11187599   
519.96185994   
525.54563374   
522.82389797   
523.05620359   
521.77730348   
519.14870544   
519.90592700   
522.77251933   
522.86267647   
525.07368641   
520.80100805   
517.82839770   
517.91242895   
523.23070437   
522.71399493   
522.10616811   
521.74016471   
519.70287839   
519.66640349   
519.22683655   
518.52471005   
518.39003359   
519.48136858   
518.82038066   
519.43275404   
526.58566395   
527.27614095   
532.68052041   
532.04443158   
529.84262519   
528.19164148   
524.32198420   
525.70889951   
527.56842991   
524.72425651   
524.96292665   
525.46572259   
525.86254580   
526.76924628   
528.85972544   
528.00739720   
531.84087660   
525.25450571   
522.41719841   
523.96178477   
522.62184049   
523.58343224   
519.42331163   
519.29811628   
523.80680349   
525.83415107   
522.63384134   
526.63544708   
527.33404051   
527.36128021   
526.94138042   
525.34059853   
522.29329433   
524.56150764   
522.37815801   
522.15848375   
521.94877158   
521.94286091   
524.05173632   
526.72552756   
529.29975020   
523.72515121   
523.48698803   
518.82490239   
522.06935126   
522.92299425   
521.75174622   
522.69796862   
519.86462248   
519.47766947   
521.19349735   
520.76613910   
524.39717782   
523.45275712   
521.52402953   
520.32912036   
519.96498377   
524.19982159   
524.18993017   
523.90639013   
523.44293998   
521.99283411   
520.79339823   
519.36919095   
519.03704822   
515.87236491   
522.22767608   
518.86411437   
515.46060715   
516.68503400   
517.15224517   
520.61293082   
520.82282636   
521.79343546   
528.94336525   
521.02610719   
522.13724478   
519.73760704   
518.62059867   
519.49911829   
519.42995781   
517.69418252   
517.21162586   
518.57136235   
521.21405473   
519.93490646   
519.36626461   
519.11228993   
517.11020093   
520.13117711   
520.55869990   
522.18196792   
523.46711954   
524.26302531   
526.26872407   
529.35275726   
529.63305112   
525.51624714   
524.50604912   
531.32001460   
525.77223950   
530.59273390   
524.70324416   
525.74589650   
526.96176475   
526.44608088   
526.94636711   
528.30563677   
528.24717788   
531.21422627   
532.61730853   
533.12654490   
536.14491971   
532.14957626   
532.83688716   
533.40644734   
531.85494937   
528.95523277   
528.92340837   
524.81423092   
524.81428114   
521.65758813   
519.92002449   
520.73026059   
522.01992932   
519.57617425   
519.35008913   
519.41157253   
518.18564803   
517.69381684   
519.27302076   
521.23534059   
516.84487725   
517.29998099   
519.37102469   
521.70198757   
522.43466363   
523.19099178   
522.07539652   
524.16093172   
518.70111829   
517.00771833   
520.97050592   
517.80412255   
517.55130958   
515.77552453   
519.20941632   
519.38245481   
519.24945025   
519.44658059   
522.26053986   
521.10978289   
518.97120326   
517.40231800   
520.97916093   
523.63438170   
519.17166537   
518.76946614   
519.86398279   
520.92288284   
525.41544196   
523.24187633   
521.42286555   
517.06876596   
516.73275593   
519.61016147   
522.26309226   
527.26358191   
528.05732547   
530.60140332   
529.88106078   
523.01503494   
522.44916627   
521.14946956   
522.42083463   
523.55850717   
521.34786069   
520.59578848   
523.55358955   
521.18703203   
519.71887481   
518.74950128   
518.92479110   
520.38904938   
518.27913041   
517.78675899   
516.92433959   
516.97819353   
516.35173723   
515.65694198   
517.25912962   
518.40634733   
520.41392858   
521.79208960   
522.98367686   
523.42886943   
520.41924455   
520.60292411   
522.57704655   
521.32126127   
525.46684046   
524.26762199   
526.91819078   
526.43868369   
527.46755043   
