5.81000000   230.61000000   72.46000000   -107.17000000   25.45072082   99.84751516   5.65924323   0.24204987   
5.81000000   230.61000000   72.46000000   -107.17000000   25.45070539   99.78895376   6.53719159   0.09910112   
5.81000000   230.61000000   72.46000000   -107.17000000   25.45838460   99.78297185   6.11302994   0.04944144   
5.81000000   230.61000000   72.46000000   -107.17000000   25.48877249   99.78497116   5.61022538   0.04256448   
5.81000000   230.61000000   72.46000000   -107.17000000   25.51151237   99.78404850   5.82157048   -0.07689494   
5.81000000   230.61000000   72.46000000   -107.17000000   25.50982892   99.77951242   5.40802231   -0.12353459   
5.81000000   230.61000000   72.46000000   -107.17000000   25.50667512   99.74674152   5.04340576   -0.18107318   
5.81000000   230.61000000   72.46000000   -107.17000000   25.54063798   99.73224907   4.72139662   -0.14745924   
5.81000000   230.61000000   72.46000000   -107.17000000   25.56546948   99.71730972   5.36908708   -0.16188761   
5.81000000   230.61000000   72.46000000   -107.17000000   25.58976949   99.70703811   4.59749585   -0.19291196   
5.81000000   230.61000000   72.46000000   -107.17000000   25.59193227   99.73495781   4.50903284   -0.24515213   
5.81000000   230.61000000   72.46000000   -107.17000000   25.59521175   99.73437143   4.91184403   -0.07865782   
5.81000000   230.61000000   72.46000000   -107.17000000   25.59835964   99.73484311   5.22766865   -0.06331766   
5.81000000   230.61000000   72.46000000   -107.17000000   25.60918286   99.74328111   5.21162062   -0.05612758   
5.81000000   230.61000000   72.46000000   -107.17000000   25.61689336   99.71985193   4.25598138   -0.03672029   
5.81000000   230.61000000   72.46000000   -107.17000000   25.65736768   99.75317477   4.24706411   0.07206056   
5.81000000   230.61000000   72.46000000   -107.17000000   25.66072679   99.73184037   4.11227880   0.02045466   
5.81000000   230.61000000   72.46000000   -107.17000000   25.70481416   99.72709667   3.82391679   0.15775105   
5.81000000   230.61000000   72.46000000   -107.17000000   25.71690106   99.72846454   3.10668863   0.09550529   
5.81000000   230.61000000   72.46000000   -107.17000000   25.71446148   99.72021851   2.74388249   0.26788177   
5.81000000   230.61000000   72.46000000   -107.17000000   25.71023227   99.73434482   2.96328541   0.29757856   
5.81000000   230.61000000   72.46000000   -107.17000000   25.70808400   99.74720351   2.47004464   0.13098749   
5.81000000   230.61000000   72.46000000   -107.17000000   25.73256986   99.74840713   2.69559521   -0.06242134   
5.81000000   230.61000000   72.46000000   -107.17000000   25.74060006   99.72623879   2.27291391   -0.01801550   
5.81000000   230.61000000   72.46000000   -107.17000000   25.73592961   99.73350801   2.73706891   0.00177340   
5.81000000   230.61000000   72.46000000   -107.17000000   25.71249559   99.72539948   2.62063824   -0.09390422   
5.81000000   230.61000000   72.46000000   -107.17000000   25.70617976   99.74336607   2.70265224   -0.11665377   
5.81000000   230.61000000   72.46000000   -107.17000000   25.72452567   99.76390421   2.15233110   0.06143946   
5.81000000   230.61000000   72.46000000   -107.17000000   25.71583337   99.75554127   2.69487874   -0.10598679   
5.81000000   230.61000000   72.46000000   -107.17000000   25.71018460   99.75203080   2.79663671   -0.11863792   
5.81000000   230.61000000   72.46000000   -107.17000000   25.75074313   99.74711728   2.63371021   -0.09664730   
5.81000000   230.61000000   72.46000000   -107.17000000   25.73573993   99.76193411   3.22501719   -0.06337960   
5.81000000   230.61000000   72.46000000   -107.17000000   25.73159679   99.76074347   2.97287146   0.13299902   
5.81000000   230.61000000   72.46000000   -107.17000000   25.73270946   99.76499248   2.45382307   0.16047539   
5.81000000   230.61000000   72.46000000   -107.17000000   25.75541929   99.75854151   2.08554808   0.15422995   
5.81000000   230.61000000   72.46000000   -107.17000000   25.75986119   99.76182053   1.63257268   0.13098082   
5.81000000   230.61000000   72.46000000   -107.17000000   25.71828631   99.75968687   1.69367335   0.19676621   
5.81000000   230.61000000   72.46000000   -107.17000000   25.73369170   99.75953694   2.27240346   0.00895428   
5.81000000   230.61000000   72.46000000   -107.17000000   25.72427338   99.76465823   2.68055461   0.07159556   
5.81000000   230.61000000   72.46000000   -107.17000000   25.73719878   99.75093957   3.11810120   0.00489972   
5.81000000   230.61000000   72.46000000   -107.17000000   25.74942192   99.74712142   3.29027906   -0.13674902   
5.81000000   230.61000000   72.46000000   -107.17000000   25.74440594   99.73866353   2.83176880   -0.05279434   
5.81000000   230.61000000   72.46000000   -107.17000000   25.73458884   99.74636117   2.46545331   0.02072110   
5.81000000   230.61000000   72.46000000   -107.17000000   25.71993305   99.74377354   2.15780638   0.20954726   
5.81000000   230.61000000   72.46000000   -107.17000000   25.68683836   99.75879382   2.02398579   0.10503904   
5.81000000   230.61000000   72.46000000   -107.17000000   25.70081754   99.72975524   2.43753432   0.03156012   
5.81000000   230.61000000   72.46000000   -107.17000000   25.68308839   99.74749728   2.03587165   -0.00293817   
5.81000000   230.61000000   72.46000000   -107.17000000   25.69376749   99.75263186   1.78858178   -0.18149669   
5.81000000   230.61000000   72.46000000   -107.17000000   25.71003704   99.75038400   1.77051423   -0.12525199   
5.81000000   230.61000000   72.46000000   -107.17000000   25.72379929   99.76174918   1.32541388   0.03473946   
5.81000000   230.61000000   72.46000000   -107.17000000   25.70717539   99.74734919   1.34956537   -0.09043594   
5.81000000   230.61000000   72.46000000   -107.17000000   25.70349319   99.74415002   1.07355974   0.12770289   
5.81000000   230.61000000   72.46000000   -107.17000000   25.70401603   99.77484373   1.30882578   0.14035382   
5.81000000   230.61000000   72.46000000   -107.17000000   25.72864429   99.77051407   1.24290532   -0.08549109   
5.81000000   230.61000000   72.46000000   -107.17000000   25.71871589   99.74442922   1.96978456   -0.19655528   
5.81000000   230.61000000   72.46000000   -107.17000000   25.71632386   99.76472242   1.53026786   -0.29776631   
5.81000000   230.61000000   72.46000000   -107.17000000   25.73475552   99.73442988   1.57350643   -0.17019101   
5.81000000   230.61000000   72.46000000   -107.17000000   25.74814716   99.73479555   2.13657355   -0.08322901   
5.81000000   230.61000000   72.46000000   -107.17000000   25.75356549   99.72600687   1.09434632   -0.21981827   
5.81000000   230.61000000   72.46000000   -107.17000000   25.75767486   99.73140222   2.00413967   -0.35106019   
5.81000000   230.61000000   72.46000000   -107.17000000   25.74760649   99.71779841   1.95475353   -0.33235779   
5.81000000   230.61000000   72.46000000   -107.17000000   25.73588266   99.73854873   3.16725539   -0.34775767   
5.81000000   230.61000000   72.46000000   -107.17000000   25.73191892   99.73316297   3.30272257   -0.33617229   
5.81000000   230.61000000   72.46000000   -107.17000000   25.72335201   99.73042785   3.12380649   -0.26688140   
5.81000000   230.61000000   72.46000000   -107.17000000   25.73844026   99.74189960   2.17685925   -0.34761264   
5.81000000   230.61000000   72.46000000   -107.17000000   25.70413338   99.75083786   1.58234045   -0.43946700   
5.81000000   230.61000000   72.46000000   -107.17000000   25.69514640   99.73632002   1.34288462   -0.36387879   
5.81000000   230.61000000   72.46000000   -107.17000000   25.73330254   99.70737792   1.00509609   -0.25753859   
5.81000000   230.61000000   72.46000000   -107.17000000   25.73099096   99.71193195   2.24135943   -0.35710871   
5.81000000   230.61000000   72.46000000   -107.17000000   25.72895431   99.71127851   1.79566694   -0.38406201   
5.81000000   230.61000000   72.46000000   -107.17000000   25.75004310   99.71113415   1.76506301   -0.59302271   
5.81000000   230.61000000   72.46000000   -107.17000000   25.72842843   99.73162420   1.42728662   -0.49918346   
5.81000000   230.61000000   72.46000000   -107.17000000   25.73831315   99.74272688   1.69278706   -0.57922098   
5.81000000   230.61000000   72.46000000   -107.17000000   25.73296494   99.74402437   1.72897511   -0.54922414   
5.81000000   230.61000000   72.46000000   -107.17000000   25.73474846   99.73366485   1.66183705   -0.66033861   
5.81000000   230.61000000   72.46000000   -107.17000000   25.74465912   99.72425653   1.87219768   -0.71892983   
5.81000000   230.61000000   72.46000000   -107.17000000   25.73985533   99.71363407   1.49890739   -0.64117796   
5.81000000   230.61000000   72.46000000   -107.17000000   25.73291567   99.71567669   2.06803335   -0.58215052   
5.81000000   230.61000000   72.46000000   -107.17000000   25.72640808   99.70452723   2.70098744   -0.63934327   
5.81000000   230.61000000   72.46000000   -107.17000000   25.74530642   99.70587832   2.08485489   -0.63672233   
5.81000000   230.61000000   72.46000000   -107.17000000   25.72537328   99.71144100   2.12616290   -0.78500264   
5.81000000   230.61000000   72.46000000   -107.17000000   25.71510789   99.74606191   2.07173776   -0.74833425   
5.81000000   230.61000000   72.46000000   -107.17000000   25.73487724   99.70701567   1.15202220   -0.69455462   
5.81000000   230.61000000   72.46000000   -107.17000000   25.73135899   99.72171576   1.45357704   -0.77177877   
5.81000000   230.61000000   72.46000000   -107.17000000   25.72812126   99.73454615   1.36677446   -0.69645972   
5.81000000   230.61000000   72.46000000   -107.17000000   25.71609313   99.74818061   1.23949978   -0.71919401   
5.81000000   230.61000000   72.46000000   -107.17000000   25.72339799   99.73960058   1.38811174   -0.80063633   
5.81000000   230.61000000   72.46000000   -107.17000000   25.74001974   99.73649586   1.82514304   -0.58192298   
5.81000000   230.61000000   72.46000000   -107.17000000   25.74986518   99.72651166   1.06324280   -0.57810128   
5.81000000   230.61000000   72.46000000   -107.17000000   25.72698612   99.74269883   1.39420419   -0.50476166   
5.81000000   230.61000000   72.46000000   -107.17000000   25.72215312   99.73682914   1.06146814   -0.48226642   
5.81000000   230.61000000   72.46000000   -107.17000000   25.72761285   99.76062379   1.23839762   -0.38344478   
5.81000000   230.61000000   72.46000000   -107.17000000   25.71485721   99.74701610   1.07667596   -0.36652965   
5.81000000   230.61000000   72.46000000   -107.17000000   25.71126431   99.75298312   1.30608592   -0.36447330   
5.81000000   230.61000000   72.46000000   -107.17000000   25.74902862   99.74768410   1.22088593   -0.35318586   
5.81000000   230.61000000   72.46000000   -107.17000000   25.72660394   99.74751383   1.32264257   -0.30465689   
5.81000000   230.61000000   72.46000000   -107.17000000   25.74166869   99.72673054   2.06854090   -0.40538323   
5.81000000   230.61000000   72.46000000   -107.17000000   25.73885283   99.75196357   1.82889055   -0.37974446   
5.81000000   230.61000000   72.46000000   -107.17000000   25.75027008   99.74179432   1.73491506   -0.39371882   
5.81000000   230.61000000   72.46000000   -107.17000000   25.72853338   99.71774379   1.90285588   -0.38040225   
5.81000000   230.61000000   72.46000000   -107.17000000   25.73570778   99.71335178   2.20060211   -0.26638820   
5.81000000   230.61000000   72.46000000   -107.17000000   25.75222715   99.73627596   2.15064476   -0.17602562   
5.81000000   230.61000000   72.46000000   -107.17000000   25.75873996   99.75151907   1.55524742   -0.36345750   
5.81000000   230.61000000   72.46000000   -107.17000000   25.75458088   99.74437977   1.51972705   -0.27108392   
5.81000000   230.61000000   72.46000000   -107.17000000   25.74198031   99.73176929   1.69447680   -0.10586534   
5.81000000   230.61000000   72.46000000   -107.17000000   25.73957771   99.75506969   1.31696174   -0.00100624   
5.81000000   230.61000000   72.46000000   -107.17000000   25.74833343   99.74834821   1.57793685   0.03095515   
5.81000000   230.61000000   72.46000000   -107.17000000   25.73760597   99.75565197   1.47562982   0.00482316   
5.81000000   230.61000000   72.46000000   -107.17000000   25.73525368   99.75425809   1.57259661   0.09341862   
5.81000000   230.61000000   72.46000000   -107.17000000   25.74511304   99.77543772   1.01668910   0.12569017   
5.81000000   230.61000000   72.46000000   -107.17000000   25.73820388   99.75326745   1.37752755   0.00224376   
5.81000000   230.61000000   72.46000000   -107.17000000   25.74825856   99.76084937   1.29969967   0.04476517   
5.81000000   230.61000000   72.46000000   -107.17000000   25.70589298   99.78689542   1.23580393   0.02965669   
5.81000000   230.61000000   72.46000000   -107.17000000   25.69957989   99.74383471   1.25717072   -0.12601258   
5.81000000   230.61000000   72.46000000   -107.17000000   25.72334064   99.72135099   1.73752489   -0.38102410   
5.81000000   230.61000000   72.46000000   -107.17000000   25.71731200   99.74088331   1.59982239   -0.47770373   
5.81000000   230.61000000   72.46000000   -107.17000000   25.72117366   99.75062754   1.87246310   -0.34124043   
5.81000000   230.61000000   72.46000000   -107.17000000   25.70113509   99.74636009   1.73200842   -0.30346585   
5.81000000   230.61000000   72.46000000   -107.17000000   25.73801233   99.73098133   1.40425822   -0.35905881   
5.81000000   230.61000000   72.46000000   -107.17000000   25.73655697   99.72445908   1.25390913   -0.43981469   
5.81000000   230.61000000   72.46000000   -107.17000000   25.74526681   99.72868515   1.60750344   -0.46472507   
5.81000000   230.61000000   72.46000000   -107.17000000   25.72326000   99.72517495   1.12621395   -0.41720721   
5.81000000   230.61000000   72.46000000   -107.17000000   25.72381477   99.73027043   1.19854530   -0.32877660   
5.81000000   230.61000000   72.46000000   -107.17000000   25.72142846   99.75964440   1.08380442   -0.44481038   
5.81000000   230.61000000   72.46000000   -107.17000000   25.70249617   99.75906681   1.04239214   -0.49317256   
5.81000000   230.61000000   72.46000000   -107.17000000   25.73548394   99.73929856   1.13289948   -0.55499641   
5.81000000   230.61000000   72.46000000   -107.17000000   25.72608407   99.71338350   1.15292979   -0.69934511   
5.81000000   230.61000000   72.46000000   -107.17000000   25.71264908   99.72611054   1.17832146   -0.77154672   
5.81000000   230.61000000   72.46000000   -107.17000000   25.74912116   99.72870192   1.22851921   -0.72547619   
5.81000000   230.61000000   72.46000000   -107.17000000   25.72896376   99.71261320   1.39897711   -0.56795871   
5.81000000   230.61000000   72.46000000   -107.17000000   25.73001844   99.74647515   1.43991564   -0.72190592   
5.81000000   230.61000000   72.46000000   -107.17000000   25.73708595   99.72912266   1.25187104   -0.79998955   
5.81000000   230.61000000   72.46000000   -107.17000000   25.71278823   99.74140369   1.27770004   -0.82301060   
5.81000000   230.61000000   72.46000000   -107.17000000   25.73926284   99.72876162   1.95577581   -0.90664058   
5.81000000   230.61000000   72.46000000   -107.17000000   25.73673047   99.71770489   1.49352755   -0.89137820   
5.81000000   230.61000000   72.46000000   -107.17000000   25.72796893   99.74618941   1.31968462   -0.91119445   
5.81000000   230.61000000   72.46000000   -107.17000000   25.72900265   99.73836284   2.06839562   -0.79776796   
5.81000000   230.61000000   72.46000000   -107.17000000   25.72049921   99.73465511   1.55036298   -0.74251941   
5.81000000   230.61000000   72.46000000   -107.17000000   25.75332188   99.71290808   1.36216696   -0.70090970   
5.81000000   230.61000000   72.46000000   -107.17000000   25.74892539   99.71457977   1.36200884   -0.60113763   
5.81000000   230.61000000   72.46000000   -107.17000000   25.76489466   99.73212388   1.04209768   -0.55299014   
5.81000000   230.61000000   72.46000000   -107.17000000   25.74881745   99.73466891   1.56811101   -0.39270059   
5.81000000   230.61000000   72.46000000   -107.17000000   25.72875894   99.72470936   1.33772821   -0.58074706   
5.81000000   230.61000000   72.46000000   -107.17000000   25.74259032   99.73826606   1.42163096   -0.53878564   
5.81000000   230.61000000   72.46000000   -107.17000000   25.74189865   99.72035206   1.08886325   -0.43446802   
5.81000000   230.61000000   72.46000000   -107.17000000   25.72230804   99.74809639   1.54430107   -0.45045366   
5.81000000   230.61000000   72.46000000   -107.17000000   25.71336635   99.77080030   1.23749188   -0.25340675   
5.81000000   230.61000000   72.46000000   -107.17000000   25.71997875   99.75287925   1.02304052   -0.26811248   
5.81000000   230.61000000   72.46000000   -107.17000000   25.72484466   99.74735911   1.47321394   -0.40066425   
5.81000000   230.61000000   72.46000000   -107.17000000   25.72110577   99.73225947   1.56008612   -0.43903599   
5.81000000   230.61000000   72.46000000   -107.17000000   25.72196444   99.72989877   2.48353473   -0.30945407   
5.81000000   230.61000000   72.46000000   -107.17000000   25.72728586   99.73131811   2.41808806   -0.35546223   
5.81000000   230.61000000   72.46000000   -107.17000000   25.75287455   99.73920579   1.87253720   -0.36410031   
5.81000000   230.61000000   72.46000000   -107.17000000   25.72876736   99.73243956   1.74760495   -0.26895908   
5.81000000   230.61000000   72.46000000   -107.17000000   25.73017136   99.72464294   1.69045433   -0.27137604   
5.81000000   230.61000000   72.46000000   -107.17000000   25.70286191   99.72830343   1.71766682   -0.38370398   
5.81000000   230.61000000   72.46000000   -107.17000000   25.72773350   99.71167859   1.05452634   -0.36915073   
5.81000000   230.61000000   72.46000000   -107.17000000   25.73963807   99.71531361   1.18156451   -0.44399768   
5.81000000   230.61000000   72.46000000   -107.17000000   25.71613356   99.73008636   1.37244654   -0.36263409   
5.81000000   230.61000000   72.46000000   -107.17000000   25.72865925   99.72718652   1.59189133   -0.34937408   
5.81000000   230.61000000   72.46000000   -107.17000000   25.72801216   99.75683409   1.42624914   -0.37692831   
5.81000000   230.61000000   72.46000000   -107.17000000   25.74659848   99.74982105   1.15234088   -0.48420273   
5.81000000   230.61000000   72.46000000   -107.17000000   25.73751834   99.75888971   1.30125583   -0.42133989   
5.81000000   230.61000000   72.46000000   -107.17000000   25.74776229   99.72274114   1.42752979   -0.35506286   
5.81000000   230.61000000   72.46000000   -107.17000000   25.73418515   99.73964634   1.21065680   -0.47168165   
5.81000000   230.61000000   72.46000000   -107.17000000   25.74294305   99.73240164   1.72107321   -0.54926097   
5.81000000   230.61000000   72.46000000   -107.17000000   25.73636207   99.74210967   1.68797932   -0.64528745   
5.81000000   230.61000000   72.46000000   -107.17000000   25.72183149   99.72510494   1.16632870   -0.72539446   
5.81000000   230.61000000   72.46000000   -107.17000000   25.73604649   99.72720646   1.03796911   -0.67541051   
5.81000000   230.61000000   72.46000000   -107.17000000   25.72626506   99.75607110   1.02251723   -0.69736676   
5.81000000   230.61000000   72.46000000   -107.17000000   25.73198366   99.74042324   2.10385638   -0.64478567   
5.81000000   230.61000000   72.46000000   -107.17000000   25.74337689   99.72783474   2.13132799   -0.71384065   
5.81000000   230.61000000   72.46000000   -107.17000000   25.73517815   99.72763260   1.76226081   -0.55553450   
5.81000000   230.61000000   72.46000000   -107.17000000   25.75026046   99.73810150   1.56387577   -0.70424209   
5.81000000   230.61000000   72.46000000   -107.17000000   25.73169925   99.74756645   2.01600129   -0.81975804   
5.81000000   230.61000000   72.46000000   -107.17000000   25.73897102   99.71908113   2.10398932   -0.70016831   
5.81000000   230.61000000   72.46000000   -107.17000000   25.71582920   99.70814781   1.49326053   -0.70998507   
5.81000000   230.61000000   72.46000000   -107.17000000   25.74879830   99.70379737   1.63436891   -0.85629982   
5.81000000   230.61000000   72.46000000   -107.17000000   25.73971203   99.70809981   1.32190589   -0.90397866   
5.81000000   230.61000000   72.46000000   -107.17000000   25.73758031   99.74638419   1.02658328   -1.01151573   
5.81000000   230.61000000   72.46000000   -107.17000000   25.75385285   99.72810424   1.39992061   -0.85883167   
5.81000000   230.61000000   72.46000000   -107.17000000   25.74844959   99.73978867   1.30458485   -0.72568317   
5.81000000   230.61000000   72.46000000   -107.17000000   25.74835945   99.75710588   1.12196266   -0.57658533   
5.81000000   230.61000000   72.46000000   -107.17000000   25.71567247   99.73803103   1.60226634   -0.57691010   
5.81000000   230.61000000   72.46000000   -107.17000000   25.71476945   99.72812171   1.46711876   -0.54415418   
5.81000000   230.61000000   72.46000000   -107.17000000   25.73309145   99.72315440   1.32124408   -0.58752429   
5.81000000   230.61000000   72.46000000   -107.17000000   25.75531433   99.74206154   1.37934842   -0.67599422   
5.81000000   230.61000000   72.46000000   -107.17000000   25.75886175   99.73640246   1.60675160   -0.85522509   
5.81000000   230.61000000   72.46000000   -107.17000000   25.74493469   99.71907961   1.16662512   -0.68542820   
5.81000000   230.61000000   72.46000000   -107.17000000   25.74374226   99.73094746   1.94223613   -0.65123935   
5.81000000   230.61000000   72.46000000   -107.17000000   25.72314513   99.74066980   2.11454147   -0.63061714   
5.81000000   230.61000000   72.46000000   -107.17000000   25.72557324   99.71255224   1.59114663   -0.58181584   
5.81000000   230.61000000   72.46000000   -107.17000000   25.73538489   99.73700610   1.78243378   -0.45125888   
5.81000000   230.61000000   72.46000000   -107.17000000   25.73693946   99.73789244   1.74025572   -0.65282515   
5.81000000   230.61000000   72.46000000   -107.17000000   25.73195125   99.74651224   1.55945299   -0.73109335   
5.81000000   230.61000000   72.46000000   -107.17000000   25.73215281   99.75291678   1.74786439   -0.62346739   
5.81000000   230.61000000   72.46000000   -107.17000000   25.75481010   99.73771750   1.42018165   -0.57482314   
5.81000000   230.61000000   72.46000000   -107.17000000   25.75166822   99.72081770   1.12849724   -0.59939648   
5.81000000   230.61000000   72.46000000   -107.17000000   25.74710529   99.71102012   1.02524407   -0.70375115   
5.81000000   230.61000000   72.46000000   -107.17000000   25.74477395   99.72709560   1.51773303   -0.68391865   
5.81000000   230.61000000   72.46000000   -107.17000000   25.73759625   99.71704447   1.65407977   -0.76510633   
5.81000000   230.61000000   72.46000000   -107.17000000   25.73643428   99.71138423   1.50303563   -0.59512491   
5.81000000   230.61000000   72.46000000   -107.17000000   25.73340527   99.71858535   1.86769746   -0.68811887   
5.81000000   230.61000000   72.46000000   -107.17000000   25.76013231   99.72260082   1.52846929   -0.70608070   
5.81000000   230.61000000   72.46000000   -107.17000000   25.73985449   99.73143576   1.42471397   -0.60487194   
5.81000000   230.61000000   72.46000000   -107.17000000   25.75761702   99.72970948   1.01862440   -0.62213632   
5.81000000   230.61000000   72.46000000   -107.17000000   25.75316776   99.74631924   1.11095216   -0.34816707   
5.81000000   230.61000000   72.46000000   -107.17000000   25.73474177   99.75030479   1.21091931   -0.35078822   
5.81000000   230.61000000   72.46000000   -107.17000000   25.74155710   99.74223539   1.23498094   -0.38479251   
5.81000000   230.61000000   72.46000000   -107.17000000   25.73511972   99.73580565   1.21513825   -0.48334888   
5.81000000   230.61000000   72.46000000   -107.17000000   25.72882289   99.72208052   1.05336225   -0.61717710   
5.81000000   230.61000000   72.46000000   -107.17000000   25.70974185   99.73477950   1.21267971   -0.59192950   
5.81000000   230.61000000   72.46000000   -107.17000000   25.73441186   99.74638851   1.59366703   -0.57435414   
5.81000000   230.61000000   72.46000000   -107.17000000   25.74789044   99.74766361   1.46639677   -0.40035726   
5.81000000   230.61000000   72.46000000   -107.17000000   25.70854171   99.72902224   1.58986399   -0.36976962   
5.81000000   230.61000000   72.46000000   -107.17000000   25.72742287   99.73626379   1.47264214   -0.48296875   
5.81000000   230.61000000   72.46000000   -107.17000000   25.72614142   99.75934225   1.07728227   -0.44401641   
5.81000000   230.61000000   72.46000000   -107.17000000   25.70599126   99.76269110   1.06765349   -0.42120975   
5.81000000   230.61000000   72.46000000   -107.17000000   25.72269114   99.75311548   1.36171496   -0.46397015   
5.81000000   230.61000000   72.46000000   -107.17000000   25.70169501   99.73275027   1.50217387   -0.53531257   
5.81000000   230.61000000   72.46000000   -107.17000000   25.71648687   99.73974429   1.30589868   -0.56736154   
5.81000000   230.61000000   72.46000000   -107.17000000   25.70714815   99.73193496   1.00610175   -0.60956046   
5.81000000   230.61000000   72.46000000   -107.17000000   25.72590878   99.71321819   1.16797066   -0.69345208   
5.81000000   230.61000000   72.46000000   -107.17000000   25.72805437   99.72662520   1.49908456   -0.58125000   
5.81000000   230.61000000   72.46000000   -107.17000000   25.70793199   99.75717596   1.08805711   -0.52900141   
5.81000000   230.61000000   72.46000000   -107.17000000   25.71045049   99.75130952   1.17073650   -0.40564548   
5.81000000   230.61000000   72.46000000   -107.17000000   25.72538836   99.76317153   1.03376703   -0.36373459   
5.81000000   230.61000000   72.46000000   -107.17000000   25.72460107   99.75399071   1.33918098   -0.31926866   
5.81000000   230.61000000   72.46000000   -107.17000000   25.70389719   99.75475101   1.36160664   -0.16313947   
5.81000000   230.61000000   72.46000000   -107.17000000   25.72302067   99.75097231   1.22480090   -0.11683029   
5.81000000   230.61000000   72.46000000   -107.17000000   25.72483788   99.72499013   1.24933731   -0.22653094   
5.81000000   230.61000000   72.46000000   -107.17000000   25.71140178   99.72142251   1.46989915   -0.35974830   
5.81000000   230.61000000   72.46000000   -107.17000000   25.70173703   99.74164076   1.36019303   -0.26992992   
5.81000000   230.61000000   72.46000000   -107.17000000   25.71990886   99.73423393   1.28310198   -0.26107026   
5.81000000   230.61000000   72.46000000   -107.17000000   25.70913587   99.74558003   1.67897292   -0.29600577   
5.81000000   230.61000000   72.46000000   -107.17000000   25.70933969   99.75638400   2.23522543   -0.40853436   
5.81000000   230.61000000   72.46000000   -107.17000000   25.72533487   99.77144440   1.81173612   -0.30245994   
5.81000000   230.61000000   72.46000000   -107.17000000   25.73770207   99.73759689   1.24373034   -0.19548720   
5.81000000   230.61000000   72.46000000   -107.17000000   25.71736154   99.74781055   1.13515773   -0.29123865   
5.81000000   230.61000000   72.46000000   -107.17000000   25.72212270   99.75089591   1.06500969   -0.34001809   
5.81000000   230.61000000   72.46000000   -107.17000000   25.74021541   99.73696688   1.17686588   -0.44043981   
5.81000000   230.61000000   72.46000000   -107.17000000   25.73866110   99.72346192   1.21635853   -0.60330212   
5.81000000   230.61000000   72.46000000   -107.17000000   25.75658588   99.70658433   1.47165473   -0.57753872   
5.81000000   230.61000000   72.46000000   -107.17000000   25.75469811   99.73146335   1.68701903   -0.65438962   
5.81000000   230.61000000   72.46000000   -107.17000000   25.72681774   99.74103960   1.83343990   -0.77377308   
5.81000000   230.61000000   72.46000000   -107.17000000   25.73995634   99.77506739   1.04292154   -0.75591467   
5.81000000   230.61000000   72.46000000   -107.17000000   25.72300657   99.75344862   1.25969494   -0.77096536   
5.81000000   230.61000000   72.46000000   -107.17000000   25.72387917   99.74554222   1.09663986   -0.90419625   
5.81000000   230.61000000   72.46000000   -107.17000000   25.70785594   99.72533546   1.58254846   -0.85744238   
5.81000000   230.61000000   72.46000000   -107.17000000   25.74424606   99.70850351   1.50173700   -0.96667888   
5.81000000   230.61000000   72.46000000   -107.17000000   25.73249512   99.71563763   2.19453560   -0.88455574   
5.81000000   230.61000000   72.46000000   -107.17000000   25.74088683   99.73677752   1.69245867   -0.92573429   
5.81000000   230.61000000   72.46000000   -107.17000000   25.73397552   99.70998169   1.60309628   -0.90398910   
5.81000000   230.61000000   72.46000000   -107.17000000   25.72320348   99.72684650   1.71613631   -0.80868662   
5.81000000   230.61000000   72.46000000   -107.17000000   25.73182511   99.71665342   1.65606631   -0.93146705   
5.81000000   230.61000000   72.46000000   -107.17000000   25.70876783   99.70999640   1.01471745   -0.90792574   
5.81000000   230.61000000   72.46000000   -107.17000000   25.71624929   99.70845599   1.30260352   -0.93798426   
5.81000000   230.61000000   72.46000000   -107.17000000   25.72322541   99.72939170   1.39507123   -0.83766772   
5.81000000   230.61000000   72.46000000   -107.17000000   25.75200074   99.74717720   1.04479065   -0.86760094   
5.81000000   230.61000000   72.46000000   -107.17000000   25.75756776   99.73350693   1.43505151   -0.74309577   
5.81000000   230.61000000   72.46000000   -107.17000000   25.75126684   99.71459068   2.15500137   -0.72057869   
5.81000000   230.61000000   72.46000000   -107.17000000   25.74412688   99.74233024   2.53956588   -0.54268988   
5.81000000   230.61000000   72.46000000   -107.17000000   25.73900909   99.73254719   2.11240187   -0.58800636   
5.81000000   230.61000000   72.46000000   -107.17000000   25.74589656   99.71431784   1.90348475   -0.65127241   
5.81000000   230.61000000   72.46000000   -107.17000000   25.75347110   99.72069787   1.41426921   -0.51660845   
5.81000000   230.61000000   72.46000000   -107.17000000   25.74008427   99.72417192   1.61045687   -0.39932521   
5.81000000   230.61000000   72.46000000   -107.17000000   25.72905821   99.72754299   1.87049489   -0.49795917   
5.81000000   230.61000000   72.46000000   -107.17000000   25.72852536   99.74167472   1.45987719   -0.50406611   
5.81000000   230.61000000   72.46000000   -107.17000000   25.73389950   99.72985121   1.70999339   -0.29298116   
5.81000000   230.61000000   72.46000000   -107.17000000   25.71199955   99.75674413   1.09401336   -0.39074283   
5.81000000   230.61000000   72.46000000   -107.17000000   25.73116616   99.73487166   1.40512782   -0.28535443   
5.81000000   230.61000000   72.46000000   -107.17000000   25.74205421   99.72258177   1.45919154   -0.39441523   
5.81000000   230.61000000   72.46000000   -107.17000000   25.71349054   99.71549661   1.61815485   -0.39579941   
5.81000000   230.61000000   72.46000000   -107.17000000   25.73626353   99.74239038   1.77839213   -0.42226437   
5.81000000   230.61000000   72.46000000   -107.17000000   25.72752891   99.75680982   2.01101125   -0.34757212   
5.81000000   230.61000000   72.46000000   -107.17000000   25.72537747   99.75450507   2.42736200   -0.33411621   
5.81000000   230.61000000   72.46000000   -107.17000000   25.74363194   99.73541907   1.93033019   -0.44096727   
5.81000000   230.61000000   72.46000000   -107.17000000   25.72741354   99.72724271   1.29818463   -0.39828467   
5.81000000   230.61000000   72.46000000   -107.17000000   25.71490642   99.72982952   1.15531190   -0.54366842   
5.81000000   230.61000000   72.46000000   -107.17000000   25.71145418   99.72900643   1.13099778   -0.64447291   
5.81000000   230.61000000   72.46000000   -107.17000000   25.71561177   99.73074717   1.15552022   -0.63030183   
5.81000000   230.61000000   72.46000000   -107.17000000   25.73287709   99.74262833   1.01602179   -0.69202971   
5.81000000   230.61000000   72.46000000   -107.17000000   25.72763712   99.73730826   1.01651643   -0.64777166   
5.81000000   230.61000000   72.46000000   -107.17000000   25.75481016   99.73901704   1.16027693   -0.71061463   
5.81000000   230.61000000   72.46000000   -107.17000000   25.74686931   99.72850830   1.11623073   -0.65196295   
5.81000000   230.61000000   72.46000000   -107.17000000   25.73001386   99.71935055   1.04424808   -0.68397132   
5.81000000   230.61000000   72.46000000   -107.17000000   25.74047989   99.73545255   1.71175790   -0.61359119   
5.81000000   230.61000000   72.46000000   -107.17000000   25.73758664   99.73399873   2.20700012   -0.57953513   
5.81000000   230.61000000   72.46000000   -107.17000000   25.75311912   99.74874061   1.60210529   -0.61902752   
5.81000000   230.61000000   72.46000000   -107.17000000   25.75912257   99.72437431   1.04779990   -0.68939224   
5.81000000   230.61000000   72.46000000   -107.17000000   25.73009918   99.72890877   1.18415941   -0.67031260   
5.81000000   230.61000000   72.46000000   -107.17000000   25.72384718   99.73964964   1.34724566   -0.74167028   
5.81000000   230.61000000   72.46000000   -107.17000000   25.71847339   99.73413983   1.46847682   -0.69999723   
5.81000000   230.61000000   72.46000000   -107.17000000   25.71807778   99.73430392   1.55131271   -0.77080575   
5.81000000   230.61000000   72.46000000   -107.17000000   25.70680830   99.70311890   1.14617402   -0.80793247   
5.81000000   230.61000000   72.46000000   -107.17000000   25.72994820   99.70772122   1.22863760   -0.73044592   
5.81000000   230.61000000   72.46000000   -107.17000000   25.75364641   99.73206917   1.00063477   -0.83710800   
5.81000000   230.61000000   72.46000000   -107.17000000   25.74377922   99.71330730   1.06529763   -0.96502233   
5.81000000   230.61000000   72.46000000   -107.17000000   25.73528044   99.70810839   1.84745045   -0.69407268   
5.81000000   230.61000000   72.46000000   -107.17000000   25.72479817   99.74625293   1.66982607   -0.48174549   
5.81000000   230.61000000   72.46000000   -107.17000000   25.71116589   99.73798183   1.89979495   -0.41680138   
5.81000000   230.61000000   72.46000000   -107.17000000   25.72552081   99.74158863   2.26519332   -0.14086965   
5.81000000   230.61000000   72.46000000   -107.17000000   25.72096246   99.71494327   2.32024457   -0.03261422   
5.81000000   230.61000000   72.46000000   -107.17000000   25.73062372   99.73013649   2.44996526   -0.08203493   
5.81000000   230.61000000   72.46000000   -107.17000000   25.74800865   99.73210605   2.00473000   -0.22508170   
5.81000000   230.61000000   72.46000000   -107.17000000   25.74851574   99.75789350   2.04300802   -0.14315920   
5.81000000   230.61000000   72.46000000   -107.17000000   25.71741315   99.75672838   1.41493196   -0.13126054   
5.81000000   230.61000000   72.46000000   -107.17000000   25.72878746   99.74732399   1.70069207   -0.14486781   
5.81000000   230.61000000   72.46000000   -107.17000000   25.70632714   99.75189116   1.16022662   -0.07637685   
5.81000000   230.61000000   72.46000000   -107.17000000   25.72042097   99.75673255   1.25233255   -0.20356042   
5.81000000   230.61000000   72.46000000   -107.17000000   25.72479037   99.75606089   1.00030181   -0.27279209   
5.81000000   230.61000000   72.46000000   -107.17000000   25.72971754   99.76097438   1.38040067   -0.02539062   
5.81000000   230.61000000   72.46000000   -107.17000000   25.72983160   99.76516258   1.75837127   -0.11479208   
5.81000000   230.61000000   72.46000000   -107.17000000   25.71271714   99.75684444   2.09210906   -0.05384470   
5.81000000   230.61000000   72.46000000   -107.17000000   25.71967957   99.74986515   1.66269503   -0.00325187   
5.81000000   230.61000000   72.46000000   -107.17000000   25.71499056   99.74414008   1.27987941   -0.02271314   
5.81000000   230.61000000   72.46000000   -107.17000000   25.68691281   99.74783311   1.15321642   0.02410714   
5.81000000   230.61000000   72.46000000   -107.17000000   25.70491193   99.75971584   1.27972457   -0.17832784   
5.81000000   230.61000000   72.46000000   -107.17000000   25.71479476   99.77326302   1.10306417   -0.05224734   
5.81000000   230.61000000   72.46000000   -107.17000000   25.73237394   99.76061540   1.14196056   -0.10556234   
5.81000000   230.61000000   72.46000000   -107.17000000   25.73315241   99.72822601   1.00418258   -0.19899721   
5.81000000   230.61000000   72.46000000   -107.17000000   25.73879294   99.75101080   1.26305921   -0.11844927   
5.81000000   230.61000000   72.46000000   -107.17000000   25.72537028   99.72053994   1.09722693   -0.09959351   
5.81000000   230.61000000   72.46000000   -107.17000000   25.71974550   99.71381172   1.22098458   -0.19839295   
5.81000000   230.61000000   72.46000000   -107.17000000   25.70369012   99.73351092   1.28811731   -0.18904083   
5.81000000   230.61000000   72.46000000   -107.17000000   25.72045477   99.74620522   1.10972772   -0.03940299   
5.81000000   230.61000000   72.46000000   -107.17000000   25.71447704   99.74424246   1.55793698   -0.00188361   
5.81000000   230.61000000   72.46000000   -107.17000000   25.69326327   99.76662841   1.39597098   0.02454801   
5.81000000   230.61000000   72.46000000   -107.17000000   25.70719761   99.76299453   1.68785715   0.05887993   
5.81000000   230.61000000   72.46000000   -107.17000000   25.71874596   99.76581701   1.81547049   0.13127439   
5.81000000   230.61000000   72.46000000   -107.17000000   25.72982453   99.76429927   1.44809665   -0.02077530   
5.81000000   230.61000000   72.46000000   -107.17000000   25.74092434   99.75736295   1.74882245   -0.09252203   
5.81000000   230.61000000   72.46000000   -107.17000000   25.77709044   99.76666448   2.10192375   -0.03289336   
5.81000000   230.61000000   72.46000000   -107.17000000   25.76371649   99.78010571   2.35188464   0.05935697   
5.81000000   230.61000000   72.46000000   -107.17000000   25.76309226   99.74764056   2.21194401   0.17508647   
5.81000000   230.61000000   72.46000000   -107.17000000   25.75446908   99.75557713   2.13710082   0.31444792   
5.81000000   230.61000000   72.46000000   -107.17000000   25.74432762   99.75648448   1.87172046   0.28281144   
5.81000000   230.61000000   72.46000000   -107.17000000   25.73177387   99.75835340   1.93544084   0.21854193   
5.81000000   230.61000000   72.46000000   -107.17000000   25.71137198   99.76305001   1.23980060   0.20354147   
5.81000000   230.61000000   72.46000000   -107.17000000   25.73354915   99.76803211   1.00303753   0.08783054   
5.81000000   230.61000000   72.46000000   -107.17000000   25.72298365   99.76525773   1.33952175   -0.02818286   
5.81000000   230.61000000   72.46000000   -107.17000000   25.73676347   99.78231082   1.84727666   -0.20704705   
5.81000000   230.61000000   72.46000000   -107.17000000   25.72922852   99.76203772   1.84455698   -0.03669988   
5.81000000   230.61000000   72.46000000   -107.17000000   25.74109768   99.75682775   1.85262487   -0.12118354   
5.81000000   230.61000000   72.46000000   -107.17000000   25.74368901   99.75214000   1.21311272   -0.20174287   
5.81000000   230.61000000   72.46000000   -107.17000000   25.74147734   99.74942047   1.68088271   -0.18071114   
5.81000000   230.61000000   72.46000000   -107.17000000   25.71131722   99.74124792   1.48907437   -0.18671119   
5.81000000   230.61000000   72.46000000   -107.17000000   25.70784365   99.74480514   1.24266707   -0.09157791   
5.81000000   230.61000000   72.46000000   -107.17000000   25.69919559   99.76609025   1.00961155   -0.00413986   
5.81000000   230.61000000   72.46000000   -107.17000000   25.71674297   99.76326384   1.09067585   0.04890552   
5.81000000   230.61000000   72.46000000   -107.17000000   25.71533770   99.75838619   1.54568804   -0.00608828   
5.81000000   230.61000000   72.46000000   -107.17000000   25.71376080   99.76194415   1.23805137   0.10960513   
5.81000000   230.61000000   72.46000000   -107.17000000   25.71420795   99.75103812   1.52620927   -0.00734983   
5.81000000   230.61000000   72.46000000   -107.17000000   25.71872828   99.76433458   1.60166190   0.01172603   
5.81000000   230.61000000   72.46000000   -107.17000000   25.71574588   99.77712676   1.40733913   -0.16291072   
5.81000000   230.61000000   72.46000000   -107.17000000   25.73420281   99.76259821   1.57488155   -0.22907046   
5.81000000   230.61000000   72.46000000   -107.17000000   25.72273347   99.75920224   1.58498184   -0.14013036   
5.81000000   230.61000000   72.46000000   -107.17000000   25.73726789   99.77286715   1.16252101   -0.36042557   
5.81000000   230.61000000   72.46000000   -107.17000000   25.74502289   99.76714426   1.13492528   -0.24193741   
5.81000000   230.61000000   72.46000000   -107.17000000   25.74689968   99.75762246   1.34394736   -0.21461558   
5.81000000   230.61000000   72.46000000   -107.17000000   25.71942307   99.76894895   1.39929795   -0.15990880   
5.81000000   230.61000000   72.46000000   -107.17000000   25.70844887   99.77616066   1.73948677   -0.06074712   
5.81000000   230.61000000   72.46000000   -107.17000000   25.72037331   99.73770488   1.13194643   0.01417502   
5.81000000   230.61000000   72.46000000   -107.17000000   25.70457723   99.74217715   1.04942659   0.14497126   
5.81000000   230.61000000   72.46000000   -107.17000000   25.70736594   99.75043145   1.41805231   0.23958302   
5.81000000   230.61000000   72.46000000   -107.17000000   25.71914750   99.75529643   1.01615447   0.32553203   
5.81000000   230.61000000   72.46000000   -107.17000000   25.71695992   99.74522823   1.03829358   0.27963890   
5.81000000   230.61000000   72.46000000   -107.17000000   25.72787474   99.75210682   1.71208440   0.32229125   
5.81000000   230.61000000   72.46000000   -107.17000000   25.71309122   99.75737390   2.25605132   0.27489974   
5.81000000   230.61000000   72.46000000   -107.17000000   25.70985246   99.74435692   2.03441096   0.25351241   
5.81000000   230.61000000   72.46000000   -107.17000000   25.73779466   99.74434127   1.32686141   0.13206954   
5.81000000   230.61000000   72.46000000   -107.17000000   25.74392080   99.72861869   1.58678125   0.05332608   
5.81000000   230.61000000   72.46000000   -107.17000000   25.72595405   99.72164607   1.14591240   0.04672247   
5.81000000   230.61000000   72.46000000   -107.17000000   25.75285255   99.72808114   1.12150145   -0.06528621   
5.81000000   230.61000000   72.46000000   -107.17000000   25.74280061   99.74415618   1.65466512   0.04956050   
5.81000000   230.61000000   72.46000000   -107.17000000   25.74270729   99.74527543   1.83849847   -0.04630774   
5.81000000   230.61000000   72.46000000   -107.17000000   25.73818823   99.75489215   1.45975880   -0.10291826   
5.81000000   230.61000000   72.46000000   -107.17000000   25.72809306   99.75494082   1.39113316   -0.20562117   
5.81000000   230.61000000   72.46000000   -107.17000000   25.72905829   99.76045903   1.12504522   -0.19024144   
5.81000000   230.61000000   72.46000000   -107.17000000   25.72266079   99.73558329   1.01226787   -0.16046828   
5.81000000   230.61000000   72.46000000   -107.17000000   25.74218317   99.74874118   1.10950332   -0.34766469   
5.81000000   230.61000000   72.46000000   -107.17000000   25.73822165   99.74423209   1.40910678   -0.27865035   
5.81000000   230.61000000   72.46000000   -107.17000000   25.73673970   99.75950673   1.63468968   -0.27372902   
5.81000000   230.61000000   72.46000000   -107.17000000   25.74550277   99.76140985   1.00231640   -0.12490395   
5.81000000   230.61000000   72.46000000   -107.17000000   25.73841051   99.72878927   1.07625964   -0.22284275   
5.81000000   230.61000000   72.46000000   -107.17000000   25.73261484   99.74360662   1.03964480   -0.16856504   
5.81000000   230.61000000   72.46000000   -107.17000000   25.72806526   99.75133172   1.08700445   -0.14903165   
5.81000000   230.61000000   72.46000000   -107.17000000   25.72944624   99.74607690   1.99610588   0.03644426   
5.81000000   230.61000000   72.46000000   -107.17000000   25.71970660   99.76311054   1.32488288   -0.00638994   
5.81000000   230.61000000   72.46000000   -107.17000000   25.72081288   99.74620945   1.02761565   0.07331196   
5.81000000   230.61000000   72.46000000   -107.17000000   25.70215981   99.76991039   1.08300840   0.01370748   
5.81000000   230.61000000   72.46000000   -107.17000000   25.73017547   99.76000850   1.52685167   -0.11440836   
5.81000000   230.61000000   72.46000000   -107.17000000   25.72827903   99.74144349   1.10334408   -0.10704920   
5.81000000   230.61000000   72.46000000   -107.17000000   25.70620821   99.73331590   1.16371984   -0.01800859   
5.81000000   230.61000000   72.46000000   -107.17000000   25.70316302   99.74622309   1.02258119   0.00687979   
5.81000000   230.61000000   72.46000000   -107.17000000   25.73624051   99.73060169   1.30988291   0.01476275   
5.81000000   230.61000000   72.46000000   -107.17000000   25.73812838   99.74245566   1.76944816   0.07296787   
5.81000000   230.61000000   72.46000000   -107.17000000   25.74794223   99.75448735   1.60246736   0.15099788   
5.81000000   230.61000000   72.46000000   -107.17000000   25.74073350   99.74023734   1.47620282   0.13702511   
5.81000000   230.61000000   72.46000000   -107.17000000   25.73376272   99.71706288   1.05534657   0.20147247   
5.81000000   230.61000000   72.46000000   -107.17000000   25.73250088   99.73605957   1.32826322   0.18578791   
5.81000000   230.61000000   72.46000000   -107.17000000   25.73701734   99.77255572   1.23453791   0.21204253   
5.81000000   230.61000000   72.46000000   -107.17000000   25.73588450   99.75384650   1.22819910   0.01361210   
5.81000000   230.61000000   72.46000000   -107.17000000   25.71279781   99.74034515   1.13992408   -0.06076212   
5.81000000   230.61000000   72.46000000   -107.17000000   25.71859893   99.75798607   1.12107579   -0.18978770   
5.81000000   230.61000000   72.46000000   -107.17000000   25.71688896   99.73770235   1.05172312   -0.24131546   
5.81000000   230.61000000   72.46000000   -107.17000000   25.72964045   99.74969931   1.09180562   -0.42332631   
5.81000000   230.61000000   72.46000000   -107.17000000   25.74619711   99.74258062   1.24139979   -0.42575453   
5.81000000   230.61000000   72.46000000   -107.17000000   25.73761725   99.72790416   1.23823461   -0.55135874   
5.81000000   230.61000000   72.46000000   -107.17000000   25.73959794   99.72620981   1.59348520   -0.56600339   
5.81000000   230.61000000   72.46000000   -107.17000000   25.74375607   99.73594871   1.24336842   -0.55051007   
5.81000000   230.61000000   72.46000000   -107.17000000   25.73325790   99.71143163   1.73685049   -0.73679310   
5.81000000   230.61000000   72.46000000   -107.17000000   25.73516638   99.72942747   1.72044807   -0.63325562   
5.81000000   230.61000000   72.46000000   -107.17000000   25.77026716   99.71235506   1.59937873   -0.64409199   
5.81000000   230.61000000   72.46000000   -107.17000000   25.76095170   99.72352722   1.23855545   -0.83609098   
5.81000000   230.61000000   72.46000000   -107.17000000   25.71359592   99.74084462   1.17419671   -0.56807749   
5.81000000   230.61000000   72.46000000   -107.17000000   25.71613400   99.75923751   1.04226189   -0.52710043   
5.81000000   230.61000000   72.46000000   -107.17000000   25.71947221   99.75547588   1.12365352   -0.48025899   
5.81000000   230.61000000   72.46000000   -107.17000000   25.71455726   99.73067988   1.04446747   -0.33660427   
5.81000000   230.61000000   72.46000000   -107.17000000   25.72074701   99.74837384   1.04915235   -0.30532421   
5.81000000   230.61000000   72.46000000   -107.17000000   25.70990114   99.76002084   1.20532637   -0.20308165   
5.81000000   230.61000000   72.46000000   -107.17000000   25.71963385   99.75606431   1.40199849   -0.15473805   
5.81000000   230.61000000   72.46000000   -107.17000000   25.73939334   99.75175658   1.24893328   -0.14239807   
5.81000000   230.61000000   72.46000000   -107.17000000   25.73254664   99.76477278   1.33614957   -0.21181279   
5.81000000   230.61000000   72.46000000   -107.17000000   25.72810416   99.74194362   1.99625853   -0.33469778   
5.81000000   230.61000000   72.46000000   -107.17000000   25.72365210   99.73467884   1.10858374   -0.12864647   
5.81000000   230.61000000   72.46000000   -107.17000000   25.73703201   99.74008576   1.02971107   -0.28857421   
5.81000000   230.61000000   72.46000000   -107.17000000   25.73934752   99.73878881   1.16663820   -0.20358327   
5.81000000   230.61000000   72.46000000   -107.17000000   25.75014713   99.74568829   1.68651177   -0.22183903   
5.81000000   230.61000000   72.46000000   -107.17000000   25.75360241   99.74391499   1.68878431   -0.30161514   
5.81000000   230.61000000   72.46000000   -107.17000000   25.73118528   99.73082321   1.68599352   -0.25606437   
5.81000000   230.61000000   72.46000000   -107.17000000   25.75431263   99.74527306   1.02839244   -0.27672993   
5.81000000   230.61000000   72.46000000   -107.17000000   25.74936676   99.75118355   1.09893048   -0.24360054   
5.81000000   230.61000000   72.46000000   -107.17000000   25.75034225   99.74962266   1.13851633   -0.29849080   
5.81000000   230.61000000   72.46000000   -107.17000000   25.73395342   99.75096224   1.33475084   -0.28028987   
5.81000000   230.61000000   72.46000000   -107.17000000   25.71197483   99.76283312   1.73869675   -0.25887629   
