969.18982898   
1054.24460373   
1030.95487943   
997.22850108   
945.75046760   
918.53051347   
925.19134610   
838.30606804   
800.72384186   
797.82186702   
800.48820039   
788.47851745   
713.80348743   
745.44602130   
760.09390012   
683.14768438   
639.61088819   
634.94069019   
665.69917182   
630.29495251   
641.35207955   
664.65732334   
664.56856502   
659.84913333   
658.83523150   
669.33428237   
639.92014404   
635.27853758   
626.30031313   
648.94207011   
638.46955729   
660.98036348   
614.14980933   
642.46335275   
621.33641096   
641.13415163   
645.86567497   
643.14621078   
671.46470248   
615.48849931   
673.01366924   
624.51196854   
655.77921692   
643.32981378   
600.87346741   
638.09067644   
627.58883960   
621.00689876   
618.18862063   
616.83550353   
559.63385547   
556.54283473   
539.05637333   
530.96837013   
537.99575955   
548.79422718   
535.68504022   
529.35226029   
536.05602630   
536.70365768   
534.56413044   
537.99000217   
526.30641469   
529.71639885   
536.11364364   
537.11431427   
528.16071320   
531.67103642   
528.21424348   
527.07992803   
534.11322675   
531.51328516   
524.80955544   
537.08477212   
537.45944910   
528.85442008   
537.86167258   
528.80281473   
527.27561092   
533.77241743   
548.24618343   
529.89481162   
539.75350377   
529.00891946   
529.01725274   
530.01431476   
537.71614132   
531.65377679   
530.57641534   
529.41693086   
535.28006192   
532.18810267   
531.37769749   
547.50996516   
553.04369467   
561.12429893   
533.57670042   
537.02651156   
525.39777233   
527.62783700   
528.78813416   
530.67277445   
530.32963631   
533.71924079   
529.40532015   
530.36676947   
532.26280400   
529.09954154   
535.89610023   
526.93068034   
528.15017739   
530.48401432   
563.95601905   
533.65947079   
531.71152104   
531.28115959   
528.43086823   
537.46144860   
556.56723019   
539.24188707   
565.96357753   
524.04739190   
523.48658330   
537.87604560   
523.19006123   
524.63887802   
546.19389563   
526.08825192   
549.26256350   
530.70110192   
534.56195916   
525.74623186   
530.54674338   
520.45278623   
522.49482957   
529.55220702   
540.65723231   
522.77027402   
527.86024474   
522.52264330   
535.22463445   
533.37236880   
525.21259826   
532.71111041   
532.82080867   
526.48794784   
526.04590731   
540.01155292   
524.68135021   
525.66676741   
528.69535514   
525.95058710   
527.33372813   
534.63614119   
547.61872966   
538.82640638   
529.86658993   
533.37507145   
533.28511489   
531.24907303   
527.94326940   
521.06173895   
529.29518633   
523.42661259   
524.26063342   
525.42995921   
542.81654240   
527.20435947   
532.55049680   
535.14998971   
541.13764494   
527.53406781   
526.21322110   
525.92503172   
525.08711131   
519.68277360   
521.05347706   
519.08178131   
519.16869000   
518.68799931   
529.45362651   
532.33964610   
532.55711408   
522.99475732   
532.33224173   
526.16483045   
521.85402895   
522.98449929   
529.11385184   
531.54871412   
526.03331582   
526.20358609   
538.50055527   
535.50953512   
527.55587727   
535.81879823   
556.26065608   
520.66077544   
521.44572204   
529.61370902   
520.48746624   
518.53943896   
520.68349845   
525.30862474   
539.09869159   
528.68753066   
522.04867010   
522.02895002   
529.55724331   
530.16884793   
519.03334426   
526.07936846   
523.11679138   
518.81225013   
516.56137752   
532.00953828   
518.47866402   
528.40046204   
526.34813845   
519.44874135   
517.29840799   
522.66207312   
534.17198406   
519.05297655   
541.18382894   
524.43975006   
521.50268246   
521.10360592   
525.91799250   
536.16249685   
516.57895485   
526.13137242   
522.00941061   
524.49266399   
530.12898387   
519.93777619   
530.48770972   
519.87111786   
526.52865730   
520.62501770   
522.33897523   
524.20489269   
522.31655776   
532.02791513   
543.20582726   
521.78837787   
523.82915369   
527.16979120   
526.05852447   
535.03214115   
532.80789037   
527.78854774   
533.83838454   
531.25340406   
524.08958253   
532.95011644   
523.22705743   
533.01102422   
524.15199986   
525.49912631   
524.43081709   
536.49914755   
544.56128746   
531.30378464   
526.70148420   
528.52324079   
534.54726152   
544.45695298   
535.94670100   
533.27315750   
523.74614674   
524.76109673   
526.15748194   
532.58090130   
522.71563977   
525.63936344   
546.38786899   
549.33422045   
529.22430826   
524.53037549   
536.14038680   
535.28871914   
560.20148121   
532.84495455   
524.99081780   
526.70678281   
545.93032601   
521.79843352   
524.68347574   
527.80632960   
535.37512450   
528.46360776   
526.44674883   
539.45568635   
520.32661637   
521.84909944   
537.36817102   
542.62509985   
521.66264386   
519.98684683   
525.82581446   
530.00679620   
525.71492255   
523.20121242   
530.51997986   
523.02710188   
527.78838579   
521.12526557   
527.64446859   
520.75099893   
525.19344919   
518.07838712   
534.00550783   
520.76943053   
526.68407933   
517.76545243   
521.06771859   
526.83760908   
518.48325659   
529.95909846   
526.01324689   
524.09562028   
517.33179416   
527.71496342   
519.96548584   
520.00648360   
526.93433561   
516.57463996   
525.93055394   
528.15008564   
519.70862658   
517.95591998   
525.14489208   
528.41497419   
535.63420303   
525.58154800   
522.70829338   
525.54452697   
517.97411683   
521.56805331   
521.08504878   
520.87140175   
524.36261599   
525.23779252   
536.05435734   
533.49434563   
526.60504855   
531.39631321   
535.12982563   
528.56877409   
521.91830478   
525.26454373   
541.82470490   
525.34621119   
524.72999719   
531.39703974   
533.19979815   
527.22017165   
539.01791032   
525.08933256   
536.68991900   
528.53974483   
534.44219717   
537.93793032   
542.53561739   
520.99847881   
535.75704933   
523.57333026   
525.39391844   
522.21945309   
521.28917835   
531.30171572   
534.80844623   
533.26236183   
528.11840872   
523.83971902   
522.79520533   
520.14777218   
530.62589594   
526.96114923   
528.71582250   
525.86281484   
523.83003596   
519.45188142   
521.56111783   
519.73136545   
520.58359232   
523.09611205   
520.40001902   
525.05155274   
524.26467608   
525.20674659   
531.83969234   
524.49979826   
523.77760453   
524.33488803   
525.45262989   
524.22577134   
527.73152530   
519.88267283   
526.34405415   
530.88127091   
517.56289902   
527.40286990   
518.55695224   
533.61711537   
522.70280488   
519.79572583   
522.34161728   
524.81909737   
531.53422030   
524.63235877   
523.29464885   
520.79580224   
528.08307067   
521.64071093   
523.37448942   
522.37518635   
523.08150705   
522.43681668   
521.33009029   
530.04514244   
527.00085723   
530.82453001   
532.63324600   
523.31354961   
520.46796902   
521.01847631   
523.53199995   
518.55326631   
523.61375803   
548.52388567   
520.24381171   
534.44362550   
522.19500058   
522.44151826   
524.63184883   
525.88411951   
523.11703899   
517.41536864   
523.41178779   
522.28482559   
519.35523646   
528.17109257   
519.50350730   
535.41663097   
524.95377811   
526.65539659   
525.72206114   
530.41798132   
527.20448866   
526.99930460   
525.04067683   
526.24072939   
530.25134746   
519.08126509   
525.18669536   
552.02106315   
526.70851609   
537.04113148   
523.86134108   
536.22920978   
524.93725507   
523.81290185   
524.86848221   
517.00199979   
530.24126862   
521.20137527   
522.58944975   
522.38070603   
524.24017529   
528.90411173   
522.30923466   
517.14324284   
518.58512201   
522.09956875   
529.61596291   
547.49587257   
520.31296915   
522.19579718   
526.52761581   
522.08957350   
542.29902761   
527.87805979   
521.44103808   
521.63748027   
530.13149712   
527.87301166   
523.06005854   
524.18773625   
523.84128302   
522.77546681   
524.25018647   
525.30724490   
525.51291510   
541.77464742   
525.38315544   
530.59765473   
522.09345847   
522.07915769   
520.78167282   
526.99112992   
528.08367135   
536.02498904   
524.32318165   
526.74698802   
520.31741912   
527.18433376   
528.84227986   
528.67631902   
520.01889535   
539.78102634   
527.39082111   
519.87132832   
530.91573475   
519.26391303   
522.63230942   
523.66676652   
522.05391276   
521.79053705   
523.68788568   
541.44352943   
528.97445747   
534.14801084   
528.90031813   
533.40436568   
517.80006606   
522.83121120   
522.72383427   
525.94592836   
533.05658934   
523.06289738   
522.41667603   
519.70761165   
522.58800070   
521.92563261   
529.52107599   
521.65352091   
530.84902653   
518.94329773   
520.35461634   
524.83646054   
519.72097507   
526.40893413   
521.06261335   
530.20989858   
529.32277432   
521.66155678   
522.71223419   
534.48419727   
532.54830886   
522.25313551   
545.20762842   
519.07187143   
529.57453903   
523.53992774   
522.44126839   
518.81800004   
529.33847077   
520.82008405   
531.35051154   
519.70675563   
516.89137530   
525.90426162   
525.64438062   
521.03283381   
517.57567118   
527.83467348   
532.06629715   
522.60463977   
531.39802104   
531.89569579   
522.25210942   
526.39175681   
526.00137694   
528.96872957   
516.10755069   
524.17171641   
520.49238309   
525.87335272   
524.16995810   
519.97711626   
521.33022678   
520.81124862   
529.98852195   
522.77755031   
526.56683091   
517.69586162   
522.60545397   
521.88673259   
522.10459945   
522.63079100   
517.98131967   
524.15272145   
521.73607753   
521.99263910   
524.12505333   
517.79502165   
518.38072412   
527.69643777   
524.22930614   
524.96133927   
523.90992641   
524.75447341   
518.81972648   
523.18204201   
527.19603332   
525.86867435   
526.79938075   
528.25814082   
523.87703790   
522.56676298   
535.25585513   
533.94525163   
520.47178905   
521.04969761   
526.18241170   
522.99188676   
526.11291311   
521.36022374   
546.84854626   
537.86575837   
531.90448852   
519.02770440   
523.94653663   
526.53532879   
521.50289315   
525.18797516   
527.11595511   
517.04507184   
533.47415585   
537.73904027   
524.38677323   
542.93533095   
538.28677961   
547.48058056   
529.94803884   
535.06823287   
520.79915214   
520.85265338   
543.10523275   
526.79479679   
526.12754222   
523.01237439   
520.87152035   
519.50791123   
528.00069948   
523.07961892   
530.00387339   
523.19828680   
534.66417718   
524.67874718   
522.00687398   
530.43460875   
529.17653587   
521.02656690   
523.99249955   
522.67874599   
519.72029216   
518.94851883   
521.05202405   
522.54824094   
534.22849138   
521.17052441   
522.77970323   
518.24311439   
542.32736882   
527.01517199   
528.83256015   
525.37157063   
520.72525079   
518.67226798   
537.57949356   
521.37818824   
522.17197294   
518.20781832   
520.24148176   
524.55492724   
524.71310686   
524.49619409   
521.25368822   
518.67612029   
520.76668333   
522.54752348   
522.05742131   
520.72131972   
528.63394877   
520.64072982   
525.79715559   
527.34545650   
518.92808233   
525.69520515   
517.49430248   
519.76661038   
516.70143896   
519.82070059   
521.40952886   
520.66993943   
520.18019317   
516.78805976   
534.59872133   
522.52212669   
520.63518593   
524.44894385   
517.34258772   
521.80768379   
523.45212561   
525.23641838   
519.93376404   
521.46750935   
523.57231658   
526.21010372   
530.89397479   
529.42144312   
526.79239079   
530.38086308   
528.00753045   
536.16910386   
534.49821837   
527.85003066   
539.61627229   
524.65770684   
520.62035353   
530.21150568   
535.99554229   
524.81400814   
524.03658399   
524.64857609   
522.35399454   
534.59276516   
522.69522345   
521.73729560   
531.05769589   
530.04804449   
537.41668383   
522.12588783   
525.03138466   
531.63670408   
527.05792072   
527.18726194   
523.96568437   
526.20711552   
521.94617342   
528.97039496   
524.44256809   
528.61360000   
526.00273654   
525.35144764   
521.87316773   
537.41950822   
522.30906336   
523.78240217   
526.35756819   
536.95018563   
521.82067516   
522.67999854   
529.51057978   
522.62657527   
526.20132332   
527.77877020   
521.22505236   
529.59632569   
525.14952863   
525.06402256   
522.74187891   
523.91077884   
522.87339999   
518.41606631   
534.45190941   
522.07738452   
520.82476964   
520.48752612   
528.87638290   
522.29497123   
517.09737442   
519.31054335   
524.52754114   
522.55075263   
526.87964580   
523.10618088   
523.22582021   
522.00808309   
519.36009158   
521.77135320   
533.12520026   
519.55557960   
522.97944392   
523.05297115   
528.27270892   
525.76065536   
525.13818837   
522.18235787   
530.77236596   
520.76385352   
521.29321204   
529.05120837   
526.24210298   
525.33044308   
526.36631483   
526.39981383   
523.37234870   
539.28462398   
531.02878181   
528.43566987   
526.25456968   
522.06644795   
523.93929017   
529.31568296   
531.37494081   
526.14139969   
526.70454250   
534.33724844   
529.82349111   
522.86052653   
527.19954950   
531.86331919   
526.04376761   
524.99541346   
520.79279253   
518.73350205   
531.57024107   
524.79274002   
525.06186130   
532.68664415   
526.14717168   
525.04976360   
519.36591320   
536.41721440   
526.63397465   
518.35644256   
530.42908312   
517.14987056   
524.34150616   
528.69838167   
520.39422037   
516.70163639   
522.17470170   
520.19506180   
529.17507115   
518.31544151   
520.04900585   
525.89309676   
518.18914799   
523.61199630   
517.46846393   
525.88319708   
526.08964593   
523.65677195   
520.35725395   
532.63513703   
531.93440256   
521.98287041   
518.03242215   
520.48791936   
523.70660218   
523.04989369   
519.22666008   
533.57059984   
524.59208075   
530.98195226   
522.67283162   
522.49298957   
524.67834709   
546.40809889   
520.87857667   
516.18351712   
526.72559670   
529.87361670   
519.27809642   
524.30854931   
517.06853193   
524.18945272   
524.45061766   
527.24179929   
523.51681189   
530.38001021   
522.10050251   
528.36719954   
520.67184605   
529.52587635   
521.77855595   
521.66172167   
525.37529706   
519.42507967   
517.07897963   
530.17335166   
519.58540052   
520.30266246   
521.66709136   
523.71402586   
521.11443922   
525.35873105   
521.88048311   
523.42670088   
517.41493994   
524.82746723   
521.75493077   
520.95839225   
526.07279118   
538.60995545   
524.40748453   
527.68898474   
520.49222810   
525.60631436   
520.96533727   
526.37135022   
540.36137246   
530.15254901   
528.27026635   
523.27322888   
546.45764098   
536.59367903   
542.44696627   
530.94378450   
525.34848743   
519.07767322   
518.78963861   
519.24696629   
525.00319272   
528.00760645   
519.62823777   
523.69776369   
548.30202581   
525.31168251   
532.97810009   
532.91499264   
526.85369941   
525.62893975   
525.36073391   
520.37749021   
526.97688594   
539.93626241   
521.94556294   
520.37419121   
526.53386731   
525.81166688   
520.04251100   
527.86465442   
520.44210161   
524.38713806   
516.89617491   
528.08894446   
522.63315242   
523.86850012   
529.59597949   
527.82753426   
523.90216567   
521.25992745   
528.96527083   
528.89823573   
532.24377975   
521.94904442   
528.81167014   
521.72426407   
529.00883521   
526.33378527   
524.96970852   
535.69510818   
526.89271447   
522.54370111   
531.24681465   
521.31833840   
529.65205092   
529.11266757   
529.52207011   
524.90037214   
523.31914965   
519.00794231   
521.40562178   
529.17703367   
530.12323117   
528.84253607   
525.52247274   
521.33246461   
528.32000283   
521.64260450   
526.08173290   
523.92942005   
523.33550087   
533.38460721   
524.58833804   
532.36370293   
526.21310940   
525.85010050   
522.89445958   
526.75599143   
519.32510289   
522.96503720   
533.42389339   
526.48438338   
525.58871957   
528.78823882   
546.60210762   
534.09628152   
524.28029910   
525.32670619   
522.52900091   
528.54445437   
521.62725647   
535.56067688   
531.22641346   
522.78790485   
530.40788783   
537.79803295   
559.49717906   
539.75665471   
535.25634982   
535.35517217   
531.54740073   
539.14806475   
542.42573752   
538.35079808   
527.90762293   
530.92411189   
534.17233196   
522.75223770   
525.22129728   
522.63325380   
521.73155268   
526.65627800   
527.88663519   
525.86211880   
530.33452784   
538.25751528   
530.98330197   
524.74476958   
524.07336800   
526.14381732   
524.76503174   
525.12124299   
531.61338912   
532.63863226   
526.54887362   
519.82991176   
522.73566256   
523.40483209   
530.61268933   
560.56772369   
528.61400157   
533.07439784   
520.69112413   
529.66322981   
523.76941295   
521.35085374   
521.13817953   
529.19446181   
520.20051752   
526.08971001   
522.07766615   
526.67667922   
540.26311371   
523.87722909   
523.57898972   
526.18338841   
525.74722424   
522.14240549   
525.48831437   
536.24145603   
538.38636925   
528.84848519   
527.73993316   
528.98029205   
529.37730171   
523.29606539   
538.65436105   
521.04680646   
527.00741378   
524.01568830   
524.37894328   
526.25524492   
521.60603529   
532.35850340   
530.35725326   
524.83490587   
522.05046750   
533.03383732   
526.81701341   
527.76218936   
535.11385802   
525.87264869   
524.23182373   
533.39342574   
522.47591548   
522.80190382   
532.59402637   
527.63388434   
532.59784640   
523.94104875   
523.79355140   
525.41841947   
537.93332180   
529.98991939   
525.26594749   
534.47832511   
521.26662829   
526.27729718   
523.14549180   
534.93679440   
523.81682619   
520.72386093   
522.90717061   
521.93580133   
520.94665220   
528.25624520   
533.02654369   
524.75739558   
523.48619688   
522.40800110   
526.41013274   
523.16833778   
532.51592857   
539.29552142   
533.81515095   
524.67784691   
535.73588396   
523.56394566   
532.54140179   
532.18878044   
526.26761268   
538.79099426   
535.39810746   
524.58792114   
531.08215326   
527.26751468   
524.10297087   
539.95616833   
524.75720657   
531.14369092   
526.30322966   
544.85097587   
529.37725922   
540.70723202   
544.73448557   
529.83374221   
536.50017167   
537.69131097   
526.29655427   
540.45623546   
535.77941472   
526.51729942   
528.42904227   
554.23716075   
532.06416470   
534.93306957   
528.65292730   
532.05544454   
537.95450274   
536.07374362   
537.97418902   
533.42236214   
531.26707949   
529.59923104   
545.01301871   
545.65812226   
540.48358288   
533.32734713   
529.67818974   
530.41016214   
527.04939014   
529.83933254   
546.48966764   
534.83679669   
534.60936006   
529.87569271   
528.71836274   
532.88605306   
534.97489841   
538.89255729   
534.00824613   
529.18296701   
544.78315736   
524.68934816   
529.49764982   
525.78271620   
534.69799800   
532.14323956   
522.54279980   
530.48170029   
519.37353807   
529.22486305   
517.42089149   
533.37921237   
526.34251702   
522.37226589   
535.65221033   
532.45050664   
519.26599804   
525.53008662   
517.55963881   
532.43463005   
520.47906806   
525.77036995   
520.95373275   
523.86144366   
541.21808380   
526.73784229   
520.20477136   
522.34974484   
525.40856825   
529.66018149   
526.37873496   
521.56978305   
528.84099370   
521.86371363   
527.24746152   
520.63320887   
518.69110623   
521.48388995   
518.07934124   
523.44915462   
520.91804204   
521.25461550   
525.39881991   
524.38021477   
545.74173344   
531.81994373   
530.92345574   
522.17864449   
526.30275051   
522.38479047   
531.19604944   
525.83995039   
530.35702612   
525.73936673   
521.95342418   
535.22086511   
524.51977278   
532.48877982   
521.65588202   
539.57743537   
519.28522017   
522.29577854   
523.10520589   
527.69131865   
533.28807966   
523.99546485   
530.88330099   
536.97011826   
531.68672609   
527.96200792   
531.10905271   
522.94035639   
524.38167946   
534.79719985   
531.68606129   
543.96414478   
538.36243222   
534.25700056   
526.88522830   
526.04870934   
528.18183341   
532.01247375   
530.53569271   
553.50204508   
536.90767906   
528.62461254   
538.40276434   
539.66993799   
544.52527960   
529.37293632   
536.73933724   
536.20255216   
526.52408857   
521.69051783   
521.49718470   
518.10563960   
521.64090400   
525.03120378   
519.19283055   
540.64886036   
546.62566873   
522.87583452   
526.47392160   
520.42449039   
518.11119564   
515.97682306   
521.04010159   
517.85420450   
522.17043499   
525.37369619   
522.01448701   
521.13242161   
525.38393463   
524.35693458   
517.93717673   
521.09217761   
518.90820204   
521.77379819   
533.79656740   
521.56639951   
520.05496676   
519.33594943   
527.16063556   
532.70965350   
517.75981698   
517.20678257   
529.74425672   
521.07436010   
519.68329476   
524.98227516   
521.81436080   
525.18852266   
527.26786931   
529.31094006   
530.05469843   
527.33911727   
527.84643893   
517.45033566   
524.25117678   
523.24626096   
518.50398777   
521.74218721   
528.83479834   
531.64487754   
520.25072511   
525.24556824   
523.29391037   
533.58384002   
525.33809417   
526.94959778   
525.38068218   
527.99426902   
526.35646060   
548.79821259   
520.51676350   
524.58026454   
524.46455650   
527.83009960   
529.52366328   
517.85718733   
521.00296819   
527.95220847   
518.21305793   
523.78093007   
516.89710864   
540.46341505   
547.77758105   
518.72425775   
519.34331641   
517.13697876   
519.14215474   
534.33985928   
520.89259258   
524.83192771   
519.04043857   
521.94392791   
524.85526589   
526.75710342   
524.46053070   
531.37811237   
522.17596204   
525.65946525   
520.94643374   
524.92978063   
533.67814326   
523.99868838   
526.33424804   
522.06979469   
522.22265174   
526.75765948   
527.38862160   
522.51090966   
526.56202208   
524.07139765   
528.31271623   
520.80879724   
524.84211615   
518.14652319   
526.49832805   
521.08355929   
526.03253440   
522.88632182   
520.50673089   
520.21186632   
530.71672580   
519.69772994   
522.30478188   
534.80328242   
525.61107448   
525.29639960   
523.15604326   
522.11754730   
537.26911009   
537.60482759   
521.17480970   
520.62437255   
523.08320854   
521.70952684   
523.82149453   
536.39640002   
520.52985556   
525.72358251   
525.88251155   
526.80510068   
525.02993676   
519.76666342   
519.35566381   
526.43781513   
531.28495814   
523.66120879   
526.52126603   
521.56411039   
522.58226688   
535.38295844   
