969.18982898   
945.75046760   
918.53051347   
838.30606804   
800.72384186   
797.82186702   
788.47851745   
713.80348743   
683.14768438   
639.61088819   
634.94069019   
630.29495251   
626.30031313   
614.14980933   
600.87346741   
559.63385547   
556.54283473   
539.05637333   
530.96837013   
537.99575955   
535.68504022   
529.35226029   
526.30641469   
529.71639885   
528.16071320   
528.21424348   
527.07992803   
524.80955544   
527.27561092   
529.00891946   
529.01725274   
530.01431476   
530.57641534   
529.41693086   
532.18810267   
531.37769749   
525.39777233   
527.62783700   
528.78813416   
529.40532015   
532.26280400   
529.09954154   
526.93068034   
528.15017739   
530.48401432   
531.71152104   
531.28115959   
528.43086823   
524.04739190   
523.48658330   
523.19006123   
524.63887802   
525.74623186   
520.45278623   
522.49482957   
522.77027402   
522.52264330   
526.04590731   
524.68135021   
525.66676741   
525.95058710   
527.33372813   
531.24907303   
527.94326940   
521.06173895   
523.42661259   
524.26063342   
527.53406781   
526.21322110   
525.92503172   
525.08711131   
519.68277360   
519.08178131   
519.16869000   
518.68799931   
522.99475732   
521.85402895   
522.98449929   
529.11385184   
526.03331582   
526.20358609   
527.55587727   
520.66077544   
521.44572204   
520.48746624   
518.53943896   
522.04867010   
522.02895002   
519.03334426   
518.81225013   
516.56137752   
517.29840799   
516.57895485   
519.93777619   
519.87111786   
520.62501770   
522.33897523   
522.31655776   
521.78837787   
523.82915369   
527.16979120   
526.05852447   
524.08958253   
523.22705743   
524.15199986   
524.43081709   
526.70148420   
523.74614674   
524.76109673   
526.15748194   
522.71563977   
525.63936344   
524.53037549   
524.99081780   
521.79843352   
520.32661637   
521.84909944   
521.66264386   
519.98684683   
521.12526557   
520.75099893   
518.07838712   
517.76545243   
517.33179416   
520.00648360   
516.57463996   
519.70862658   
517.95591998   
517.97411683   
521.56805331   
521.08504878   
520.87140175   
524.36261599   
525.23779252   
521.91830478   
524.72999719   
525.08933256   
520.99847881   
523.57333026   
522.21945309   
521.28917835   
520.14777218   
519.45188142   
519.73136545   
520.58359232   
520.40001902   
519.88267283   
517.56289902   
518.55695224   
519.79572583   
524.81909737   
524.63235877   
523.29464885   
520.79580224   
521.64071093   
522.37518635   
523.08150705   
522.43681668   
521.33009029   
520.46796902   
521.01847631   
518.55326631   
522.19500058   
522.44151826   
517.41536864   
519.35523646   
519.08126509   
517.00199979   
517.14324284   
518.58512201   
522.19579718   
522.08957350   
521.44103808   
521.63748027   
527.87301166   
523.06005854   
524.18773625   
523.84128302   
522.77546681   
522.09345847   
522.07915769   
520.78167282   
520.31741912   
520.01889535   
519.87132832   
519.26391303   
521.79053705   
523.68788568   
517.80006606   
522.83121120   
522.72383427   
523.06289738   
522.41667603   
519.70761165   
522.58800070   
521.92563261   
521.65352091   
518.94329773   
520.35461634   
519.72097507   
521.06261335   
521.66155678   
522.71223419   
522.25313551   
519.07187143   
518.81800004   
519.70675563   
516.89137530   
517.57567118   
516.10755069   
517.79502165   
518.38072412   
518.81972648   
520.47178905   
521.04969761   
519.02770440   
517.04507184   
520.79915214   
520.85265338   
523.01237439   
520.87152035   
519.50791123   
519.72029216   
518.94851883   
518.24311439   
518.67226798   
518.20781832   
520.24148176   
521.25368822   
518.67612029   
520.76668333   
522.54752348   
522.05742131   
520.72131972   
520.64072982   
525.79715559   
527.34545650   
518.92808233   
517.49430248   
516.70143896   
516.78805976   
517.34258772   
525.23641838   
519.93376404   
526.21010372   
527.85003066   
524.65770684   
520.62035353   
524.81400814   
524.03658399   
524.64857609   
522.35399454   
522.69522345   
521.73729560   
522.12588783   
523.96568437   
526.20711552   
521.94617342   
521.87316773   
522.30906336   
523.78240217   
526.35756819   
521.82067516   
522.67999854   
522.62657527   
521.22505236   
522.74187891   
518.41606631   
520.48752612   
517.09737442   
519.55557960   
521.29321204   
523.37234870   
522.06644795   
523.93929017   
526.70454250   
522.86052653   
520.79279253   
518.73350205   
519.36591320   
518.35644256   
517.14987056   
516.70163639   
518.31544151   
518.18914799   
517.46846393   
519.22666008   
522.67283162   
522.49298957   
520.87857667   
516.18351712   
520.95839225   
520.49222810   
520.96533727   
525.34848743   
519.07767322   
518.78963861   
519.24696629   
525.00319272   
519.62823777   
523.69776369   
525.31168251   
532.91499264   
526.85369941   
525.62893975   
525.36073391   
520.37749021   
520.37419121   
520.04251100   
520.44210161   
516.89617491   
522.63315242   
523.86850012   
523.90216567   
521.25992745   
521.72426407   
524.96970852   
522.54370111   
521.31833840   
519.00794231   
521.33246461   
521.64260450   
524.58833804   
525.85010050   
522.89445958   
519.32510289   
522.96503720   
525.58871957   
524.28029910   
525.32670619   
522.52900091   
521.62725647   
537.79803295   
539.75665471   
535.25634982   
535.35517217   
531.54740073   
527.90762293   
522.75223770   
522.63325380   
521.73155268   
530.33452784   
524.74476958   
524.07336800   
519.82991176   
520.69112413   
521.13817953   
520.20051752   
522.14240549   
521.04680646   
521.60603529   
522.05046750   
522.47591548   
522.80190382   
525.26594749   
521.26662829   
520.72386093   
521.93580133   
520.94665220   
523.48619688   
522.40800110   
526.41013274   
523.16833778   
526.30322966   
526.29655427   
526.51729942   
528.65292730   
529.59923104   
529.67818974   
530.41016214   
527.04939014   
529.87569271   
528.71836274   
529.18296701   
524.68934816   
525.78271620   
522.54279980   
519.37353807   
517.42089149   
519.26599804   
517.55963881   
520.20477136   
521.56978305   
521.86371363   
520.63320887   
518.69110623   
518.07934124   
524.38021477   
522.17864449   
522.38479047   
521.95342418   
521.65588202   
519.28522017   
523.10520589   
522.94035639   
526.88522830   
526.04870934   
528.18183341   
528.62461254   
538.40276434   
529.37293632   
526.52408857   
521.69051783   
521.49718470   
518.10563960   
518.11119564   
515.97682306   
517.75981698   
517.20678257   
519.68329476   
517.45033566   
521.74218721   
520.25072511   
526.35646060   
520.51676350   
517.85718733   
518.21305793   
516.89710864   
519.34331641   
517.13697876   
519.14215474   
520.89259258   
519.04043857   
522.06979469   
522.22265174   
520.80879724   
518.14652319   
519.69772994   
522.11754730   
521.17480970   
520.62437255   
521.70952684   
520.52985556   
519.76666342   
519.35566381   
521.56411039   
