612.47802732   
602.22187124   
624.48611906   
603.22980698   
600.37170741   
606.80276750   
599.07455224   
609.31338132   
602.06739475   
607.75587438   
603.63507354   
605.66853709   
602.24846832   
602.76663253   
598.95748377   
604.33460111   
603.26550588   
606.28541322   
619.00430609   
596.34104005   
601.69428126   
594.53987904   
596.59923043   
627.39882551   
590.54403600   
595.21973354   
619.78089288   
601.22487236   
593.32266534   
590.06788991   
585.74651917   
584.70494273   
585.60526917   
588.94107069   
583.89898911   
582.80989527   
583.11419729   
581.45847623   
583.26808863   
581.26416842   
582.90946782   
590.92574988   
580.85136814   
581.94102475   
578.25617713   
585.47844280   
577.69167279   
582.54694676   
581.98375204   
579.27075650   
590.06869176   
587.89548384   
575.20039524   
573.22566169   
577.02887641   
577.90925006   
574.47117891   
577.59201853   
568.94403300   
571.81706332   
575.31844620   
577.58221678   
568.49552435   
568.51059995   
581.01969314   
565.68939495   
564.94919460   
566.29895985   
577.93949599   
565.96017692   
571.56231285   
563.89906679   
574.07268181   
563.42749564   
566.16911968   
561.13043827   
563.09463267   
557.96674993   
569.47413800   
562.25575546   
557.69165872   
567.59513564   
564.47061275   
561.08914760   
561.85284908   
560.79337346   
561.92426055   
565.99747358   
557.08605108   
565.42875278   
551.56204247   
561.74562619   
550.10490612   
551.70837097   
553.45861313   
556.62558631   
552.30984486   
551.93814060   
551.17210852   
555.65216723   
554.44266258   
562.77578346   
555.16434194   
556.67029002   
560.05680109   
562.60618921   
556.78385526   
566.81943258   
557.07565441   
552.18255241   
554.79377168   
561.37352891   
555.53975002   
553.42707130   
561.35987660   
554.60678295   
554.88973432   
550.56435313   
553.88516863   
548.14492828   
553.33106542   
546.81923809   
558.67614035   
541.73447217   
550.15678571   
543.78842678   
548.31036471   
543.63752510   
546.35050158   
545.52849737   
542.53998794   
552.28297552   
540.14806005   
540.64677523   
546.42226676   
549.91540879   
538.87715023   
542.97444226   
540.19309230   
544.61526422   
548.78146688   
545.53059648   
562.06650433   
536.11343189   
537.33071228   
544.40206595   
540.91024602   
536.98413330   
536.80114895   
540.11987364   
532.87708479   
537.66882901   
536.28836978   
535.32476846   
536.94736221   
543.70803690   
538.09725795   
542.62832032   
544.44201965   
549.67984686   
547.22673421   
540.92614309   
533.20164786   
555.55027871   
544.73761935   
541.89511081   
542.70810475   
531.93776872   
532.27915028   
534.04493828   
537.97212091   
538.31559190   
533.59187777   
534.13154932   
544.16926517   
537.90894680   
530.38954256   
532.23857908   
531.87127074   
528.52856836   
526.06277235   
533.15345199   
535.15597974   
532.54232614   
529.63240253   
534.01393732   
537.80283167   
534.88465512   
532.51732398   
543.82014811   
532.91194354   
527.34429391   
550.67463059   
529.95692533   
528.17095606   
536.32082375   
531.51834866   
528.14555295   
549.19701873   
529.84146387   
533.22990819   
540.33477873   
529.92478826   
545.52294987   
532.84984813   
525.03753009   
525.45014054   
524.02257930   
525.83700006   
524.19149041   
523.68847806   
523.74045447   
525.36603286   
531.26150469   
529.71932206   
530.11887998   
541.94292183   
527.54453033   
533.07784777   
546.80618372   
551.71878337   
546.97090091   
540.08731645   
527.28538476   
528.00282980   
533.31745868   
521.96530583   
538.31993761   
525.56314195   
542.90441722   
535.17979262   
528.53801142   
541.35923278   
545.22353149   
549.84884254   
521.91565231   
536.60877414   
522.45457927   
546.24411497   
523.24439626   
522.57943305   
525.59278823   
531.95863912   
522.98066645   
525.29851415   
527.19206087   
527.84324779   
531.82885184   
521.46263387   
519.21680522   
523.61789558   
520.13247127   
522.22150787   
527.86424879   
525.59040800   
527.45762859   
531.17567356   
531.32037838   
520.82417054   
519.38438010   
534.47159288   
521.87746306   
532.21421866   
524.04688974   
523.32867183   
522.54677746   
529.54125778   
523.13809773   
532.31960523   
527.55097080   
518.46177497   
538.35940001   
529.26616727   
519.13327492   
521.37348116   
519.14092709   
543.96674543   
518.60956684   
534.08904860   
522.87934284   
526.95953109   
526.53576983   
526.83077941   
521.96691292   
528.02843239   
527.40866809   
522.06570179   
516.88098809   
523.02559918   
527.47717059   
532.74099994   
522.50632392   
524.17327892   
530.96056385   
522.59426686   
519.99421279   
518.76123557   
519.39522021   
522.12682651   
524.63950543   
523.81475441   
527.61267973   
526.70651082   
518.50721196   
520.98898462   
531.37726016   
524.26084950   
522.19727346   
537.24388490   
520.24213219   
521.82325563   
525.23760290   
532.99745088   
518.15602593   
521.10738684   
522.63110342   
525.16906996   
519.77823820   
526.79110030   
520.69789658   
520.29379890   
523.82111529   
524.37973029   
525.67225509   
535.68666725   
526.51661263   
543.31892018   
521.35326833   
521.05152076   
518.59882757   
519.35896937   
532.18338561   
523.23977812   
535.15360048   
539.65053966   
535.91226818   
528.94305082   
520.13058529   
519.05160760   
523.18632303   
525.76707742   
524.70609517   
523.93468850   
547.38904769   
529.96119378   
525.55825500   
541.20210695   
527.86339017   
531.24922506   
525.62035997   
523.61621434   
529.28690117   
527.54592273   
531.09178094   
527.00717693   
527.13595757   
537.59037510   
531.51152497   
519.47495353   
523.23607762   
526.19551656   
520.17788994   
526.30515152   
522.06288351   
523.10679145   
528.89067841   
527.43373435   
529.27138322   
523.02570629   
527.45594859   
524.82764443   
523.11285292   
528.37227342   
541.55804174   
524.11472268   
519.59820734   
537.94164444   
523.18208150   
519.13839218   
532.18589087   
527.99022779   
521.12821152   
526.95458795   
531.14388288   
524.13794268   
520.71272762   
527.91875589   
518.81109906   
519.49778265   
523.52280474   
519.98224163   
520.52735561   
520.13345402   
520.00932988   
524.82813163   
527.28293771   
524.66352951   
529.00078153   
527.69157155   
526.38996749   
526.05197292   
536.78421426   
528.18654584   
525.08307833   
522.81911898   
524.01281400   
524.71098966   
548.34536133   
525.74235305   
522.06118069   
525.24243721   
523.95684575   
522.88242872   
528.56801232   
523.96305972   
525.57016394   
520.42193609   
518.98001490   
518.00007896   
519.81606543   
527.85183651   
520.78121878   
520.02597274   
526.80500565   
526.95212488   
521.93123019   
527.22515814   
520.73725546   
535.15643224   
531.07844500   
536.21996069   
520.99633160   
523.21918960   
522.71777562   
520.11062566   
525.99557133   
526.94057462   
538.61756330   
517.44908139   
529.59733798   
516.71299027   
526.17470061   
517.91026377   
527.68597962   
525.27183803   
520.98877181   
521.41871909   
522.23357301   
534.74939602   
517.56035693   
526.35806811   
517.78398391   
518.05860151   
524.14717585   
521.17826140   
526.54605010   
521.21518973   
529.08674276   
522.66426930   
521.72586695   
527.20309968   
524.25103267   
537.96958647   
521.68188206   
529.32952290   
521.90529607   
521.68476049   
524.05450234   
528.35778681   
521.52271048   
538.56532809   
541.68640796   
533.56542040   
528.86783296   
527.81084488   
525.42228403   
547.59166454   
526.74813742   
545.56321716   
526.52647321   
522.75872180   
537.43726892   
527.64297031   
526.95702078   
524.59092128   
527.18764788   
526.71524306   
526.24457027   
527.16324290   
535.76918607   
528.84562915   
536.58556778   
527.50448261   
530.64970903   
531.57520301   
553.98931618   
525.67698291   
518.32495014   
519.99432847   
527.58803719   
519.78337962   
516.10381530   
517.36878883   
520.85750221   
518.92292357   
518.13942969   
532.06742703   
524.34210011   
523.31401161   
537.60084526   
529.03306849   
520.23953007   
521.27930800   
520.38037697   
518.40979601   
520.30700001   
530.30902814   
522.39435723   
518.55837301   
526.35111776   
523.05242976   
522.98024094   
518.00741285   
521.21111978   
521.04408507   
530.87488271   
521.34519274   
521.62292913   
520.34621108   
527.26308253   
523.01789630   
520.68589209   
532.37453562   
536.78596132   
534.97270371   
521.75384851   
525.28941536   
522.13526170   
522.93724395   
523.08911965   
523.89197438   
521.60249017   
521.43148455   
519.53498958   
525.97090203   
523.50769906   
526.58941715   
529.38792050   
524.52193385   
519.44502299   
527.39100285   
524.28318166   
535.23457061   
531.09258037   
531.05352225   
528.75302108   
520.38253129   
523.46784632   
531.31761116   
525.45466162   
531.08206564   
520.99030241   
534.33924396   
528.43473403   
528.26783694   
525.75056540   
522.85185901   
523.88081513   
521.54669436   
525.49229527   
524.47877905   
520.77033374   
524.60121794   
529.67048948   
524.96961852   
526.69295168   
531.62787450   
525.73443014   
521.68842925   
524.53934115   
524.33612181   
530.97850758   
525.95005384   
524.40112636   
520.47413931   
522.32865756   
521.48093266   
521.40224357   
531.61000726   
539.98369910   
522.08231863   
519.94351589   
518.80055094   
531.81543879   
520.88485089   
522.78970722   
523.74595582   
539.62120608   
535.24593084   
520.49163560   
520.72149526   
520.58845385   
550.08206985   
530.75213793   
524.15966901   
525.51524707   
520.04018533   
540.51122432   
524.94192621   
529.97911482   
522.17343087   
523.89367800   
523.47097300   
527.87882642   
535.93898720   
520.16185611   
525.50231312   
524.92139481   
523.22997813   
547.02879260   
529.77861629   
534.23786572   
529.08853423   
525.67328818   
537.08637134   
522.03174763   
524.22459440   
521.56291687   
522.84519688   
525.72353515   
530.21504285   
542.18974939   
528.39438135   
524.56493601   
527.53325486   
527.48729421   
532.33571824   
523.63978661   
525.48083526   
547.43830403   
523.79071740   
525.37852939   
529.57311296   
535.55231440   
527.12436621   
522.46254238   
524.35382509   
525.24852210   
527.05070940   
531.81030417   
530.73186869   
526.69873022   
521.96380264   
522.05420416   
529.47550866   
526.90300266   
518.91707684   
526.72427268   
522.76057096   
522.60162503   
517.97189336   
520.83888575   
521.10372938   
526.14349709   
530.28781372   
521.05574993   
518.24171469   
520.09067406   
523.58119391   
539.05195217   
541.54853095   
536.74209380   
532.13272613   
522.77304493   
528.35042569   
532.96233520   
523.93708545   
521.54216571   
523.80736721   
528.24572794   
526.13211357   
519.80596558   
545.46904690   
525.41299017   
532.08034032   
525.52115639   
545.90794166   
528.74777851   
527.07487749   
528.21985757   
520.40510877   
519.66707970   
524.15723493   
519.31501817   
541.15238599   
525.66045221   
545.39465570   
526.77633236   
535.12252429   
520.22314290   
524.72253448   
528.95426447   
527.59871518   
526.04942509   
540.50057445   
530.06388003   
524.19133717   
519.53463833   
526.29011399   
522.47266488   
534.75028528   
532.67173976   
540.89718065   
519.59332881   
518.52654434   
517.87071849   
519.65870154   
520.74886688   
520.94918750   
524.21184575   
525.51872784   
518.95415684   
520.91231716   
520.53164551   
525.02354512   
525.65878295   
527.75267807   
527.69575312   
522.83007285   
528.57057825   
517.07889647   
520.27173358   
521.10033684   
520.76158703   
523.10796238   
521.65492262   
519.60215808   
521.21312289   
520.81883141   
517.69288346   
530.19356879   
521.31858860   
521.92572526   
524.93420728   
525.40826613   
522.21277771   
523.53587631   
525.61938355   
522.48194096   
530.78096094   
525.04560245   
539.40394768   
522.45622485   
523.56489366   
525.57594953   
521.41517722   
521.38301440   
519.57838597   
526.88033301   
523.36228195   
524.45233901   
521.10102630   
531.60502703   
518.54304972   
520.02780378   
520.62565847   
524.17327268   
524.77951514   
529.73072016   
528.31563231   
522.00822442   
522.56439412   
521.88238414   
522.83835183   
518.85814414   
526.62900116   
527.54751930   
542.83322964   
526.61337770   
536.70667572   
534.69559195   
532.30605737   
526.43163242   
529.96505625   
544.56202460   
530.01174521   
536.56536905   
541.94989003   
522.98285355   
523.83324073   
526.46395865   
534.06126972   
532.74573517   
535.32911049   
537.71648976   
529.74224011   
525.33433217   
528.00239684   
528.44471160   
540.41089770   
542.39671859   
536.51969729   
538.06196857   
534.31587381   
542.92919661   
528.01751285   
550.36161742   
520.49903261   
524.87788330   
517.00144467   
517.81792739   
529.66588011   
524.43512896   
518.89685417   
522.96763033   
526.06913781   
529.34256000   
521.34215607   
523.85331000   
521.16607170   
519.90466678   
521.80478339   
519.88455095   
523.91830018   
524.09525643   
525.97744065   
531.42485204   
527.65404557   
523.14162196   
524.30354804   
518.25777932   
518.56382355   
519.06520547   
523.43848591   
524.66532152   
520.42690668   
522.16595925   
522.45940065   
516.92270453   
527.81482043   
526.50878073   
521.77426846   
520.01622772   
522.93436171   
522.19402464   
535.84585437   
525.25191238   
529.50893913   
530.06710332   
522.34885850   
531.18002500   
519.20741600   
524.06056757   
522.84403659   
523.05592844   
530.66461490   
525.19986701   
520.97622814   
524.02579831   
521.04327875   
533.20257937   
534.81408848   
521.84570829   
522.99732624   
539.12715197   
530.45175690   
530.98625256   
522.01035646   
534.70094717   
521.31519545   
526.08610773   
520.12186847   
521.09298531   
518.66860448   
525.59059377   
529.58490924   
520.92114548   
517.39409168   
519.17337180   
523.09803672   
522.20304223   
520.76888383   
522.56815548   
528.91578693   
530.19501594   
524.69503729   
527.39398122   
526.18305775   
519.92252197   
535.33031287   
521.59467649   
521.79583291   
520.16494632   
522.76433773   
523.69252935   
518.35455047   
530.49378081   
522.01954353   
526.79257459   
520.42802067   
519.58241800   
529.13584818   
523.40604783   
527.56458466   
519.80632935   
531.60549854   
528.44539321   
526.18566005   
531.47867910   
524.39325098   
525.00353205   
527.36712663   
527.76198279   
530.78403189   
521.02828082   
525.79874200   
522.28242536   
521.84995915   
528.66651256   
521.41572418   
519.77708300   
522.64882552   
521.71961700   
522.84849165   
523.55389717   
519.37855170   
522.74521649   
526.06642050   
520.47994276   
523.00716799   
528.24433902   
528.41705201   
525.04099288   
527.96158886   
521.96306145   
529.79701724   
520.96733133   
522.47247018   
528.74807192   
531.90607496   
528.65458697   
525.43221945   
531.47482740   
523.08044289   
532.63203295   
524.82039678   
541.81134736   
538.24610128   
531.27331048   
521.49727142   
531.32214192   
530.01625686   
527.85325209   
524.76371661   
529.91520619   
531.85050056   
531.22239181   
525.99471909   
522.65733340   
540.89909686   
518.38278569   
522.69163293   
523.36868361   
521.00784896   
527.00216688   
526.09687478   
530.39217199   
524.67120981   
528.19056110   
526.88324440   
540.85811342   
532.83199898   
530.41510916   
528.06393589   
522.61077818   
524.02031158   
525.91219647   
527.74567832   
525.93092785   
542.09634110   
535.13246793   
529.92123120   
532.52555544   
529.07669856   
530.16866658   
537.09498690   
530.78726243   
527.69131791   
523.32162789   
520.12137384   
528.27254969   
519.02877421   
523.25963815   
523.68181043   
524.90538326   
516.48944057   
528.41719002   
522.06396042   
525.08936320   
527.98869920   
526.05770481   
519.44541019   
528.58058260   
531.27653507   
523.79451285   
528.40642703   
519.87573689   
526.82759960   
522.54222412   
526.33686714   
531.09252468   
526.72991002   
516.86263528   
524.67583634   
520.32848972   
525.31477890   
518.93195095   
519.36423978   
518.03584297   
529.56847015   
521.55407873   
522.00078654   
518.58989252   
521.98267746   
521.63052733   
517.77001532   
518.22719031   
529.24895969   
533.57452869   
530.11282165   
523.22402215   
516.24782864   
527.45862500   
517.72866758   
523.76132358   
521.37532348   
523.29047653   
530.82756079   
527.72303358   
520.08745285   
535.09397139   
525.92679426   
525.37877886   
518.16923440   
522.23762949   
519.07569864   
521.63635041   
522.04905692   
525.12930848   
521.58682375   
520.42833448   
524.60165894   
521.38794542   
522.44968883   
520.15130927   
524.13177862   
519.98861454   
522.73289659   
522.61864559   
529.61054741   
526.39868868   
517.83202790   
523.20760564   
523.64417893   
523.46516486   
526.36934330   
542.38487688   
522.34178357   
523.58605364   
525.22224814   
529.37949678   
527.21294406   
518.25760719   
525.15990207   
530.05231660   
538.84185050   
515.71090322   
524.89407607   
529.64972617   
524.30139849   
523.25181741   
519.69152006   
525.76101078   
521.81564594   
519.70321548   
525.03569142   
528.13813959   
525.97059432   
522.66927253   
519.13907209   
522.15584523   
517.46712862   
525.07382843   
521.11581386   
520.33298346   
524.87351162   
523.99739460   
517.54105560   
526.67987073   
520.06289581   
520.93840429   
518.00657080   
532.52314074   
526.91511468   
522.19918172   
524.44977208   
526.88223786   
529.80368796   
529.22297264   
538.58839295   
517.58524080   
521.71895415   
520.94429827   
531.28609589   
522.58327435   
521.61033645   
515.87212907   
528.28927976   
517.51183940   
518.07401359   
518.05115516   
526.28998698   
525.58026182   
520.52982481   
519.07369575   
530.13231785   
519.08319393   
526.32064583   
523.73633082   
517.88876494   
530.60602675   
523.45870069   
525.94406499   
521.61134916   
516.76670559   
523.80756433   
518.50123316   
527.85523071   
524.23114616   
520.50308293   
523.69101332   
517.65787581   
523.78702512   
522.04752652   
518.82170148   
521.57140540   
521.88704757   
522.56563055   
522.12773084   
523.17060234   
523.25350490   
524.58804693   
522.70324844   
526.00411711   
522.53305471   
525.05236673   
525.35499662   
531.02068464   
523.69946376   
524.03105975   
520.27028581   
521.94282820   
528.16700410   
529.87563563   
523.08070524   
522.29016629   
532.20006610   
528.15869478   
520.54355010   
525.05750861   
524.51978441   
523.13864115   
524.57833259   
524.09170834   
527.87098666   
525.60700895   
526.42421625   
520.26793449   
537.38400573   
525.55616797   
526.03046105   
527.47252029   
523.98254364   
526.25135436   
519.89005680   
521.76935249   
527.90227806   
525.66979912   
531.88004906   
526.01381337   
525.86885222   
527.19710021   
528.39663363   
534.30265504   
524.66599259   
519.48038381   
527.19493797   
525.90827118   
521.33857443   
527.90586130   
525.75627392   
520.15451282   
522.94108622   
523.61573204   
531.35953476   
527.80739382   
526.98608998   
530.64148362   
529.66993056   
546.57950127   
533.26435493   
531.76069180   
525.54642214   
539.27601712   
535.83183652   
523.54143953   
527.52671207   
525.17169704   
536.11626609   
538.65127952   
523.31012932   
531.79252305   
529.30040499   
527.95210268   
525.70747996   
521.20767672   
526.97938293   
534.52158593   
525.43038391   
528.99588718   
531.41947467   
534.83133446   
540.03733632   
523.73852157   
521.26370357   
522.88572322   
529.74608005   
546.97130594   
540.02304223   
528.28183063   
525.82258499   
521.65868561   
528.79254528   
520.63445134   
522.88271497   
536.97179982   
521.23192467   
532.70950559   
516.87674597   
528.07818756   
516.39308738   
521.21027575   
520.16943952   
521.77921080   
531.93809560   
521.35761470   
533.03691230   
533.27074456   
523.21351063   
528.08428527   
524.52771263   
524.76073778   
522.91646853   
522.65837831   
529.70993620   
519.00018294   
519.15682174   
525.05343927   
535.68114095   
527.32051855   
520.00580738   
529.55457568   
529.41144884   
517.09637071   
519.41155155   
520.66896744   
523.50279242   
541.31331990   
536.51332745   
522.46506505   
528.10057371   
525.12997823   
528.50594662   
517.45879417   
526.48295884   
519.77012662   
529.71724537   
541.79755885   
532.64242123   
530.90701041   
524.58301285   
531.72565919   
528.42169738   
542.00865420   
521.91789504   
528.10433416   
525.35591537   
520.45687698   
521.82987926   
527.57701342   
519.29953994   
537.12852937   
524.53056819   
529.51697879   
516.76245991   
521.66606761   
524.66971664   
520.54079918   
518.47282157   
516.65324727   
524.57354560   
527.36111572   
522.24507910   
520.29874592   
524.02132884   
532.23563285   
526.54089569   
516.44629525   
527.48419033   
519.56474110   
521.26748948   
517.84345253   
520.85161113   
554.34884488   
522.46114830   
525.96948834   
524.78727621   
526.82210478   
536.91542609   
535.22612467   
529.37155555   
531.04809432   
521.79031230   
518.50702031   
526.63658109   
528.41306791   
521.27267891   
520.73522498   
516.44197152   
521.83786918   
531.40132969   
524.05188505   
525.75967727   
523.21156962   
549.73143814   
522.71517245   
522.52460287   
524.47286423   
521.36967525   
525.64971311   
515.97652728   
522.32477733   
530.78380219   
523.47648157   
519.73490325   
518.79737330   
526.63937251   
518.25242767   
530.94012949   
520.59374773   
518.41293321   
527.32376063   
518.70609046   
516.36576496   
525.53718945   
520.01665704   
521.15395733   
523.46481153   
521.12713867   
536.86032875   
522.65137401   
520.97254154   
521.55323057   
522.30100022   
525.41674294   
526.09222488   
521.28301702   
525.78123731   
