7.46000000   186.43000000   39.01000000   7.33000000   25.75325225   99.70231770   19.92301658   0.84710783   
7.46000000   186.43000000   39.01000000   7.33000000   25.76578289   99.70072022   19.03844201   0.75696041   
7.46000000   186.43000000   39.01000000   7.33000000   25.77961338   99.71112464   18.42001681   0.89382911   
7.46000000   186.43000000   39.01000000   7.33000000   25.76320574   99.70370159   17.94023530   0.90043074   
7.46000000   186.43000000   39.01000000   7.33000000   25.77219358   99.71984763   18.13051578   0.88000297   
7.46000000   186.43000000   39.01000000   7.33000000   25.73946964   99.70723060   18.27634733   1.03467046   
7.46000000   186.43000000   39.01000000   7.33000000   25.73256393   99.71082181   17.64603845   0.90397702   
7.46000000   186.43000000   39.01000000   7.33000000   25.73969024   99.71180703   18.05827710   0.90011492   
7.46000000   186.43000000   39.01000000   7.33000000   25.77081445   99.72510458   17.59354996   1.01588399   
7.46000000   186.43000000   39.01000000   7.33000000   25.79054325   99.72940977   17.91321815   1.08631533   
7.46000000   186.43000000   39.01000000   7.33000000   25.79722945   99.70309829   17.64976760   0.93963645   
7.46000000   186.43000000   39.01000000   7.33000000   25.78871712   99.71002059   17.19742902   0.99345864   
7.46000000   186.43000000   39.01000000   7.33000000   25.77712533   99.72971523   15.55587680   0.95625436   
7.46000000   186.43000000   39.01000000   7.33000000   25.74843695   99.74098214   15.90017814   1.21556522   
7.46000000   186.43000000   39.01000000   7.33000000   25.73518050   99.73821953   15.49660314   1.15463487   
7.46000000   186.43000000   39.01000000   7.33000000   25.74104859   99.73022437   15.21544190   1.25063311   
7.46000000   186.43000000   39.01000000   7.33000000   25.73740083   99.70933918   14.73650133   1.07552943   
7.46000000   186.43000000   39.01000000   7.33000000   25.75700284   99.70164063   14.74010005   1.07514022   
7.46000000   186.43000000   39.01000000   7.33000000   25.75888163   99.70800010   15.05787731   0.94525742   
7.46000000   186.43000000   39.01000000   7.33000000   25.73485904   99.71131660   14.22108319   0.97768366   
7.46000000   186.43000000   39.01000000   7.33000000   25.76140558   99.70166540   13.98023092   1.03209549   
7.46000000   186.43000000   39.01000000   7.33000000   25.76749656   99.71175598   14.12244340   1.01219110   
7.46000000   186.43000000   39.01000000   7.33000000   25.75679748   99.70931880   14.46757707   0.98840056   
7.46000000   186.43000000   39.01000000   7.33000000   25.75255682   99.72074929   14.16253207   1.03785390   
7.46000000   186.43000000   39.01000000   7.33000000   25.75674397   99.70551643   14.41803419   0.95743512   
7.46000000   186.43000000   39.01000000   7.33000000   25.75822325   99.71918371   14.14428418   0.93807853   
7.46000000   186.43000000   39.01000000   7.33000000   25.74586720   99.71425619   13.47753164   0.98104607   
7.46000000   186.43000000   39.01000000   7.33000000   25.72523101   99.72544990   12.53871772   0.98155737   
7.46000000   186.43000000   39.01000000   7.33000000   25.74274767   99.72920559   11.83654232   1.00622096   
7.46000000   186.43000000   39.01000000   7.33000000   25.75305735   99.72544905   11.30805870   1.00819780   
7.46000000   186.43000000   39.01000000   7.33000000   25.75022307   99.73066137   10.39665317   0.89629850   
7.46000000   186.43000000   39.01000000   7.33000000   25.73721328   99.71784475   10.32920661   0.84338382   
7.46000000   186.43000000   39.01000000   7.33000000   25.75811314   99.74254095   10.58069165   0.74095080   
7.46000000   186.43000000   39.01000000   7.33000000   25.74295866   99.73703982   10.12811779   0.78264678   
7.46000000   186.43000000   39.01000000   7.33000000   25.74775401   99.74132521   10.02931220   0.60437428   
7.46000000   186.43000000   39.01000000   7.33000000   25.76586743   99.72342323   9.78917169   0.42192914   
7.46000000   186.43000000   39.01000000   7.33000000   25.77180386   99.71886644   9.47710161   0.40333590   
7.46000000   186.43000000   39.01000000   7.33000000   25.78675797   99.72728234   9.03070549   0.44339788   
7.46000000   186.43000000   39.01000000   7.33000000   25.75292571   99.71020707   8.82496828   0.57158278   
7.46000000   186.43000000   39.01000000   7.33000000   25.73169680   99.71557324   8.49914173   0.48320367   
7.46000000   186.43000000   39.01000000   7.33000000   25.74573600   99.72430586   8.34349179   0.60187713   
7.46000000   186.43000000   39.01000000   7.33000000   25.73054131   99.73721264   8.22853945   0.68803213   
7.46000000   186.43000000   39.01000000   7.33000000   25.74695711   99.74685175   7.20044921   0.45088668   
7.46000000   186.43000000   39.01000000   7.33000000   25.74305339   99.74471703   6.90986288   0.45099175   
7.46000000   186.43000000   39.01000000   7.33000000   25.73371744   99.72818771   7.28859838   0.33038445   
7.46000000   186.43000000   39.01000000   7.33000000   25.74242188   99.74028000   7.32439065   0.35602061   
7.46000000   186.43000000   39.01000000   7.33000000   25.74793287   99.74345968   6.89058446   0.42206469   
7.46000000   186.43000000   39.01000000   7.33000000   25.75326875   99.74070374   7.04575718   0.39891375   
7.46000000   186.43000000   39.01000000   7.33000000   25.75793250   99.72786852   7.79314745   0.23260772   
7.46000000   186.43000000   39.01000000   7.33000000   25.77442903   99.71999043   7.35902152   0.21029651   
7.46000000   186.43000000   39.01000000   7.33000000   25.78805498   99.73435954   6.37838909   0.17184361   
7.46000000   186.43000000   39.01000000   7.33000000   25.77734202   99.72366726   6.18946643   0.40240916   
7.46000000   186.43000000   39.01000000   7.33000000   25.75612021   99.71722940   6.66408368   0.38595521   
7.46000000   186.43000000   39.01000000   7.33000000   25.73924846   99.71902546   6.79394514   0.39848224   
7.46000000   186.43000000   39.01000000   7.33000000   25.74086565   99.71430961   5.31132169   0.34218122   
7.46000000   186.43000000   39.01000000   7.33000000   25.73961920   99.71173580   4.48727339   0.37010390   
7.46000000   186.43000000   39.01000000   7.33000000   25.73267158   99.71811808   4.54996143   0.27667614   
7.46000000   186.43000000   39.01000000   7.33000000   25.75054026   99.73773819   4.31798356   0.34064552   
7.46000000   186.43000000   39.01000000   7.33000000   25.72254788   99.74022808   4.36792153   0.43079303   
7.46000000   186.43000000   39.01000000   7.33000000   25.70669801   99.74525618   4.56778028   0.34612488   
7.46000000   186.43000000   39.01000000   7.33000000   25.71670393   99.75092360   4.47602016   0.25102314   
7.46000000   186.43000000   39.01000000   7.33000000   25.73236009   99.75930154   4.73523984   0.28809901   
7.46000000   186.43000000   39.01000000   7.33000000   25.76532116   99.76641645   4.15319243   0.25380807   
7.46000000   186.43000000   39.01000000   7.33000000   25.77260989   99.75169697   4.17914980   0.27570046   
7.46000000   186.43000000   39.01000000   7.33000000   25.75089636   99.72944648   3.40177805   0.14470033   
7.46000000   186.43000000   39.01000000   7.33000000   25.74780998   99.72729228   3.21356362   0.21995426   
7.46000000   186.43000000   39.01000000   7.33000000   25.74875506   99.74151078   3.67665237   0.08963046   
7.46000000   186.43000000   39.01000000   7.33000000   25.72456886   99.73818769   3.30815197   0.26329702   
7.46000000   186.43000000   39.01000000   7.33000000   25.75255031   99.73805325   2.55470527   0.28437456   
7.46000000   186.43000000   39.01000000   7.33000000   25.73723412   99.78379602   2.11489329   0.30979442   
7.46000000   186.43000000   39.01000000   7.33000000   25.72715153   99.77966332   2.33120895   0.17488024   
7.46000000   186.43000000   39.01000000   7.33000000   25.71335506   99.78354434   2.70628437   0.11282947   
7.46000000   186.43000000   39.01000000   7.33000000   25.73759333   99.77364847   2.33832665   0.31566776   
7.46000000   186.43000000   39.01000000   7.33000000   25.72297310   99.74517996   2.22187387   0.30180314   
7.46000000   186.43000000   39.01000000   7.33000000   25.72244225   99.75312656   2.26795203   0.34422790   
7.46000000   186.43000000   39.01000000   7.33000000   25.73265741   99.75911195   2.55598364   0.30897660   
7.46000000   186.43000000   39.01000000   7.33000000   25.71732930   99.78196899   2.13060857   0.12817642   
7.46000000   186.43000000   39.01000000   7.33000000   25.71265437   99.76049368   2.06756071   0.09455004   
7.46000000   186.43000000   39.01000000   7.33000000   25.73701524   99.73022240   2.63863955   0.13146292   
7.46000000   186.43000000   39.01000000   7.33000000   25.74196135   99.75066941   2.46356238   0.30723379   
7.46000000   186.43000000   39.01000000   7.33000000   25.71318340   99.77201747   2.17189626   0.21696514   
7.46000000   186.43000000   39.01000000   7.33000000   25.73185315   99.78289582   2.09156785   0.17139947   
7.46000000   186.43000000   39.01000000   7.33000000   25.71050593   99.76226892   2.71778906   0.08845658   
7.46000000   186.43000000   39.01000000   7.33000000   25.73244272   99.73890713   2.44063248   0.05556175   
7.46000000   186.43000000   39.01000000   7.33000000   25.76265990   99.74423900   2.80113143   -0.08610672   
7.46000000   186.43000000   39.01000000   7.33000000   25.74525578   99.74101993   2.31642382   0.04186534   
7.46000000   186.43000000   39.01000000   7.33000000   25.71166247   99.75593321   2.24153081   -0.07540776   
7.46000000   186.43000000   39.01000000   7.33000000   25.73612436   99.75624705   1.76812690   0.08535820   
7.46000000   186.43000000   39.01000000   7.33000000   25.70219202   99.76804781   1.12648824   0.11694648   
7.46000000   186.43000000   39.01000000   7.33000000   25.72954652   99.78150964   1.17578897   0.14098729   
7.46000000   186.43000000   39.01000000   7.33000000   25.74231360   99.75025310   1.01184689   -0.02516585   
7.46000000   186.43000000   39.01000000   7.33000000   25.73921774   99.75232957   1.70979015   0.04225867   
7.46000000   186.43000000   39.01000000   7.33000000   25.73540683   99.76163929   1.98765343   0.01602325   
7.46000000   186.43000000   39.01000000   7.33000000   25.74799050   99.74913579   2.75797383   0.03348123   
7.46000000   186.43000000   39.01000000   7.33000000   25.74167460   99.77930675   1.92340761   -0.02980819   
7.46000000   186.43000000   39.01000000   7.33000000   25.73078823   99.78538214   1.82460594   -0.04569310   
7.46000000   186.43000000   39.01000000   7.33000000   25.70907968   99.77251707   1.97167309   -0.20942852   
7.46000000   186.43000000   39.01000000   7.33000000   25.71793200   99.77432197   1.99342634   -0.19472058   
7.46000000   186.43000000   39.01000000   7.33000000   25.69861605   99.77111606   1.60662232   -0.36583921   
7.46000000   186.43000000   39.01000000   7.33000000   25.71315718   99.75515615   1.71743827   -0.47270700   
7.46000000   186.43000000   39.01000000   7.33000000   25.69272514   99.73279189   1.69115544   -0.51991617   
7.46000000   186.43000000   39.01000000   7.33000000   25.70464829   99.73269589   1.68070228   -0.46587815   
7.46000000   186.43000000   39.01000000   7.33000000   25.69792204   99.73995692   1.49270338   -0.37601453   
7.46000000   186.43000000   39.01000000   7.33000000   25.71794543   99.72784447   2.15712427   -0.41891146   
7.46000000   186.43000000   39.01000000   7.33000000   25.72944374   99.73234643   2.15710938   -0.45775571   
7.46000000   186.43000000   39.01000000   7.33000000   25.74695981   99.74234972   2.32539722   -0.37092889   
7.46000000   186.43000000   39.01000000   7.33000000   25.72772856   99.74726020   2.12022920   -0.34339167   
7.46000000   186.43000000   39.01000000   7.33000000   25.73121530   99.74159039   2.74479592   -0.48986141   
7.46000000   186.43000000   39.01000000   7.33000000   25.74991079   99.74163407   2.30486585   -0.52344868   
7.46000000   186.43000000   39.01000000   7.33000000   25.73781107   99.70864328   2.50507926   -0.58926139   
7.46000000   186.43000000   39.01000000   7.33000000   25.73103334   99.71394322   1.70016277   -0.64305133   
7.46000000   186.43000000   39.01000000   7.33000000   25.74011023   99.73385870   1.46110319   -0.60506567   
7.46000000   186.43000000   39.01000000   7.33000000   25.73912505   99.72069918   1.50898613   -0.69169496   
7.46000000   186.43000000   39.01000000   7.33000000   25.77678691   99.72763671   1.52958374   -0.65880893   
7.46000000   186.43000000   39.01000000   7.33000000   25.76322504   99.75285318   1.30240708   -0.65941426   
7.46000000   186.43000000   39.01000000   7.33000000   25.75896458   99.74849391   2.22815970   -0.67865071   
7.46000000   186.43000000   39.01000000   7.33000000   25.71628061   99.73176094   1.64085667   -0.63500172   
7.46000000   186.43000000   39.01000000   7.33000000   25.72600315   99.73238815   1.52621645   -0.67287698   
7.46000000   186.43000000   39.01000000   7.33000000   25.70823570   99.73541587   1.19348469   -0.68476333   
7.46000000   186.43000000   39.01000000   7.33000000   25.71585544   99.73900823   1.53103983   -0.45746755   
7.46000000   186.43000000   39.01000000   7.33000000   25.70273233   99.73401012   1.15076581   -0.42175212   
7.46000000   186.43000000   39.01000000   7.33000000   25.71243978   99.74349966   1.07572755   -0.49801491   
7.46000000   186.43000000   39.01000000   7.33000000   25.72255316   99.73117046   1.08046599   -0.42532287   
7.46000000   186.43000000   39.01000000   7.33000000   25.74098165   99.71816072   1.26911418   -0.32422568   
7.46000000   186.43000000   39.01000000   7.33000000   25.72796257   99.71099301   1.13553826   -0.41216512   
7.46000000   186.43000000   39.01000000   7.33000000   25.73757638   99.73825525   1.70136328   -0.36766552   
7.46000000   186.43000000   39.01000000   7.33000000   25.72002389   99.73037849   1.68358186   -0.43616639   
7.46000000   186.43000000   39.01000000   7.33000000   25.72904189   99.71862759   1.81373279   -0.32516650   
7.46000000   186.43000000   39.01000000   7.33000000   25.72040825   99.72884935   1.14235960   -0.34936795   
7.46000000   186.43000000   39.01000000   7.33000000   25.71028976   99.72845010   1.35708182   -0.44975766   
7.46000000   186.43000000   39.01000000   7.33000000   25.73815175   99.75880996   1.53182364   -0.37530852   
7.46000000   186.43000000   39.01000000   7.33000000   25.72622618   99.75085110   1.24438181   -0.13890428   
7.46000000   186.43000000   39.01000000   7.33000000   25.73132562   99.75538222   1.70837564   -0.17960574   
7.46000000   186.43000000   39.01000000   7.33000000   25.72133104   99.75572815   1.71715826   -0.11572262   
7.46000000   186.43000000   39.01000000   7.33000000   25.73289516   99.75658075   1.70356678   -0.14445101   
7.46000000   186.43000000   39.01000000   7.33000000   25.72972967   99.75244631   1.62109003   0.10212243   
7.46000000   186.43000000   39.01000000   7.33000000   25.72341798   99.76215407   1.55599786   -0.16125977   
7.46000000   186.43000000   39.01000000   7.33000000   25.71631119   99.75880169   1.27081965   -0.17360130   
7.46000000   186.43000000   39.01000000   7.33000000   25.70618022   99.74753259   1.04268315   -0.33274574   
7.46000000   186.43000000   39.01000000   7.33000000   25.72307275   99.74731237   1.26340545   -0.35266855   
7.46000000   186.43000000   39.01000000   7.33000000   25.69940319   99.75800819   1.32744589   -0.38073776   
7.46000000   186.43000000   39.01000000   7.33000000   25.71962230   99.77257840   1.13693744   -0.40213381   
7.46000000   186.43000000   39.01000000   7.33000000   25.72191113   99.73503190   1.73715751   -0.51359708   
7.46000000   186.43000000   39.01000000   7.33000000   25.70193360   99.73912736   1.43395950   -0.41594844   
7.46000000   186.43000000   39.01000000   7.33000000   25.69869791   99.75500148   1.71299775   -0.32309116   
7.46000000   186.43000000   39.01000000   7.33000000   25.72125716   99.75385455   2.42397328   -0.23089008   
7.46000000   186.43000000   39.01000000   7.33000000   25.71694887   99.75285999   2.22331873   -0.08176243   
7.46000000   186.43000000   39.01000000   7.33000000   25.72537617   99.70767852   2.22160813   -0.27986398   
7.46000000   186.43000000   39.01000000   7.33000000   25.70853378   99.74244034   2.30243197   -0.36205011   
7.46000000   186.43000000   39.01000000   7.33000000   25.72447323   99.71887696   2.29654294   -0.29780100   
7.46000000   186.43000000   39.01000000   7.33000000   25.73463868   99.72501791   2.78770876   -0.33975803   
7.46000000   186.43000000   39.01000000   7.33000000   25.71869365   99.74370253   1.46861527   -0.23958517   
7.46000000   186.43000000   39.01000000   7.33000000   25.73333032   99.74254034   1.54900645   -0.19054600   
7.46000000   186.43000000   39.01000000   7.33000000   25.74635663   99.76867394   1.22312019   -0.12382152   
7.46000000   186.43000000   39.01000000   7.33000000   25.72929902   99.74304504   1.28656563   -0.29624687   
7.46000000   186.43000000   39.01000000   7.33000000   25.74979599   99.74567064   1.80920331   -0.33201277   
7.46000000   186.43000000   39.01000000   7.33000000   25.74190449   99.73994965   1.07685711   -0.27061118   
7.46000000   186.43000000   39.01000000   7.33000000   25.74245226   99.74394250   1.49065077   -0.37739451   
7.46000000   186.43000000   39.01000000   7.33000000   25.73540425   99.73970127   1.33012597   -0.38385418   
7.46000000   186.43000000   39.01000000   7.33000000   25.74552768   99.74041213   1.48407346   -0.49502735   
7.46000000   186.43000000   39.01000000   7.33000000   25.71710778   99.76603594   1.21464566   -0.50406425   
7.46000000   186.43000000   39.01000000   7.33000000   25.71611452   99.71536568   1.14347043   -0.51553418   
7.46000000   186.43000000   39.01000000   7.33000000   25.74574222   99.73671980   1.56312171   -0.53225260   
7.46000000   186.43000000   39.01000000   7.33000000   25.74442874   99.71675911   1.32548275   -0.59045718   
7.46000000   186.43000000   39.01000000   7.33000000   25.73497994   99.70521761   1.38905382   -0.52146878   
7.46000000   186.43000000   39.01000000   7.33000000   25.71184768   99.72737272   1.77667208   -0.37455142   
7.46000000   186.43000000   39.01000000   7.33000000   25.72992930   99.71672781   1.63254160   -0.39228265   
7.46000000   186.43000000   39.01000000   7.33000000   25.72876073   99.71718392   1.87019368   -0.52199332   
7.46000000   186.43000000   39.01000000   7.33000000   25.71844348   99.72984126   1.51843820   -0.48951668   
7.46000000   186.43000000   39.01000000   7.33000000   25.72456432   99.72830952   1.13708476   -0.35848566   
7.46000000   186.43000000   39.01000000   7.33000000   25.72469372   99.73112770   1.10762234   -0.35097278   
7.46000000   186.43000000   39.01000000   7.33000000   25.73888430   99.73463215   1.64398652   -0.41613894   
7.46000000   186.43000000   39.01000000   7.33000000   25.74840411   99.70794824   1.80417433   -0.45073478   
7.46000000   186.43000000   39.01000000   7.33000000   25.73248874   99.71724912   1.71312708   -0.47154106   
7.46000000   186.43000000   39.01000000   7.33000000   25.71457969   99.72557774   1.57451571   -0.54075306   
7.46000000   186.43000000   39.01000000   7.33000000   25.71900773   99.72504753   1.63867329   -0.50260374   
7.46000000   186.43000000   39.01000000   7.33000000   25.72710397   99.72317471   1.92945904   -0.48524284   
7.46000000   186.43000000   39.01000000   7.33000000   25.74849530   99.71967715   2.19684494   -0.52627180   
7.46000000   186.43000000   39.01000000   7.33000000   25.71252977   99.74147689   1.63025092   -0.46256507   
7.46000000   186.43000000   39.01000000   7.33000000   25.72485412   99.72971882   1.13237357   -0.45183992   
7.46000000   186.43000000   39.01000000   7.33000000   25.72687595   99.74993175   1.06756493   -0.46156699   
7.46000000   186.43000000   39.01000000   7.33000000   25.70983787   99.75769928   1.71632333   -0.47726073   
7.46000000   186.43000000   39.01000000   7.33000000   25.72078221   99.74897859   1.12502506   -0.54832560   
7.46000000   186.43000000   39.01000000   7.33000000   25.73341821   99.75253034   1.14616827   -0.58952502   
7.46000000   186.43000000   39.01000000   7.33000000   25.72783226   99.72135274   1.12766490   -0.63300067   
7.46000000   186.43000000   39.01000000   7.33000000   25.74663026   99.71442126   1.46031217   -0.58711850   
7.46000000   186.43000000   39.01000000   7.33000000   25.74692206   99.71248287   1.56593343   -0.56354169   
7.46000000   186.43000000   39.01000000   7.33000000   25.76196250   99.72768440   1.72497065   -0.62731848   
7.46000000   186.43000000   39.01000000   7.33000000   25.74770215   99.71690329   1.35306342   -0.68474108   
7.46000000   186.43000000   39.01000000   7.33000000   25.73496096   99.70441718   1.65821222   -0.81429756   
7.46000000   186.43000000   39.01000000   7.33000000   25.74514922   99.71577198   1.69380043   -0.85759417   
7.46000000   186.43000000   39.01000000   7.33000000   25.76339395   99.74060024   1.14354677   -0.68938445   
7.46000000   186.43000000   39.01000000   7.33000000   25.77713509   99.72145191   1.65006012   -0.72605657   
7.46000000   186.43000000   39.01000000   7.33000000   25.76460933   99.71709609   2.05981077   -0.54535000   
7.46000000   186.43000000   39.01000000   7.33000000   25.72722206   99.73692433   2.33689719   -0.45231326   
7.46000000   186.43000000   39.01000000   7.33000000   25.72520507   99.70532564   2.51736702   -0.48742274   
7.46000000   186.43000000   39.01000000   7.33000000   25.70577696   99.70626487   1.49271309   -0.69214885   
7.46000000   186.43000000   39.01000000   7.33000000   25.71958801   99.70827825   2.07250193   -0.67153253   
7.46000000   186.43000000   39.01000000   7.33000000   25.70531374   99.71058704   1.40088558   -0.65619655   
7.46000000   186.43000000   39.01000000   7.33000000   25.73403345   99.71578255   1.19675302   -0.63310498   
7.46000000   186.43000000   39.01000000   7.33000000   25.73018099   99.73401917   1.21394517   -0.63039521   
7.46000000   186.43000000   39.01000000   7.33000000   25.71845842   99.73238227   1.12710974   -0.54135364   
7.46000000   186.43000000   39.01000000   7.33000000   25.73631380   99.75846300   1.12965189   -0.58989370   
7.46000000   186.43000000   39.01000000   7.33000000   25.72321185   99.73295110   1.13825352   -0.44069723   
7.46000000   186.43000000   39.01000000   7.33000000   25.71377286   99.73063702   1.34700658   -0.46382379   
7.46000000   186.43000000   39.01000000   7.33000000   25.71734662   99.73782438   1.25014727   -0.59223220   
7.46000000   186.43000000   39.01000000   7.33000000   25.71453155   99.73364139   1.02300065   -0.41549843   
7.46000000   186.43000000   39.01000000   7.33000000   25.72439265   99.73072410   1.20351208   -0.36145186   
7.46000000   186.43000000   39.01000000   7.33000000   25.75006875   99.75024578   1.05611991   -0.20258641   
7.46000000   186.43000000   39.01000000   7.33000000   25.75176855   99.74485321   1.39567141   -0.31992496   
7.46000000   186.43000000   39.01000000   7.33000000   25.73104872   99.73726371   2.05018603   -0.47062661   
7.46000000   186.43000000   39.01000000   7.33000000   25.71648262   99.72882390   2.21149381   -0.41890703   
7.46000000   186.43000000   39.01000000   7.33000000   25.73083723   99.72901661   2.21935813   -0.44414279   
7.46000000   186.43000000   39.01000000   7.33000000   25.71922653   99.71743275   1.24132681   -0.34736903   
7.46000000   186.43000000   39.01000000   7.33000000   25.70420798   99.74069371   1.12552085   -0.33156862   
7.46000000   186.43000000   39.01000000   7.33000000   25.72637890   99.75589593   1.45297868   -0.39154750   
7.46000000   186.43000000   39.01000000   7.33000000   25.74624855   99.74782358   1.65202521   -0.47893453   
7.46000000   186.43000000   39.01000000   7.33000000   25.75520311   99.74531117   1.41782957   -0.49504499   
7.46000000   186.43000000   39.01000000   7.33000000   25.74751828   99.72194089   1.66256309   -0.58002864   
7.46000000   186.43000000   39.01000000   7.33000000   25.74341290   99.71697792   1.24276329   -0.50416011   
7.46000000   186.43000000   39.01000000   7.33000000   25.74878371   99.72940976   1.99774890   -0.50875465   
7.46000000   186.43000000   39.01000000   7.33000000   25.75959088   99.72401570   2.00642949   -0.50156067   
7.46000000   186.43000000   39.01000000   7.33000000   25.74072856   99.71483644   2.19323537   -0.77702044   
7.46000000   186.43000000   39.01000000   7.33000000   25.72281982   99.72970879   1.59932524   -0.71787768   
7.46000000   186.43000000   39.01000000   7.33000000   25.73468778   99.71432441   1.61317142   -0.74056723   
7.46000000   186.43000000   39.01000000   7.33000000   25.71592137   99.71174198   1.12897287   -0.54578179   
7.46000000   186.43000000   39.01000000   7.33000000   25.74994193   99.72050364   1.25378269   -0.42249579   
7.46000000   186.43000000   39.01000000   7.33000000   25.73696741   99.73304118   1.25249141   -0.44930689   
7.46000000   186.43000000   39.01000000   7.33000000   25.74950202   99.74276237   1.05556162   -0.57398402   
7.46000000   186.43000000   39.01000000   7.33000000   25.75667093   99.75307798   1.16641230   -0.64198587   
7.46000000   186.43000000   39.01000000   7.33000000   25.76527720   99.73336739   1.10872483   -0.61974621   
7.46000000   186.43000000   39.01000000   7.33000000   25.75992968   99.72176048   1.71919826   -0.53093191   
7.46000000   186.43000000   39.01000000   7.33000000   25.74479034   99.72072370   1.40453975   -0.52280459   
7.46000000   186.43000000   39.01000000   7.33000000   25.75385003   99.72288208   1.09771422   -0.50937660   
7.46000000   186.43000000   39.01000000   7.33000000   25.74594386   99.74960157   1.73785740   -0.50376502   
7.46000000   186.43000000   39.01000000   7.33000000   25.72267115   99.72772657   1.81193501   -0.65119590   
7.46000000   186.43000000   39.01000000   7.33000000   25.72286087   99.73413709   1.39940591   -0.73079781   
7.46000000   186.43000000   39.01000000   7.33000000   25.75908361   99.74040033   1.15237002   -0.73992276   
7.46000000   186.43000000   39.01000000   7.33000000   25.74421062   99.76121847   1.54584147   -0.59578931   
7.46000000   186.43000000   39.01000000   7.33000000   25.76898928   99.75762009   1.18963272   -0.58665064   
7.46000000   186.43000000   39.01000000   7.33000000   25.74938737   99.74215948   1.48204273   -0.76695001   
7.46000000   186.43000000   39.01000000   7.33000000   25.74233334   99.71838876   1.56136885   -0.80028349   
7.46000000   186.43000000   39.01000000   7.33000000   25.75089513   99.70063080   1.35394101   -0.76456067   
7.46000000   186.43000000   39.01000000   7.33000000   25.78812445   99.72979147   1.21556028   -0.80450160   
7.46000000   186.43000000   39.01000000   7.33000000   25.73509176   99.70960026   2.43017249   -0.86957365   
7.46000000   186.43000000   39.01000000   7.33000000   25.73193529   99.71962790   2.15376419   -0.77092450   
7.46000000   186.43000000   39.01000000   7.33000000   25.72593258   99.70632514   1.94670082   -0.84239801   
7.46000000   186.43000000   39.01000000   7.33000000   25.74435857   99.73003096   2.06075300   -0.95013559   
7.46000000   186.43000000   39.01000000   7.33000000   25.71775854   99.71492747   1.12295730   -1.09902826   
7.46000000   186.43000000   39.01000000   7.33000000   25.74593408   99.73658391   1.28863388   -1.03697580   
7.46000000   186.43000000   39.01000000   7.33000000   25.74936518   99.70665330   1.49767796   -0.94779244   
7.46000000   186.43000000   39.01000000   7.33000000   25.73987032   99.71958894   2.08103935   -0.90007944   
7.46000000   186.43000000   39.01000000   7.33000000   25.71859355   99.72826923   1.94204684   -0.87930870   
7.46000000   186.43000000   39.01000000   7.33000000   25.73143548   99.71888821   1.46104494   -0.93283792   
7.46000000   186.43000000   39.01000000   7.33000000   25.73446364   99.73094664   1.37541814   -0.94988400   
7.46000000   186.43000000   39.01000000   7.33000000   25.74777386   99.72211299   1.55229718   -0.90529433   
7.46000000   186.43000000   39.01000000   7.33000000   25.74742425   99.73314635   1.23848754   -0.84583126   
7.46000000   186.43000000   39.01000000   7.33000000   25.74503001   99.73818551   1.22082336   -0.85112736   
7.46000000   186.43000000   39.01000000   7.33000000   25.73309440   99.71815541   1.44768503   -0.78000520   
7.46000000   186.43000000   39.01000000   7.33000000   25.73220002   99.71163415   1.63884428   -0.79980941   
7.46000000   186.43000000   39.01000000   7.33000000   25.72514026   99.71036399   1.71836600   -0.78086739   
7.46000000   186.43000000   39.01000000   7.33000000   25.74209979   99.71799663   1.11555572   -0.67228798   
7.46000000   186.43000000   39.01000000   7.33000000   25.74857313   99.74530866   1.45729793   -0.84010707   
7.46000000   186.43000000   39.01000000   7.33000000   25.72411635   99.73323116   1.69076731   -0.88277850   
7.46000000   186.43000000   39.01000000   7.33000000   25.72159321   99.73567445   1.19085725   -1.02114162   
7.46000000   186.43000000   39.01000000   7.33000000   25.71362845   99.73179100   1.19038838   -0.90163399   
7.46000000   186.43000000   39.01000000   7.33000000   25.71168093   99.72782320   1.11760416   -0.88272560   
7.46000000   186.43000000   39.01000000   7.33000000   25.74114740   99.72762752   1.34947354   -0.68384438   
7.46000000   186.43000000   39.01000000   7.33000000   25.71300703   99.73983600   1.14967878   -0.69834262   
7.46000000   186.43000000   39.01000000   7.33000000   25.73063736   99.71879560   1.49056997   -0.57350389   
7.46000000   186.43000000   39.01000000   7.33000000   25.75780785   99.75729636   1.14775793   -0.66558331   
7.46000000   186.43000000   39.01000000   7.33000000   25.74400119   99.74363740   1.47507285   -0.51313786   
7.46000000   186.43000000   39.01000000   7.33000000   25.72917169   99.74580682   1.62570924   -0.39041975   
7.46000000   186.43000000   39.01000000   7.33000000   25.71820171   99.73051276   1.10848796   -0.51846993   
7.46000000   186.43000000   39.01000000   7.33000000   25.73812459   99.73430815   1.11235099   -0.64285071   
7.46000000   186.43000000   39.01000000   7.33000000   25.74363855   99.74780996   1.22878327   -0.52392171   
7.46000000   186.43000000   39.01000000   7.33000000   25.74486181   99.75244727   1.29971565   -0.42339032   
7.46000000   186.43000000   39.01000000   7.33000000   25.72715352   99.77486345   1.29950048   -0.39696175   
7.46000000   186.43000000   39.01000000   7.33000000   25.72288581   99.74954660   2.09549542   -0.31870037   
7.46000000   186.43000000   39.01000000   7.33000000   25.73297522   99.73625751   1.95943839   -0.41962222   
7.46000000   186.43000000   39.01000000   7.33000000   25.74355575   99.72576439   2.51758747   -0.40827531   
7.46000000   186.43000000   39.01000000   7.33000000   25.73953886   99.72228578   2.20460204   -0.37436877   
7.46000000   186.43000000   39.01000000   7.33000000   25.73074518   99.74162547   2.24423022   -0.44566414   
7.46000000   186.43000000   39.01000000   7.33000000   25.70603249   99.74063808   1.42020652   -0.43812756   
7.46000000   186.43000000   39.01000000   7.33000000   25.70197255   99.74116694   1.04016723   -0.41861555   
7.46000000   186.43000000   39.01000000   7.33000000   25.70917952   99.74999147   1.03179307   -0.30766070   
7.46000000   186.43000000   39.01000000   7.33000000   25.71134346   99.76193016   1.22890318   -0.41470169   
7.46000000   186.43000000   39.01000000   7.33000000   25.70094498   99.76271105   1.61436918   -0.52560434   
7.46000000   186.43000000   39.01000000   7.33000000   25.69375670   99.71937761   1.63956972   -0.46794551   
7.46000000   186.43000000   39.01000000   7.33000000   25.69906142   99.73763031   2.18073386   -0.46314291   
7.46000000   186.43000000   39.01000000   7.33000000   25.72984576   99.71942170   2.04419477   -0.44761631   
7.46000000   186.43000000   39.01000000   7.33000000   25.71960886   99.74439471   1.95713705   -0.59620738   
7.46000000   186.43000000   39.01000000   7.33000000   25.70849652   99.74403916   2.00752170   -0.54536623   
7.46000000   186.43000000   39.01000000   7.33000000   25.69539148   99.72629977   2.37065287   -0.58468371   
7.46000000   186.43000000   39.01000000   7.33000000   25.70428149   99.71472164   2.67725344   -0.70717126   
7.46000000   186.43000000   39.01000000   7.33000000   25.69498723   99.72255593   2.65180087   -0.68125393   
7.46000000   186.43000000   39.01000000   7.33000000   25.70680687   99.74535631   2.25895603   -0.56282781   
7.46000000   186.43000000   39.01000000   7.33000000   25.69466851   99.74954875   1.74399528   -0.52755014   
7.46000000   186.43000000   39.01000000   7.33000000   25.70096627   99.73922070   1.16521637   -0.42673345   
7.46000000   186.43000000   39.01000000   7.33000000   25.72270766   99.75089777   1.20142378   -0.43706471   
7.46000000   186.43000000   39.01000000   7.33000000   25.73757681   99.74402372   1.15799695   -0.38977514   
7.46000000   186.43000000   39.01000000   7.33000000   25.72633879   99.73182372   1.70892483   -0.54693749   
7.46000000   186.43000000   39.01000000   7.33000000   25.73684500   99.72298566   1.74438717   -0.45475265   
7.46000000   186.43000000   39.01000000   7.33000000   25.71435955   99.74665248   1.30742208   -0.45887607   
7.46000000   186.43000000   39.01000000   7.33000000   25.72699231   99.71379028   1.11076055   -0.50323012   
7.46000000   186.43000000   39.01000000   7.33000000   25.73631710   99.72408659   1.05194670   -0.62695715   
7.46000000   186.43000000   39.01000000   7.33000000   25.71520009   99.72912993   1.00547866   -0.61814591   
7.46000000   186.43000000   39.01000000   7.33000000   25.72529294   99.74386517   1.31695010   -0.41778884   
7.46000000   186.43000000   39.01000000   7.33000000   25.72521658   99.74237972   1.11928063   -0.38757914   
7.46000000   186.43000000   39.01000000   7.33000000   25.72564185   99.73524274   1.85474969   -0.42980377   
7.46000000   186.43000000   39.01000000   7.33000000   25.71736555   99.73558135   1.74977316   -0.47087168   
7.46000000   186.43000000   39.01000000   7.33000000   25.73045894   99.72396567   2.08293232   -0.34372514   
7.46000000   186.43000000   39.01000000   7.33000000   25.74485629   99.73862198   1.97779072   -0.45182573   
7.46000000   186.43000000   39.01000000   7.33000000   25.73496993   99.75102833   1.56445202   -0.34200838   
7.46000000   186.43000000   39.01000000   7.33000000   25.72869525   99.77592856   1.39986644   -0.32404027   
7.46000000   186.43000000   39.01000000   7.33000000   25.74104703   99.75752869   1.39171490   -0.55342057   
7.46000000   186.43000000   39.01000000   7.33000000   25.76036032   99.75468087   1.16232690   -0.45082992   
7.46000000   186.43000000   39.01000000   7.33000000   25.74410729   99.74761737   1.85101858   -0.32048879   
7.46000000   186.43000000   39.01000000   7.33000000   25.75890332   99.74665168   1.24727179   -0.34073239   
7.46000000   186.43000000   39.01000000   7.33000000   25.73995171   99.75575977   1.40908194   -0.29141530   
7.46000000   186.43000000   39.01000000   7.33000000   25.73512501   99.74918660   1.54785293   -0.33757025   
7.46000000   186.43000000   39.01000000   7.33000000   25.72807576   99.76988837   1.01676048   -0.28182167   
7.46000000   186.43000000   39.01000000   7.33000000   25.71997900   99.77555821   1.02245168   -0.11550108   
7.46000000   186.43000000   39.01000000   7.33000000   25.71785108   99.75566518   1.16674876   -0.18676568   
7.46000000   186.43000000   39.01000000   7.33000000   25.71566502   99.75751055   1.01420872   -0.27055734   
7.46000000   186.43000000   39.01000000   7.33000000   25.73121482   99.75563400   1.38518869   -0.21456197   
7.46000000   186.43000000   39.01000000   7.33000000   25.70850739   99.73979553   1.21936209   -0.14652041   
7.46000000   186.43000000   39.01000000   7.33000000   25.73950486   99.74981974   1.40994280   0.02119201   
7.46000000   186.43000000   39.01000000   7.33000000   25.74006066   99.75902747   1.12932293   0.01156243   
7.46000000   186.43000000   39.01000000   7.33000000   25.73537117   99.77861383   1.12297594   -0.15365208   
7.46000000   186.43000000   39.01000000   7.33000000   25.73802790   99.76530495   1.04029779   -0.05586634   
7.46000000   186.43000000   39.01000000   7.33000000   25.72379350   99.73440658   1.29355675   -0.19110300   
7.46000000   186.43000000   39.01000000   7.33000000   25.72651368   99.72827047   1.15973234   -0.26971388   
7.46000000   186.43000000   39.01000000   7.33000000   25.73215828   99.73632405   1.63155904   -0.32791072   
7.46000000   186.43000000   39.01000000   7.33000000   25.73966257   99.73550059   1.85011563   -0.32781772   
7.46000000   186.43000000   39.01000000   7.33000000   25.73796228   99.72134052   1.04373620   -0.26311852   
7.46000000   186.43000000   39.01000000   7.33000000   25.73148932   99.71717944   1.64213022   -0.35526173   
7.46000000   186.43000000   39.01000000   7.33000000   25.71937651   99.70944037   1.81710551   -0.31686780   
7.46000000   186.43000000   39.01000000   7.33000000   25.74295288   99.70345818   1.66494281   -0.35514113   
7.46000000   186.43000000   39.01000000   7.33000000   25.71096581   99.71869029   1.93173949   -0.39331054   
7.46000000   186.43000000   39.01000000   7.33000000   25.72347409   99.72471269   1.41406609   -0.18932399   
7.46000000   186.43000000   39.01000000   7.33000000   25.71233984   99.74585098   2.02721435   -0.24670267   
7.46000000   186.43000000   39.01000000   7.33000000   25.71258346   99.75521105   1.73904258   -0.18205756   
7.46000000   186.43000000   39.01000000   7.33000000   25.72634210   99.75199826   1.00747200   -0.18336450   
7.46000000   186.43000000   39.01000000   7.33000000   25.71324168   99.73807462   1.50973478   -0.10688760   
7.46000000   186.43000000   39.01000000   7.33000000   25.73288342   99.73613867   1.62881597   -0.14135401   
7.46000000   186.43000000   39.01000000   7.33000000   25.71642002   99.72438574   2.11344862   -0.26939892   
7.46000000   186.43000000   39.01000000   7.33000000   25.70676483   99.73473201   1.95366109   -0.08938377   
7.46000000   186.43000000   39.01000000   7.33000000   25.68088646   99.73787236   1.32932476   -0.12974136   
7.46000000   186.43000000   39.01000000   7.33000000   25.69726609   99.75355878   2.02198443   -0.28114959   
7.46000000   186.43000000   39.01000000   7.33000000   25.69717078   99.74160172   1.34379260   -0.30964153   
7.46000000   186.43000000   39.01000000   7.33000000   25.70411644   99.73136139   1.11800101   -0.26029562   
7.46000000   186.43000000   39.01000000   7.33000000   25.72423548   99.74195773   1.25326764   -0.39369381   
7.46000000   186.43000000   39.01000000   7.33000000   25.71211508   99.74776594   1.05501125   -0.42101370   
7.46000000   186.43000000   39.01000000   7.33000000   25.71226506   99.74249481   1.09008549   -0.27639521   
7.46000000   186.43000000   39.01000000   7.33000000   25.73953158   99.74349756   1.08607383   -0.25922750   
7.46000000   186.43000000   39.01000000   7.33000000   25.72416618   99.75001463   1.18682620   -0.36335961   
7.46000000   186.43000000   39.01000000   7.33000000   25.71470192   99.75854259   1.34764963   -0.23612917   
7.46000000   186.43000000   39.01000000   7.33000000   25.72803118   99.76053340   1.02410109   -0.33361309   
7.46000000   186.43000000   39.01000000   7.33000000   25.73686585   99.77388305   1.08991692   -0.55329045   
7.46000000   186.43000000   39.01000000   7.33000000   25.72291419   99.75769017   1.91962793   -0.60095005   
7.46000000   186.43000000   39.01000000   7.33000000   25.75820209   99.72836402   1.39875197   -0.70290528   
7.46000000   186.43000000   39.01000000   7.33000000   25.72322275   99.75540018   1.22903366   -0.67028109   
7.46000000   186.43000000   39.01000000   7.33000000   25.72853982   99.73792053   1.20971282   -0.53851688   
7.46000000   186.43000000   39.01000000   7.33000000   25.71972949   99.72790286   1.15604026   -0.59598155   
7.46000000   186.43000000   39.01000000   7.33000000   25.71858539   99.74670713   1.07724118   -0.59473787   
7.46000000   186.43000000   39.01000000   7.33000000   25.71318448   99.71692090   1.14866138   -0.44510603   
7.46000000   186.43000000   39.01000000   7.33000000   25.73141469   99.75705364   1.17919616   -0.58739617   
7.46000000   186.43000000   39.01000000   7.33000000   25.73727349   99.73041196   1.05623499   -0.48680936   
7.46000000   186.43000000   39.01000000   7.33000000   25.72145644   99.75071915   1.09391888   -0.43701894   
7.46000000   186.43000000   39.01000000   7.33000000   25.71437702   99.72262999   1.08692848   -0.61302700   
7.46000000   186.43000000   39.01000000   7.33000000   25.73007510   99.74208235   1.05012749   -0.76733407   
7.46000000   186.43000000   39.01000000   7.33000000   25.72943714   99.72507034   1.20380834   -0.99154306   
7.46000000   186.43000000   39.01000000   7.33000000   25.73212240   99.72163469   1.03181261   -0.96051580   
7.46000000   186.43000000   39.01000000   7.33000000   25.72540021   99.73495207   1.15212343   -0.78560712   
7.46000000   186.43000000   39.01000000   7.33000000   25.73334242   99.72619331   1.07308336   -0.72435838   
7.46000000   186.43000000   39.01000000   7.33000000   25.76537492   99.72634867   1.65789616   -0.76942879   
7.46000000   186.43000000   39.01000000   7.33000000   25.76500908   99.71772272   1.41669738   -0.83006867   
7.46000000   186.43000000   39.01000000   7.33000000   25.73324425   99.72269404   1.51197436   -0.76893223   
7.46000000   186.43000000   39.01000000   7.33000000   25.73803598   99.70882999   1.12766444   -0.78430885   
7.46000000   186.43000000   39.01000000   7.33000000   25.74749063   99.70998320   1.67472762   -0.66057330   
7.46000000   186.43000000   39.01000000   7.33000000   25.76204595   99.70373595   1.52878936   -0.72715853   
7.46000000   186.43000000   39.01000000   7.33000000   25.76258830   99.72826103   1.23135835   -0.81003608   
7.46000000   186.43000000   39.01000000   7.33000000   25.74277771   99.72733802   1.44648166   -0.80372639   
7.46000000   186.43000000   39.01000000   7.33000000   25.73507848   99.73056345   1.63400315   -0.75880989   
7.46000000   186.43000000   39.01000000   7.33000000   25.73036656   99.75326142   1.12122044   -0.87179629   
7.46000000   186.43000000   39.01000000   7.33000000   25.72233615   99.73863078   1.24799449   -0.87398739   
7.46000000   186.43000000   39.01000000   7.33000000   25.71152176   99.73573674   1.01639982   -1.03446218   
7.46000000   186.43000000   39.01000000   7.33000000   25.76672934   99.71143095   1.11739461   -0.97705588   
7.46000000   186.43000000   39.01000000   7.33000000   25.74876076   99.71077023   1.30950762   -0.92533026   
7.46000000   186.43000000   39.01000000   7.33000000   25.72343943   99.70145277   1.33341371   -1.01272821   
7.46000000   186.43000000   39.01000000   7.33000000   25.71002503   99.70966593   1.39083582   -0.83453194   
7.46000000   186.43000000   39.01000000   7.33000000   25.74247207   99.72430821   1.58230270   -0.70929249   
7.46000000   186.43000000   39.01000000   7.33000000   25.75224063   99.71436804   2.41306306   -0.66271801   
7.46000000   186.43000000   39.01000000   7.33000000   25.72754509   99.73028743   2.65591386   -0.49436231   
7.46000000   186.43000000   39.01000000   7.33000000   25.74291422   99.74437516   2.14180090   -0.72235746   
7.46000000   186.43000000   39.01000000   7.33000000   25.75559315   99.73146803   1.27863117   -0.75256383   
7.46000000   186.43000000   39.01000000   7.33000000   25.73085766   99.74256533   1.58196898   -0.76695041   
7.46000000   186.43000000   39.01000000   7.33000000   25.73842126   99.72864919   1.56506634   -0.85294747   
7.46000000   186.43000000   39.01000000   7.33000000   25.74404021   99.74114705   1.37325980   -0.68928795   
7.46000000   186.43000000   39.01000000   7.33000000   25.73095781   99.73504277   1.20481062   -0.64266043   
7.46000000   186.43000000   39.01000000   7.33000000   25.74236046   99.73391068   1.14720473   -0.69620596   
7.46000000   186.43000000   39.01000000   7.33000000   25.71465316   99.72983859   1.29869547   -0.59240638   
7.46000000   186.43000000   39.01000000   7.33000000   25.73203242   99.75945770   1.03648917   -0.74994148   
7.46000000   186.43000000   39.01000000   7.33000000   25.74593347   99.75899655   1.65517870   -0.61572245   
7.46000000   186.43000000   39.01000000   7.33000000   25.74925091   99.75426266   1.03230104   -0.57543822   
7.46000000   186.43000000   39.01000000   7.33000000   25.74618496   99.73537457   1.48146639   -0.63651755   
7.46000000   186.43000000   39.01000000   7.33000000   25.73700520   99.74330830   1.43715976   -0.65345419   
7.46000000   186.43000000   39.01000000   7.33000000   25.73425190   99.75138606   1.04745727   -0.62911438   
7.46000000   186.43000000   39.01000000   7.33000000   25.75809872   99.71658942   1.22499801   -0.69603291   
7.46000000   186.43000000   39.01000000   7.33000000   25.74125555   99.73460224   1.13884168   -0.49196930   
7.46000000   186.43000000   39.01000000   7.33000000   25.72707499   99.75018000   1.58112682   -0.52406201   
7.46000000   186.43000000   39.01000000   7.33000000   25.75740183   99.77235637   1.71644475   -0.44614730   
7.46000000   186.43000000   39.01000000   7.33000000   25.77960205   99.74532137   1.55689400   -0.46515176   
7.46000000   186.43000000   39.01000000   7.33000000   25.76708857   99.75204781   1.13972743   -0.28005846   
7.46000000   186.43000000   39.01000000   7.33000000   25.75891232   99.75088108   1.04945130   -0.29797037   
7.46000000   186.43000000   39.01000000   7.33000000   25.74814763   99.75944864   1.13234043   -0.29886398   
7.46000000   186.43000000   39.01000000   7.33000000   25.72324703   99.76744934   1.05369411   -0.44435727   
7.46000000   186.43000000   39.01000000   7.33000000   25.72552083   99.75344341   1.14695018   -0.37194589   
7.46000000   186.43000000   39.01000000   7.33000000   25.71363294   99.74376973   1.05904650   -0.52302581   
7.46000000   186.43000000   39.01000000   7.33000000   25.73270419   99.75030861   1.05681732   -0.46163732   
7.46000000   186.43000000   39.01000000   7.33000000   25.71014985   99.75791329   1.06941870   -0.45241142   
7.46000000   186.43000000   39.01000000   7.33000000   25.72158971   99.77133426   1.17303329   -0.44960484   
7.46000000   186.43000000   39.01000000   7.33000000   25.72905641   99.75357467   1.09848246   -0.60729797   
7.46000000   186.43000000   39.01000000   7.33000000   25.72740504   99.74671219   1.59668939   -0.63959257   
7.46000000   186.43000000   39.01000000   7.33000000   25.71158992   99.73675257   1.24863768   -0.51911998   
7.46000000   186.43000000   39.01000000   7.33000000   25.73112501   99.73655717   1.07220805   -0.57968021   
7.46000000   186.43000000   39.01000000   7.33000000   25.74307885   99.75324594   1.06447983   -0.51315049   
7.46000000   186.43000000   39.01000000   7.33000000   25.75093299   99.73668925   1.21407674   -0.57425992   
7.46000000   186.43000000   39.01000000   7.33000000   25.73122495   99.72981615   1.14208408   -0.41406922   
7.46000000   186.43000000   39.01000000   7.33000000   25.70949458   99.73970070   1.11622062   -0.49894703   
7.46000000   186.43000000   39.01000000   7.33000000   25.72221010   99.74588712   1.15629350   -0.58008081   
7.46000000   186.43000000   39.01000000   7.33000000   25.74502064   99.73638466   1.56979443   -0.60619396   
7.46000000   186.43000000   39.01000000   7.33000000   25.73677725   99.74289226   1.66203522   -0.76524446   
7.46000000   186.43000000   39.01000000   7.33000000   25.75327217   99.73431521   1.66694651   -0.81387762   
7.46000000   186.43000000   39.01000000   7.33000000   25.75316674   99.72559025   1.33634195   -0.72546807   
7.46000000   186.43000000   39.01000000   7.33000000   25.76083732   99.71850813   1.05833522   -0.72797926   
7.46000000   186.43000000   39.01000000   7.33000000   25.75172162   99.70809297   1.05223436   -0.84084982   
