1988.62954920   
1875.41160185   
1866.88679768   
1892.44193684   
1794.67031022   
1862.98038886   
1706.83887914   
1744.57246889   
1738.61687086   
1603.80792780   
1557.33803401   
1535.53494530   
1543.78357711   
1604.49247168   
1538.69638501   
1696.90058433   
1537.30128023   
1539.44429487   
1505.45738847   
1575.19261344   
1513.92501376   
1547.88787754   
1606.10936986   
1580.60649522   
1487.68018955   
1577.07250244   
1443.30815784   
1406.92173152   
1405.29169384   
1419.32383771   
1439.37044002   
1363.04485805   
1368.49769983   
1343.03142840   
1293.34818227   
1320.93453687   
1363.85045311   
1281.74367281   
1277.55906420   
1286.08032172   
1296.96190415   
1290.24782874   
1341.88137770   
1261.01354896   
1248.82034022   
1265.44066670   
1243.93022320   
1254.04399297   
1250.52516461   
1256.78876274   
1237.44064633   
1245.25709240   
1240.23609213   
1231.21503937   
1230.93349609   
1241.27686808   
1250.48864456   
1241.66636042   
1240.66388496   
1234.50368067   
1231.51795839   
1230.44233720   
1241.54355021   
1244.04419454   
1246.47894460   
1238.36331941   
1223.00988573   
1230.15336782   
1240.97386339   
1226.73294810   
1227.07088403   
1228.68670820   
1228.81869219   
1247.10336884   
1237.37532668   
1240.40411344   
1236.09486510   
1225.25041357   
1230.21347654   
1232.27438961   
1225.74497028   
1226.23334158   
1231.35631329   
1224.75053376   
1227.27013222   
1221.03454095   
1228.51191197   
1242.01160526   
1222.86793921   
1237.30537871   
1230.66206208   
1230.15293783   
1265.35158215   
1219.91643216   
1231.13979955   
1213.10062837   
1229.54334755   
1242.54193279   
1235.90028306   
1216.12938189   
1212.86534832   
1214.16839544   
1214.16740087   
1222.84347929   
1216.51802149   
1220.28248402   
1210.74029279   
1225.06282025   
1227.78685497   
1228.29579431   
1224.55655891   
1229.71697084   
1231.51094381   
1209.83099183   
1239.31934102   
1242.49496486   
1221.83368687   
1201.51083104   
1249.55993078   
1207.63600191   
1203.40357044   
1309.53435698   
1227.77471602   
1197.88674565   
1229.04074041   
1210.05665559   
1210.69324733   
1220.94550386   
1229.86790728   
1213.41025822   
1195.36397938   
1207.04914918   
1205.45727328   
1200.44702625   
1201.60153528   
1208.80265279   
1202.95532266   
1214.43387828   
1202.85005039   
1233.25331298   
1201.88216689   
1213.49184036   
1198.84857432   
1208.36937110   
1207.51122484   
1205.41072161   
1220.64620541   
1215.51800865   
1210.78817345   
1218.62866599   
1193.53242228   
1220.38596967   
1200.14323249   
1203.80201231   
1193.86134098   
1203.50593474   
1211.02923210   
1195.74786657   
1209.55580889   
1209.67686526   
1202.06773394   
1194.34043113   
1207.84050163   
1201.20563935   
1199.74372242   
1193.40044446   
1219.76373220   
1197.26824376   
1208.22025101   
1212.87948507   
1190.22648403   
1185.40592840   
1184.59232191   
1191.78746140   
1194.93195318   
1188.44673789   
1206.28316559   
1178.14542120   
1181.34432874   
1181.50404672   
1206.60545795   
1188.64770053   
1186.96365804   
1216.73929342   
1211.84271228   
1204.29451821   
1212.48422568   
1192.20448354   
1171.78446165   
1170.28266902   
1176.77058625   
1211.87978541   
1176.83055374   
1176.98038597   
1179.78263852   
1197.35129426   
1168.27491994   
1170.39585412   
1177.12699737   
1170.66481407   
1186.05824757   
1187.09420902   
1176.44481086   
1207.97964759   
1172.19208632   
1183.15529487   
1183.34151773   
1203.28168415   
1167.25097189   
1166.00986500   
1179.44024604   
1173.48709091   
1165.07078523   
1179.03450822   
1171.51742903   
1173.70217372   
1187.75566579   
1175.70514971   
1183.19679594   
1191.45767814   
1181.44527149   
1181.00320426   
1192.73607157   
1193.69197498   
1194.34127321   
1181.86938136   
1171.07028297   
1172.14975186   
1190.92784946   
1175.43047875   
1198.88555752   
1181.17343988   
1196.79758586   
1177.18150854   
1207.54237766   
1212.22854588   
1177.40462575   
1202.96447638   
1208.34020749   
1234.49649980   
1192.69358530   
1181.87028546   
1189.61977692   
1226.06980274   
1192.38660450   
1183.59578703   
1172.26151016   
1198.77686820   
1171.02632028   
1168.63458143   
1178.01425587   
1176.93687080   
1177.66934982   
1177.75616227   
1176.11973546   
1175.27145262   
1183.58605350   
1178.90549165   
1209.70329635   
1180.90259059   
1179.77505426   
1183.56421655   
1190.55229708   
1179.16061956   
1215.00196697   
1175.15352316   
1165.64548278   
1197.62321215   
1165.25732323   
1171.80245409   
1173.43294908   
1199.66616298   
1187.31929887   
1169.80150896   
1170.59106461   
1167.66542602   
1202.88256836   
1185.41453781   
1200.21856275   
1169.07044967   
1188.95339775   
1170.62078130   
1172.27962500   
1171.13620493   
1174.05440406   
1167.62827356   
1172.99179230   
1193.09456601   
1182.55474714   
1174.66620271   
1180.00172645   
1170.47372688   
1168.80054133   
1173.22513601   
1175.32507748   
1168.44354558   
1181.95615245   
1181.14861708   
1184.80182786   
1179.28289296   
1220.18055360   
1187.89380915   
1221.40022224   
1210.46695584   
1180.03115892   
1176.42221584   
1185.63490443   
1191.35481697   
1171.18173144   
1194.19397307   
1183.43848158   
1197.01673748   
1168.82997312   
1189.11799532   
1182.88935248   
1194.77529172   
1177.19370736   
1190.70020502   
1179.41626435   
1217.16222219   
1189.23105215   
1231.17792542   
1175.35242086   
1181.29991722   
1176.06063287   
1179.44395909   
1173.31862632   
1191.35167707   
1192.88637533   
1181.77251126   
1179.14797005   
1174.10676199   
1198.75760228   
1216.18973089   
1191.79563156   
1237.18713194   
1185.49631107   
1188.13282464   
1179.48873667   
1180.38866447   
1170.39839644   
1185.49118929   
1189.04696411   
1177.59401741   
1175.35285780   
1179.26306070   
1211.64232781   
1169.55848103   
1182.92758260   
1209.37110049   
1186.42663434   
1188.46027796   
1196.61512170   
1174.80299833   
1217.28458216   
1206.08637431   
1162.71366864   
1182.44687620   
1186.80798997   
1172.99352051   
1178.75252944   
1177.54881433   
1174.60858497   
1184.81759744   
1172.66788831   
1169.18058305   
1159.80126800   
1172.10498590   
1174.55238393   
1192.75568503   
1181.30797028   
1168.75289761   
1174.55887640   
1168.90234536   
1184.38984873   
1184.91218149   
1251.29460988   
1184.11970496   
1168.93431815   
1184.71232143   
1171.06937792   
1180.72812078   
1173.01783749   
1168.95043036   
1180.46833466   
1182.40409321   
1174.49124498   
1165.30261126   
1171.45018447   
1171.92245788   
1181.20199518   
1167.19567586   
1166.30772957   
1162.67193953   
1171.27710986   
1196.84061358   
1188.13699638   
1167.02137622   
1173.38796170   
1186.27718918   
1170.03368545   
1172.15261773   
1222.03977840   
1167.76784823   
1198.90827394   
1186.61727743   
1196.44330510   
1160.41999383   
1186.00474196   
1173.40341897   
1179.68008202   
1169.58979758   
1179.77018614   
1169.34944323   
1170.01903895   
1180.25617238   
1179.82366388   
1193.98214962   
1164.23736261   
1178.05414706   
1171.26567973   
1172.88574690   
1178.61535601   
1172.56856276   
1170.86745662   
1163.69704786   
1167.37863086   
1170.49620759   
1169.30650018   
1177.14128292   
1169.55601143   
1168.53725917   
1169.32906785   
1171.02994248   
1177.83580840   
1173.52902660   
1187.75556322   
1188.43494703   
1165.38818787   
1174.03549916   
1178.34922011   
1175.73101394   
1170.64071493   
1176.37616503   
1172.21947720   
1208.84534986   
1172.29528164   
1168.66170801   
1169.10205264   
1174.84777123   
1173.15137797   
1186.72114618   
1181.48612172   
1174.64612303   
1181.16904907   
1170.86857747   
1185.62920676   
1160.32433946   
1200.74371501   
1181.62351247   
1183.40193928   
1178.88077436   
1181.12227416   
1174.90071689   
1172.91184168   
1176.44257379   
1183.10151596   
1178.89476053   
1163.00153166   
1167.17666422   
1175.78003735   
1171.23698273   
1171.06890933   
1170.59059628   
1179.02123146   
1168.53900085   
1179.08846084   
1185.42181509   
1172.49912253   
1177.09449046   
1175.17360688   
1174.02645249   
1185.64176536   
1192.39685308   
1186.93317690   
1170.94218123   
1163.05615933   
1181.10091034   
1185.31107467   
1170.85502848   
1167.88820674   
1184.07840587   
1183.78040629   
1175.28790265   
1173.57415670   
1183.30368958   
1174.62401687   
1177.45624337   
1182.99329159   
1183.54466368   
1175.54414231   
1174.49111360   
1196.42009504   
1182.67239306   
1173.64146690   
1177.61164468   
1194.14445272   
1185.40055853   
1163.63454971   
1173.30502301   
1161.66627327   
1168.62476119   
1187.52587546   
1188.08569760   
1170.44355880   
1177.80627382   
1173.47579477   
1173.96627251   
1168.10151522   
1190.68198341   
1183.66344172   
1190.51281550   
1180.85085480   
1183.46036164   
1168.92073835   
1178.54717926   
1179.27309577   
1174.75025111   
1188.80338875   
1174.02184223   
1179.95814351   
1171.86722206   
1164.77721423   
1169.17554262   
1181.44686743   
1196.81836181   
1213.48939639   
1162.72705088   
1178.13366663   
1183.74596563   
1172.52193388   
1175.54164683   
1184.30716808   
1189.99248577   
1175.63440622   
1186.38934174   
1170.88870818   
1162.88005427   
1177.67040424   
1196.44053935   
1181.43737484   
1192.10945504   
1184.38801928   
1164.79520618   
1187.79101700   
1181.69639830   
1179.78084780   
1173.87841503   
1176.01579750   
1164.36495686   
1180.35580750   
1164.83957919   
1182.52722645   
1189.01235123   
1170.42911631   
1184.91062494   
1180.92678278   
1169.10178849   
1214.20572139   
1173.82631388   
1168.24124409   
1182.40522966   
1169.48662552   
1191.38504213   
1217.08004924   
1165.06362435   
1173.69766449   
1176.97216234   
1177.47266190   
1242.83916830   
1174.26941212   
1163.26584473   
1183.18917569   
1177.19882935   
1188.84875271   
1167.02209004   
1183.80196755   
1172.77573004   
1184.19450380   
1177.67819237   
1168.89741257   
1172.92639266   
1196.01799172   
1182.24939985   
1180.62067928   
1174.55975341   
1171.26352972   
1172.23110693   
1162.73247368   
1169.07144688   
1179.44120889   
1174.08585216   
1177.09280591   
1168.93868439   
1177.99502017   
1163.51643054   
1175.89158296   
1168.54456579   
1174.91276961   
1171.74219656   
1163.47603922   
1175.40452994   
1168.34485370   
1183.23895698   
1194.05632079   
1196.99995264   
1170.24180247   
1161.18640508   
1187.21349249   
1175.18969953   
1178.18661047   
1164.14449855   
1181.17608460   
1169.51010903   
1173.65433275   
1174.51973651   
1172.18369050   
1176.62033681   
1165.25395683   
1187.22371287   
1177.04746478   
1172.69460204   
1180.37062497   
1181.99746880   
1181.54015397   
1178.63325752   
1170.49464779   
1182.80446392   
1173.25930139   
1173.89018470   
1177.67230750   
1173.81784901   
1173.20455538   
1165.11033702   
1178.34436193   
1165.61304983   
1173.05193923   
1182.37009878   
1190.55332047   
1195.20706865   
1162.74329962   
1187.10995924   
1174.05280016   
1184.00072786   
1183.89469464   
1179.20372310   
1172.94472897   
1162.55356328   
1172.43532969   
1180.56286346   
1176.73428496   
1193.00245291   
1167.19716740   
1170.02417145   
1168.03180557   
1171.12997461   
1174.93247158   
1185.39649381   
1173.52808780   
1181.26103656   
1237.67355834   
1171.16926578   
1175.64932771   
1174.26901257   
1177.61296733   
1172.06155637   
1165.76100944   
1175.15890729   
1162.55406384   
1182.13055505   
1170.01559614   
1191.18771839   
1181.00570654   
1170.71351302   
1169.47859023   
1175.66815809   
1181.80896563   
1186.69850748   
1168.13117170   
1172.13524793   
1174.09143201   
1170.19698823   
1171.07975128   
1187.73005832   
1173.75100320   
1167.27815092   
1166.34092505   
1166.99639391   
1179.52102513   
1182.39161411   
1162.55277757   
1169.53767804   
1168.44086193   
1186.87246043   
1172.25305360   
1167.31200998   
1175.65335916   
1175.48877189   
1185.47854176   
1173.57678972   
1193.37519756   
1181.90205978   
1184.33205974   
1187.51217838   
1176.92403924   
1166.36218928   
1162.51898284   
1163.59413112   
1170.85815253   
1180.04222749   
1178.71282372   
1212.48773303   
1183.74255381   
1166.24728535   
1180.01739514   
1170.42368622   
1171.25981889   
1184.01630107   
1178.00443905   
1191.23248830   
1176.31648711   
1167.73696007   
1175.21142823   
1175.76077787   
1171.62029115   
1174.98062536   
1171.51272660   
1181.62936172   
1168.18426948   
1182.32246268   
1183.88644144   
1176.47731285   
1175.94900762   
1165.15347666   
1189.71952972   
1174.18312462   
1227.32532789   
1198.18175482   
1190.74040696   
1163.07865707   
1182.24109182   
1168.95821404   
1184.59884789   
1188.07413469   
1179.92320830   
1172.59819019   
1201.41114449   
1162.40036567   
1168.88524659   
1168.77921940   
1170.44244585   
1190.81828600   
1167.58028349   
1180.69670776   
1182.94106754   
1182.72760728   
1166.24189563   
1195.61940072   
1174.38570864   
1166.30221303   
1174.93069438   
1173.96306420   
1181.36275839   
1174.12693943   
1178.23669584   
1169.31247204   
1170.92358578   
1168.53144238   
1190.79574159   
1167.40801929   
1192.92944597   
1186.57057117   
1169.79185223   
1175.41309066   
1172.04309602   
1187.07797266   
1176.94905339   
1180.26506120   
1161.80519795   
1190.16878970   
1168.17772797   
1173.80813963   
1183.72044207   
1178.84996830   
1167.86816000   
1175.97308155   
1175.20430768   
1168.90924626   
1173.40715887   
1188.35730669   
1166.55246070   
1171.26619362   
1169.58429002   
1168.51402721   
1183.20373458   
1180.60196450   
1188.64116625   
1172.99250949   
1180.97241943   
1179.64955248   
1174.92187329   
1173.64836761   
1173.85599749   
1180.09017437   
1175.65334269   
1177.96366152   
1170.44303772   
1196.05368049   
1169.43618535   
1172.75272924   
1175.49586946   
1180.70555849   
1173.14489276   
1167.26668155   
1170.00638052   
1177.87630056   
1164.56258767   
1176.13938181   
1205.83639838   
1177.10970025   
1164.86538810   
1168.48890939   
1178.35345029   
1180.29458575   
1191.92416984   
1194.17038423   
1179.99340964   
1181.15019963   
1216.77492120   
1188.20017797   
1171.45384483   
1164.22960172   
1191.96691734   
1189.09514404   
1196.24404355   
1193.98643067   
1177.43921313   
1176.18656395   
1173.20237269   
1175.25048509   
1191.17776590   
1181.73532633   
1171.40116479   
1173.71187552   
1199.87141376   
1171.84072347   
1205.04236743   
1195.78700114   
1164.52500708   
1213.37632833   
1183.67850108   
1179.54152137   
1169.39054558   
1187.62991206   
1183.07339821   
1181.05198964   
1179.38867638   
1182.56770737   
1177.58141310   
1194.28775323   
1175.00704424   
1170.28891535   
1174.70083717   
1172.35056836   
1166.75047673   
1167.57990847   
1168.97317529   
1180.76820585   
1188.31369200   
1184.19223941   
1172.14678086   
1182.59509138   
1192.49388247   
1185.20113796   
1214.37992907   
1185.14199615   
1178.31419636   
1171.68115480   
1175.86174363   
1181.23884844   
1185.01117241   
1181.21695570   
1173.92522975   
1199.35746503   
1173.99144050   
1196.87768237   
1216.93954450   
1170.62711121   
1190.31998446   
1185.27954606   
1199.00597868   
1196.61272177   
1189.65852512   
1189.73958381   
1178.84558243   
1178.61291519   
1208.86496804   
1178.04106120   
1171.33760275   
1196.34553944   
1181.06215327   
1184.73617183   
1195.01203336   
1193.23524634   
1173.00521677   
1203.20289208   
1193.22283383   
1170.21630336   
1186.22740738   
1182.92584428   
1188.12996234   
1205.41789394   
1177.13988475   
1182.03586997   
1180.95276198   
1183.26544049   
1164.87824622   
1165.20352880   
1174.82673416   
1180.67005816   
1177.11706033   
1170.82566532   
1177.38043082   
1167.09635336   
1180.84502196   
1172.83670300   
1182.62837153   
1175.50396101   
1170.40383811   
1173.30688510   
1196.61247360   
1180.55844568   
1190.14618225   
1169.79624946   
1170.37909178   
1194.27082561   
1174.84815012   
1178.70512606   
1180.54981177   
1176.95675016   
1188.82528255   
1193.35097342   
1202.04227397   
1173.59975388   
1180.07294018   
1204.37384201   
1176.98968139   
1168.98942007   
1175.69073533   
1174.07299143   
1200.10003789   
1188.74873845   
1186.44727008   
1174.37616409   
1175.88287797   
1185.43721946   
1176.40276211   
1182.89112627   
1186.04205791   
1177.02916463   
1191.09381514   
1177.93376533   
1175.33198790   
1172.80191865   
1194.08834037   
1189.20008613   
1180.42200075   
1204.26529719   
1171.91782057   
1180.98893212   
1167.56527337   
1179.94694875   
1171.99031122   
1179.10371197   
1176.39881317   
1172.92517573   
1169.74252531   
1203.56568838   
1201.70309162   
1196.70634503   
1169.37882181   
1169.74482064   
1177.18550816   
1190.35537441   
1169.22742428   
1176.30414642   
1191.59130840   
1173.34474004   
1170.30185966   
1205.91346734   
1178.56482926   
1180.82100196   
1164.48105216   
1176.59448823   
1168.49680550   
1184.21405270   
1189.90999780   
1169.18374411   
1180.69255326   
1195.44957482   
1174.34856243   
1173.29607712   
1170.57403469   
1206.45963023   
1178.73179395   
1178.44605627   
1181.40175979   
1172.18683969   
1190.45959098   
1183.47784909   
1177.62147448   
1170.00495390   
1163.78650930   
1165.34925561   
1173.20097283   
1186.00447388   
1176.14685823   
1200.41517063   
1181.82470757   
1170.35656691   
1198.71095931   
1194.01140881   
1171.22978471   
1175.61421149   
1176.28741963   
1166.31564818   
1168.66616074   
1182.80628697   
1173.01661503   
1184.05373094   
1179.29619053   
1189.45632079   
1177.13284873   
1178.06530489   
1181.48196867   
1186.61091593   
1174.64349513   
1167.34489102   
1177.61699546   
1202.18487262   
1181.96346153   
1175.26290328   
1212.45345893   
1163.82104159   
1175.03911878   
1178.65809805   
1180.20307414   
1172.88781410   
1163.70356204   
1164.45985885   
1182.90685459   
1180.38345949   
1168.71959928   
1179.35753478   
1183.94305044   
1186.39689759   
1170.90663224   
1187.27983740   
1179.21576962   
1177.01457450   
1193.24972545   
1172.88358392   
1192.04668650   
1179.01032608   
1188.08263356   
1168.42689744   
1166.27242033   
1166.24082168   
1178.23431726   
1170.95067643   
1199.40845577   
1194.20251991   
1183.38777677   
1183.30702798   
1189.88266625   
1180.39745354   
1172.75105250   
1191.92283253   
1206.07883168   
1172.54671520   
1195.07789588   
1182.95916934   
1190.92016738   
1166.94303256   
1209.76576986   
1176.00244512   
1175.23244777   
1168.45360397   
1186.77061665   
1168.92617380   
1168.60620756   
1204.51053146   
1182.17602233   
1188.20379017   
1166.49713831   
1179.92958969   
1181.91249403   
1168.01928362   
1182.40431589   
1188.24403540   
1199.16368110   
1187.28398915   
1222.47962759   
1174.68662250   
1176.97099784   
1186.61538412   
1161.52889284   
1191.84981642   
1168.29657389   
1161.87407440   
1181.13975743   
1175.82719216   
1174.77830242   
1182.70950714   
1172.47468873   
1175.41268529   
1173.37984729   
1176.32968723   
1187.99817203   
1172.87940856   
1195.95198112   
1171.06498421   
1179.18555168   
1170.41848146   
1177.59122589   
1167.26393093   
1176.90604552   
1170.76530121   
1185.67257138   
1179.48917587   
1202.09457824   
1182.82098392   
1170.31816735   
1167.81877300   
1176.44239977   
1172.14168820   
1176.50464338   
1168.75446083   
1175.50571363   
1162.65661648   
1196.66117111   
1169.75827410   
1171.44680914   
1182.44350131   
1178.30896246   
1175.86832993   
1200.38262987   
1169.53773726   
1186.59900212   
1172.65080345   
1172.45434289   
1173.20388561   
1177.39962274   
1183.08469036   
1162.58861882   
1232.14174962   
1183.52758819   
1172.32194607   
1179.55461003   
1172.50045246   
1170.29087489   
1180.28613971   
1182.84127352   
1173.92550681   
1169.83555841   
1185.59868630   
1174.08544240   
1172.55225539   
1173.07646576   
1182.94930635   
1182.07776870   
1174.50329638   
1181.88080179   
1177.00733986   
1179.33505754   
1170.86538437   
1180.79048525   
1169.50246473   
1166.32958340   
1166.97025654   
1161.72125597   
1178.93524145   
1186.67336103   
1172.91384936   
1161.57430472   
1176.34662349   
1177.61520347   
1171.76159849   
1183.28088820   
1179.19378170   
1185.07938661   
1173.17889453   
1188.18874197   
1171.08937680   
1176.98942853   
1190.32565734   
1173.80236662   
1171.58673455   
1172.85654702   
1177.40180749   
1166.70730677   
1172.83897686   
1173.73649661   
1177.28296639   
1176.31686515   
1177.48443260   
1201.28098530   
1178.33031304   
1184.10394275   
1170.20556472   
1171.73301026   
1180.92914253   
1170.48015927   
1176.95303540   
1175.23703605   
1170.05274042   
1180.84675938   
1167.65128103   
1183.06014985   
1167.00332403   
1169.20990975   
1184.97202608   
1213.04480268   
1177.21374155   
1176.66184881   
1174.69776217   
