1930.15352899   
1858.66843869   
1763.70756374   
1470.48106944   
1441.92903089   
1395.58077260   
1319.37069571   
1302.58522225   
1280.92517313   
1246.58501490   
1220.83642370   
1206.93183228   
1207.36859453   
1214.21181373   
1214.19056908   
1206.40223353   
1204.93966033   
1200.31855515   
1197.45805871   
1199.20912970   
1201.64708588   
1200.75221210   
1197.95310559   
1195.20287581   
1186.00740985   
1186.23409960   
1177.46309109   
1178.22657350   
1175.32394928   
1170.53810592   
1169.70762250   
1170.14561712   
1169.85914478   
1167.65293034   
1173.16300437   
1168.74418227   
1160.85406125   
1164.95866117   
1165.27141204   
1165.89281514   
1162.89462446   
1160.49989596   
1163.28980415   
1163.33579724   
1161.30890675   
1161.47895564   
1162.57052606   
1162.47218501   
1167.55239728   
1169.15733698   
1164.58850182   
1167.91178949   
1170.42959155   
1171.03878834   
1173.54694265   
1177.73203870   
1171.22847922   
1170.01966913   
1167.75929377   
1166.96666349   
1162.66800712   
1161.68868792   
1165.84142455   
1167.57300499   
1171.32405741   
1176.40579785   
1174.80455912   
1172.40480751   
1171.30170430   
1172.90074197   
1174.88722549   
1175.10431789   
1176.44500479   
1167.31818312   
1167.03915132   
1164.57917836   
1164.77925633   
1165.66158850   
1160.72790795   
1162.37673642   
1165.40539711   
1170.09371033   
1176.51026107   
1167.76738443   
1165.59886202   
1165.49911796   
1164.78308082   
1165.45534937   
1164.20560838   
1169.83166185   
1170.72063796   
1171.58459155   
1169.13263079   
1167.75926673   
1164.61255964   
1169.29089326   
1166.42786901   
1164.92179316   
1167.34508943   
1166.40297031   
1165.25588148   
1163.04757652   
1165.54358395   
1165.16747623   
1164.91905440   
1165.21253960   
1165.37362651   
1163.74567828   
1162.65310104   
1163.63207096   
1163.93539867   
1165.11083855   
1162.97577458   
1165.58528278   
1162.78035676   
1163.09793846   
1162.30460288   
1161.57722815   
1160.94636173   
1168.49781180   
1168.95308687   
1168.56505230   
1168.94487903   
1167.79304453   
1171.87070541   
1175.17845710   
1172.77847923   
1168.92482328   
1170.30715935   
1166.35502965   
1166.82729799   
1166.44596066   
1167.47656153   
1168.38752268   
1169.96323533   
1166.52564591   
1167.96301580   
1170.04781486   
1167.22076679   
1174.45728333   
1173.32733521   
1174.35704291   
1176.03510752   
1175.46908269   
1183.18938296   
1177.43884841   
1173.45603495   
1170.41835732   
1168.83298865   
1164.44146288   
1165.26201466   
1164.78984096   
1163.97363428   
1165.43552887   
1163.11726204   
1159.78655291   
1160.20998854   
1162.44632732   
1163.45285671   
1163.74269270   
1164.81628464   
