6.65000000   -0.92200000   -0.03000000   -0.26900000   0.99500000   0.06200000   -0.07300000   25.61294908   99.95099955   4.50541292   -0.04579015   
6.65000000   -0.92200000   -0.03000000   -0.26900000   0.99500000   0.06200000   -0.07300000   25.61585866   99.92805171   5.62351895   -0.06397624   
6.65000000   -0.92200000   -0.03000000   -0.26900000   0.99500000   0.06200000   -0.07300000   25.62254584   99.91798485   5.37117030   0.08403902   
6.65000000   -0.92200000   -0.03000000   -0.26900000   0.99500000   0.06200000   -0.07300000   25.64711836   99.87414822   4.03711301   0.19905201   
6.65000000   -0.92200000   -0.03000000   -0.26900000   0.99500000   0.06200000   -0.07300000   25.61665000   99.85189247   3.53950136   0.25863991   
6.65000000   -0.92200000   -0.03000000   -0.26900000   0.99500000   0.06200000   -0.07300000   25.61484904   99.83753585   3.23423623   0.31943301   
6.65000000   -0.92200000   -0.03000000   -0.26900000   0.99500000   0.06200000   -0.07300000   25.64045999   99.81236115   3.60874656   0.26965569   
6.65000000   -0.92200000   -0.03000000   -0.26900000   0.99500000   0.06200000   -0.07300000   25.65534530   99.81954981   3.69012884   0.38453683   
6.65000000   -0.92200000   -0.03000000   -0.26900000   0.99500000   0.06200000   -0.07300000   25.65633711   99.80449753   3.56238495   0.28106295   
6.65000000   -0.92200000   -0.03000000   -0.26900000   0.99500000   0.06200000   -0.07300000   25.67336919   99.75968032   4.44118123   0.29714266   
6.65000000   -0.92200000   -0.03000000   -0.26900000   0.99500000   0.06200000   -0.07300000   25.69607507   99.74034465   4.57000406   0.22966284   
6.65000000   -0.92200000   -0.03000000   -0.26900000   0.99500000   0.06200000   -0.07300000   25.71792478   99.74252136   4.02434986   0.23825386   
6.65000000   -0.92200000   -0.03000000   -0.26900000   0.99500000   0.06200000   -0.07300000   25.74111180   99.76963306   3.56695480   0.17592475   
6.65000000   -0.92200000   -0.03000000   -0.26900000   0.99500000   0.06200000   -0.07300000   25.73044235   99.76728693   3.81370589   0.34439742   
6.65000000   -0.92200000   -0.03000000   -0.26900000   0.99500000   0.06200000   -0.07300000   25.72664308   99.75254482   4.46076177   0.20324651   
6.65000000   -0.92200000   -0.03000000   -0.26900000   0.99500000   0.06200000   -0.07300000   25.72832737   99.74019247   4.30693080   0.06841152   
6.65000000   -0.92200000   -0.03000000   -0.26900000   0.99500000   0.06200000   -0.07300000   25.71233640   99.74098997   3.91863637   0.05094566   
6.65000000   -0.92200000   -0.03000000   -0.26900000   0.99500000   0.06200000   -0.07300000   25.71864843   99.73204946   3.58296983   0.06264107   
6.65000000   -0.92200000   -0.03000000   -0.26900000   0.99500000   0.06200000   -0.07300000   25.73063324   99.74943322   3.43173754   0.08343400   
6.65000000   -0.92200000   -0.03000000   -0.26900000   0.99500000   0.06200000   -0.07300000   25.72439429   99.74324273   3.46754305   0.17044383   
6.65000000   -0.92200000   -0.03000000   -0.26900000   0.99500000   0.06200000   -0.07300000   25.72044028   99.76387920   3.59771367   0.06850376   
6.65000000   -0.92200000   -0.03000000   -0.26900000   0.99500000   0.06200000   -0.07300000   25.73862139   99.75169344   3.46862001   0.21740844   
6.65000000   -0.92200000   -0.03000000   -0.26900000   0.99500000   0.06200000   -0.07300000   25.72568345   99.74399101   3.52656685   0.12946637   
6.65000000   -0.92200000   -0.03000000   -0.26900000   0.99500000   0.06200000   -0.07300000   25.71362016   99.74307215   3.60818344   0.00667701   
6.65000000   -0.92200000   -0.03000000   -0.26900000   0.99500000   0.06200000   -0.07300000   25.73040914   99.75837677   2.61913842   -0.01253999   
6.65000000   -0.92200000   -0.03000000   -0.26900000   0.99500000   0.06200000   -0.07300000   25.75490986   99.74990288   2.05357393   -0.07023364   
6.65000000   -0.92200000   -0.03000000   -0.26900000   0.99500000   0.06200000   -0.07300000   25.73183783   99.75885940   1.88450988   -0.19173932   
6.65000000   -0.92200000   -0.03000000   -0.26900000   0.99500000   0.06200000   -0.07300000   25.74228312   99.76319035   1.62424861   -0.08283624   
6.65000000   -0.92200000   -0.03000000   -0.26900000   0.99500000   0.06200000   -0.07300000   25.73880832   99.76033297   1.48628102   -0.15401687   
6.65000000   -0.92200000   -0.03000000   -0.26900000   0.99500000   0.06200000   -0.07300000   25.74468712   99.75730866   1.02099641   -0.20541817   
6.65000000   -0.92200000   -0.03000000   -0.26900000   0.99500000   0.06200000   -0.07300000   25.72424580   99.75464726   1.37424780   -0.28560916   
6.65000000   -0.92200000   -0.03000000   -0.26900000   0.99500000   0.06200000   -0.07300000   25.72486624   99.75496458   1.56307367   -0.21972065   
6.65000000   -0.92200000   -0.03000000   -0.26900000   0.99500000   0.06200000   -0.07300000   25.73434709   99.74866235   1.38865072   -0.32618366   
6.65000000   -0.92200000   -0.03000000   -0.26900000   0.99500000   0.06200000   -0.07300000   25.72883468   99.74346587   1.53384420   -0.27363189   
6.65000000   -0.92200000   -0.03000000   -0.26900000   0.99500000   0.06200000   -0.07300000   25.70207850   99.73624000   1.44376516   -0.36711926   
6.65000000   -0.92200000   -0.03000000   -0.26900000   0.99500000   0.06200000   -0.07300000   25.72024964   99.75091542   1.38474695   -0.33179606   
6.65000000   -0.92200000   -0.03000000   -0.26900000   0.99500000   0.06200000   -0.07300000   25.73826087   99.74149793   1.10154584   -0.48062241   
6.65000000   -0.92200000   -0.03000000   -0.26900000   0.99500000   0.06200000   -0.07300000   25.74498507   99.73459908   1.07490361   -0.39307239   
6.65000000   -0.92200000   -0.03000000   -0.26900000   0.99500000   0.06200000   -0.07300000   25.72111917   99.72499505   1.08662339   -0.43251747   
6.65000000   -0.92200000   -0.03000000   -0.26900000   0.99500000   0.06200000   -0.07300000   25.71722290   99.76325428   1.21513466   -0.40032907   
6.65000000   -0.92200000   -0.03000000   -0.26900000   0.99500000   0.06200000   -0.07300000   25.72228726   99.74917561   1.04362872   -0.44504261   
6.65000000   -0.92200000   -0.03000000   -0.26900000   0.99500000   0.06200000   -0.07300000   25.73785741   99.74715201   1.11899366   -0.51300110   
6.65000000   -0.92200000   -0.03000000   -0.26900000   0.99500000   0.06200000   -0.07300000   25.73289715   99.75228817   1.00831870   -0.56947475   
6.65000000   -0.92200000   -0.03000000   -0.26900000   0.99500000   0.06200000   -0.07300000   25.73023396   99.75308804   1.06321264   -0.56324447   
6.65000000   -0.92200000   -0.03000000   -0.26900000   0.99500000   0.06200000   -0.07300000   25.73119603   99.73058510   1.14374944   -0.59596715   
6.65000000   -0.92200000   -0.03000000   -0.26900000   0.99500000   0.06200000   -0.07300000   25.72786112   99.73604465   1.21584675   -0.58408449   
6.65000000   -0.92200000   -0.03000000   -0.26900000   0.99500000   0.06200000   -0.07300000   25.72543726   99.73510779   1.15247801   -0.60807817   
6.65000000   -0.92200000   -0.03000000   -0.26900000   0.99500000   0.06200000   -0.07300000   25.71924116   99.74620207   1.14243460   -0.52600588   
6.65000000   -0.92200000   -0.03000000   -0.26900000   0.99500000   0.06200000   -0.07300000   25.72815376   99.76232439   1.12864216   -0.36966840   
6.65000000   -0.92200000   -0.03000000   -0.26900000   0.99500000   0.06200000   -0.07300000   25.73558451   99.75165855   1.67269959   -0.38010827   
6.65000000   -0.92200000   -0.03000000   -0.26900000   0.99500000   0.06200000   -0.07300000   25.73770051   99.74154717   1.54872926   -0.44967822   
6.65000000   -0.92200000   -0.03000000   -0.26900000   0.99500000   0.06200000   -0.07300000   25.72437108   99.72482335   1.16395725   -0.34128053   
6.65000000   -0.92200000   -0.03000000   -0.26900000   0.99500000   0.06200000   -0.07300000   25.70787743   99.76824959   1.05511913   -0.30125470   
6.65000000   -0.92200000   -0.03000000   -0.26900000   0.99500000   0.06200000   -0.07300000   25.70839287   99.74689241   1.58960087   -0.24673705   
6.65000000   -0.92200000   -0.03000000   -0.26900000   0.99500000   0.06200000   -0.07300000   25.71518808   99.75640799   1.62608811   -0.23752390   
6.65000000   -0.92200000   -0.03000000   -0.26900000   0.99500000   0.06200000   -0.07300000   25.75224362   99.75699827   1.56512279   -0.23107290   
6.65000000   -0.92200000   -0.03000000   -0.26900000   0.99500000   0.06200000   -0.07300000   25.72997315   99.72780172   1.54221536   -0.29772360   
6.65000000   -0.92200000   -0.03000000   -0.26900000   0.99500000   0.06200000   -0.07300000   25.72108891   99.72481791   1.62241072   -0.39015954   
6.65000000   -0.92200000   -0.03000000   -0.26900000   0.99500000   0.06200000   -0.07300000   25.72765553   99.72793313   1.18803187   -0.33898304   
6.65000000   -0.92200000   -0.03000000   -0.26900000   0.99500000   0.06200000   -0.07300000   25.71824203   99.74019550   1.32514850   -0.51061984   
6.65000000   -0.92200000   -0.03000000   -0.26900000   0.99500000   0.06200000   -0.07300000   25.73941235   99.73527545   1.07566393   -0.55455525   
6.65000000   -0.92200000   -0.03000000   -0.26900000   0.99500000   0.06200000   -0.07300000   25.73022312   99.74455832   1.24504100   -0.47160764   
6.65000000   -0.92200000   -0.03000000   -0.26900000   0.99500000   0.06200000   -0.07300000   25.70610787   99.73980158   1.21110985   -0.38844438   
6.65000000   -0.92200000   -0.03000000   -0.26900000   0.99500000   0.06200000   -0.07300000   25.72731447   99.74526689   1.68586122   -0.37834759   
6.65000000   -0.92200000   -0.03000000   -0.26900000   0.99500000   0.06200000   -0.07300000   25.70800914   99.73886234   1.54236835   -0.49042563   
6.65000000   -0.92200000   -0.03000000   -0.26900000   0.99500000   0.06200000   -0.07300000   25.70054594   99.72340182   1.23509661   -0.44214605   
6.65000000   -0.92200000   -0.03000000   -0.26900000   0.99500000   0.06200000   -0.07300000   25.71766678   99.72645993   1.68669910   -0.68740064   
6.65000000   -0.92200000   -0.03000000   -0.26900000   0.99500000   0.06200000   -0.07300000   25.71908383   99.70839505   1.18671143   -0.81092239   
6.65000000   -0.92200000   -0.03000000   -0.26900000   0.99500000   0.06200000   -0.07300000   25.73015547   99.71693245   1.56248470   -0.68490677   
6.65000000   -0.92200000   -0.03000000   -0.26900000   0.99500000   0.06200000   -0.07300000   25.73058159   99.73568186   1.71704403   -0.86065085   
6.65000000   -0.92200000   -0.03000000   -0.26900000   0.99500000   0.06200000   -0.07300000   25.74334130   99.73459955   1.57227502   -0.79929692   
6.65000000   -0.92200000   -0.03000000   -0.26900000   0.99500000   0.06200000   -0.07300000   25.74643518   99.72141316   1.60774814   -0.86457319   
6.65000000   -0.92200000   -0.03000000   -0.26900000   0.99500000   0.06200000   -0.07300000   25.73157677   99.72752507   1.53135616   -0.92410157   
6.65000000   -0.92200000   -0.03000000   -0.26900000   0.99500000   0.06200000   -0.07300000   25.74126208   99.72444362   1.14556135   -0.86256014   
6.65000000   -0.92200000   -0.03000000   -0.26900000   0.99500000   0.06200000   -0.07300000   25.73472581   99.71510423   1.00712335   -0.70955076   
6.65000000   -0.92200000   -0.03000000   -0.26900000   0.99500000   0.06200000   -0.07300000   25.74293768   99.72665876   1.14862086   -0.55446404   
6.65000000   -0.92200000   -0.03000000   -0.26900000   0.99500000   0.06200000   -0.07300000   25.74190408   99.74235876   1.14480300   -0.73896702   
6.65000000   -0.92200000   -0.03000000   -0.26900000   0.99500000   0.06200000   -0.07300000   25.73270010   99.75269198   1.22351873   -0.62952673   
6.65000000   -0.92200000   -0.03000000   -0.26900000   0.99500000   0.06200000   -0.07300000   25.73859789   99.73645032   1.07519506   -0.55778603   
6.65000000   -0.92200000   -0.03000000   -0.26900000   0.99500000   0.06200000   -0.07300000   25.73368075   99.72189655   1.04232419   -0.63108910   
6.65000000   -0.92200000   -0.03000000   -0.26900000   0.99500000   0.06200000   -0.07300000   25.75305601   99.73148162   1.02125086   -0.68152167   
6.65000000   -0.92200000   -0.03000000   -0.26900000   0.99500000   0.06200000   -0.07300000   25.74413992   99.73556461   1.58742076   -0.58471464   
6.65000000   -0.92200000   -0.03000000   -0.26900000   0.99500000   0.06200000   -0.07300000   25.75134170   99.73423592   2.12297544   -0.54988395   
6.65000000   -0.92200000   -0.03000000   -0.26900000   0.99500000   0.06200000   -0.07300000   25.73236424   99.73659627   1.74581433   -0.55309384   
6.65000000   -0.92200000   -0.03000000   -0.26900000   0.99500000   0.06200000   -0.07300000   25.74412526   99.73494085   1.06786159   -0.60764605   
6.65000000   -0.92200000   -0.03000000   -0.26900000   0.99500000   0.06200000   -0.07300000   25.74842484   99.74184421   1.11851962   -0.81083734   
6.65000000   -0.92200000   -0.03000000   -0.26900000   0.99500000   0.06200000   -0.07300000   25.74733387   99.73929302   1.01658142   -0.65800521   
6.65000000   -0.92200000   -0.03000000   -0.26900000   0.99500000   0.06200000   -0.07300000   25.73025788   99.71883608   1.01144441   -0.63746096   
6.65000000   -0.92200000   -0.03000000   -0.26900000   0.99500000   0.06200000   -0.07300000   25.73819886   99.72575238   1.19333992   -0.63270372   
6.65000000   -0.92200000   -0.03000000   -0.26900000   0.99500000   0.06200000   -0.07300000   25.74324568   99.74931921   1.34800005   -0.51505449   
6.65000000   -0.92200000   -0.03000000   -0.26900000   0.99500000   0.06200000   -0.07300000   25.74405315   99.74013178   1.55761057   -0.41893810   
6.65000000   -0.92200000   -0.03000000   -0.26900000   0.99500000   0.06200000   -0.07300000   25.71107831   99.72521632   1.50546756   -0.45510566   
6.65000000   -0.92200000   -0.03000000   -0.26900000   0.99500000   0.06200000   -0.07300000   25.71438851   99.72858145   1.07866184   -0.36532285   
6.65000000   -0.92200000   -0.03000000   -0.26900000   0.99500000   0.06200000   -0.07300000   25.70460125   99.75121255   1.01440719   -0.38898429   
6.65000000   -0.92200000   -0.03000000   -0.26900000   0.99500000   0.06200000   -0.07300000   25.72817186   99.74985689   1.03256354   -0.53580197   
6.65000000   -0.92200000   -0.03000000   -0.26900000   0.99500000   0.06200000   -0.07300000   25.73084398   99.77108943   1.00525022   -0.45100366   
6.65000000   -0.92200000   -0.03000000   -0.26900000   0.99500000   0.06200000   -0.07300000   25.71225853   99.75811677   1.14504017   -0.47555999   
6.65000000   -0.92200000   -0.03000000   -0.26900000   0.99500000   0.06200000   -0.07300000   25.71382232   99.74689194   1.19483723   -0.58080723   
6.65000000   -0.92200000   -0.03000000   -0.26900000   0.99500000   0.06200000   -0.07300000   25.72097575   99.71347562   1.02099955   -0.62037272   
6.65000000   -0.92200000   -0.03000000   -0.26900000   0.99500000   0.06200000   -0.07300000   25.71779327   99.71754773   1.10815082   -0.53771726   
6.65000000   -0.92200000   -0.03000000   -0.26900000   0.99500000   0.06200000   -0.07300000   25.72146972   99.72802263   1.23277501   -0.53508015   
6.65000000   -0.92200000   -0.03000000   -0.26900000   0.99500000   0.06200000   -0.07300000   25.72857630   99.73663344   1.22581060   -0.47130812   
6.65000000   -0.92200000   -0.03000000   -0.26900000   0.99500000   0.06200000   -0.07300000   25.73887864   99.72371917   1.24612501   -0.48640076   
6.65000000   -0.92200000   -0.03000000   -0.26900000   0.99500000   0.06200000   -0.07300000   25.74538927   99.72471935   1.10483248   -0.57885384   
6.65000000   -0.92200000   -0.03000000   -0.26900000   0.99500000   0.06200000   -0.07300000   25.72228867   99.73364218   1.14826406   -0.70517988   
6.65000000   -0.92200000   -0.03000000   -0.26900000   0.99500000   0.06200000   -0.07300000   25.71470864   99.74531899   1.12727718   -0.57523047   
6.65000000   -0.92200000   -0.03000000   -0.26900000   0.99500000   0.06200000   -0.07300000   25.70961750   99.75087132   1.00965158   -0.44913031   
6.65000000   -0.92200000   -0.03000000   -0.26900000   0.99500000   0.06200000   -0.07300000   25.74039925   99.74265570   1.20938830   -0.57022465   
6.65000000   -0.92200000   -0.03000000   -0.26900000   0.99500000   0.06200000   -0.07300000   25.71525547   99.72728190   1.08385970   -0.48944520   
6.65000000   -0.92200000   -0.03000000   -0.26900000   0.99500000   0.06200000   -0.07300000   25.73459710   99.73439758   1.08405360   -0.55760377   
6.65000000   -0.92200000   -0.03000000   -0.26900000   0.99500000   0.06200000   -0.07300000   25.73370674   99.75223403   1.00848615   -0.49453891   
6.65000000   -0.92200000   -0.03000000   -0.26900000   0.99500000   0.06200000   -0.07300000   25.74086108   99.74813509   1.18670391   -0.57717264   
6.65000000   -0.92200000   -0.03000000   -0.26900000   0.99500000   0.06200000   -0.07300000   25.73645131   99.73553476   1.01346785   -0.68139940   
6.65000000   -0.92200000   -0.03000000   -0.26900000   0.99500000   0.06200000   -0.07300000   25.71999870   99.75806476   1.22603716   -0.46656580   
6.65000000   -0.92200000   -0.03000000   -0.26900000   0.99500000   0.06200000   -0.07300000   25.71913428   99.74734329   1.06793718   -0.50259674   
6.65000000   -0.92200000   -0.03000000   -0.26900000   0.99500000   0.06200000   -0.07300000   25.73893092   99.74819317   1.24054917   -0.50653657   
6.65000000   -0.92200000   -0.03000000   -0.26900000   0.99500000   0.06200000   -0.07300000   25.73738501   99.75239405   1.13873910   -0.41567186   
6.65000000   -0.92200000   -0.03000000   -0.26900000   0.99500000   0.06200000   -0.07300000   25.73660253   99.74124487   1.05963523   -0.55523771   
6.65000000   -0.92200000   -0.03000000   -0.26900000   0.99500000   0.06200000   -0.07300000   25.73705666   99.73140394   1.20351859   -0.58874717   
6.65000000   -0.92200000   -0.03000000   -0.26900000   0.99500000   0.06200000   -0.07300000   25.72872679   99.72968349   1.46598929   -0.63608816   
6.65000000   -0.92200000   -0.03000000   -0.26900000   0.99500000   0.06200000   -0.07300000   25.72113932   99.73685349   1.53234599   -0.56642328   
6.65000000   -0.92200000   -0.03000000   -0.26900000   0.99500000   0.06200000   -0.07300000   25.73391095   99.72184318   1.59685533   -0.52189787   
6.65000000   -0.92200000   -0.03000000   -0.26900000   0.99500000   0.06200000   -0.07300000   25.73490916   99.72614262   1.64831290   -0.57147253   
6.65000000   -0.92200000   -0.03000000   -0.26900000   0.99500000   0.06200000   -0.07300000   25.72355447   99.72980698   1.46539913   -0.45761406   
6.65000000   -0.92200000   -0.03000000   -0.26900000   0.99500000   0.06200000   -0.07300000   25.72048799   99.72333968   1.27024702   -0.64214787   
6.65000000   -0.92200000   -0.03000000   -0.26900000   0.99500000   0.06200000   -0.07300000   25.74499667   99.70785354   1.25222106   -0.69311373   
6.65000000   -0.92200000   -0.03000000   -0.26900000   0.99500000   0.06200000   -0.07300000   25.72549296   99.72170561   1.42100300   -0.85404567   
6.65000000   -0.92200000   -0.03000000   -0.26900000   0.99500000   0.06200000   -0.07300000   25.74693300   99.74171142   1.21652130   -0.81847346   
6.65000000   -0.92200000   -0.03000000   -0.26900000   0.99500000   0.06200000   -0.07300000   25.73966154   99.72546872   1.30381830   -0.75873363   
6.65000000   -0.92200000   -0.03000000   -0.26900000   0.99500000   0.06200000   -0.07300000   25.71504397   99.73153789   1.23712236   -0.73930678   
6.65000000   -0.92200000   -0.03000000   -0.26900000   0.99500000   0.06200000   -0.07300000   25.72544508   99.71583504   1.05804984   -0.51888729   
6.65000000   -0.92200000   -0.03000000   -0.26900000   0.99500000   0.06200000   -0.07300000   25.73229699   99.75105493   1.31577129   -0.34329174   
6.65000000   -0.92200000   -0.03000000   -0.26900000   0.99500000   0.06200000   -0.07300000   25.72349530   99.76373139   1.02532165   -0.43964987   
6.65000000   -0.92200000   -0.03000000   -0.26900000   0.99500000   0.06200000   -0.07300000   25.72827248   99.74700215   1.25064599   -0.35421472   
6.65000000   -0.92200000   -0.03000000   -0.26900000   0.99500000   0.06200000   -0.07300000   25.73284118   99.75277342   1.51339960   -0.47249462   
6.65000000   -0.92200000   -0.03000000   -0.26900000   0.99500000   0.06200000   -0.07300000   25.71500673   99.74368680   1.29772074   -0.38786693   
6.65000000   -0.92200000   -0.03000000   -0.26900000   0.99500000   0.06200000   -0.07300000   25.71992892   99.74530082   1.62199397   -0.26525781   
6.65000000   -0.92200000   -0.03000000   -0.26900000   0.99500000   0.06200000   -0.07300000   25.71873809   99.73799259   1.19410612   -0.13306513   
6.65000000   -0.92200000   -0.03000000   -0.26900000   0.99500000   0.06200000   -0.07300000   25.72111421   99.74339990   1.10520235   -0.24912659   
6.65000000   -0.92200000   -0.03000000   -0.26900000   0.99500000   0.06200000   -0.07300000   25.73120633   99.73052918   1.60256527   -0.16389413   
6.65000000   -0.92200000   -0.03000000   -0.26900000   0.99500000   0.06200000   -0.07300000   25.71453691   99.75652626   1.46017066   -0.26421931   
6.65000000   -0.92200000   -0.03000000   -0.26900000   0.99500000   0.06200000   -0.07300000   25.71948260   99.76192620   1.53692841   -0.10049602   
6.65000000   -0.92200000   -0.03000000   -0.26900000   0.99500000   0.06200000   -0.07300000   25.72801112   99.74944643   1.75015354   -0.09964822   
6.65000000   -0.92200000   -0.03000000   -0.26900000   0.99500000   0.06200000   -0.07300000   25.71469037   99.76359455   1.39282944   0.00324950   
6.65000000   -0.92200000   -0.03000000   -0.26900000   0.99500000   0.06200000   -0.07300000   25.73309048   99.76812256   2.18198913   -0.03341854   
6.65000000   -0.92200000   -0.03000000   -0.26900000   0.99500000   0.06200000   -0.07300000   25.72644831   99.75726828   1.78473330   -0.24279078   
6.65000000   -0.92200000   -0.03000000   -0.26900000   0.99500000   0.06200000   -0.07300000   25.71123697   99.73968593   1.21175792   -0.13206707   
6.65000000   -0.92200000   -0.03000000   -0.26900000   0.99500000   0.06200000   -0.07300000   25.73077177   99.74465803   1.19861996   -0.07982080   
6.65000000   -0.92200000   -0.03000000   -0.26900000   0.99500000   0.06200000   -0.07300000   25.74105785   99.73377523   1.60673070   -0.43081743   
6.65000000   -0.92200000   -0.03000000   -0.26900000   0.99500000   0.06200000   -0.07300000   25.72431322   99.75482468   1.03426673   -0.53428155   
6.65000000   -0.92200000   -0.03000000   -0.26900000   0.99500000   0.06200000   -0.07300000   25.72124768   99.76094934   1.21891254   -0.26257881   
6.65000000   -0.92200000   -0.03000000   -0.26900000   0.99500000   0.06200000   -0.07300000   25.73886073   99.75142797   1.06883587   -0.26468276   
6.65000000   -0.92200000   -0.03000000   -0.26900000   0.99500000   0.06200000   -0.07300000   25.72776877   99.75559632   1.07326318   -0.44363713   
6.65000000   -0.92200000   -0.03000000   -0.26900000   0.99500000   0.06200000   -0.07300000   25.73443937   99.75468672   1.09077071   -0.51654984   
6.65000000   -0.92200000   -0.03000000   -0.26900000   0.99500000   0.06200000   -0.07300000   25.72588575   99.74464472   1.02420920   -0.64489323   
6.65000000   -0.92200000   -0.03000000   -0.26900000   0.99500000   0.06200000   -0.07300000   25.73169785   99.73449052   1.20537458   -0.60918431   
6.65000000   -0.92200000   -0.03000000   -0.26900000   0.99500000   0.06200000   -0.07300000   25.72738527   99.74028187   1.11732788   -0.52747479   
6.65000000   -0.92200000   -0.03000000   -0.26900000   0.99500000   0.06200000   -0.07300000   25.72995061   99.74854994   1.14353953   -0.45907658   
6.65000000   -0.92200000   -0.03000000   -0.26900000   0.99500000   0.06200000   -0.07300000   25.73545509   99.74839886   1.20176965   -0.36028426   
6.65000000   -0.92200000   -0.03000000   -0.26900000   0.99500000   0.06200000   -0.07300000   25.73577040   99.73267487   1.02320611   -0.40907221   
6.65000000   -0.92200000   -0.03000000   -0.26900000   0.99500000   0.06200000   -0.07300000   25.74687917   99.74522650   1.20977693   -0.51545989   
