1930.15352899   
1858.66843869   
1763.70756374   
1470.48106944   
1441.92903089   
1500.97893657   
1395.58077260   
1410.74251767   
1409.45303173   
1430.93074654   
1648.65757544   
1319.37069571   
1370.80262577   
1336.82162712   
1499.97269583   
1302.58522225   
1378.04477841   
1280.92517313   
1246.58501490   
1220.83642370   
1226.30218766   
1231.62688122   
1206.93183228   
1215.25146604   
1211.59575776   
1228.23054829   
1237.51552838   
1207.36859453   
1229.48321645   
1214.21181373   
1214.72776648   
1233.08017151   
1214.19056908   
1215.26529126   
1206.40223353   
1211.98797472   
1217.30507760   
1209.86370134   
1231.73180857   
1215.82404229   
1213.95463003   
1204.93966033   
1212.83480761   
1228.30007573   
1200.31855515   
1230.96808622   
1197.45805871   
1199.20912970   
1201.64708588   
1200.75221210   
1216.05089979   
1214.07527315   
1226.78542355   
1197.95310559   
1214.93460397   
1204.76552821   
1210.02453194   
1195.20287581   
1205.18035101   
1208.39961627   
1210.88587087   
1239.55611351   
1216.25803700   
1186.00740985   
1217.30838550   
1186.23409960   
1177.46309109   
1178.22657350   
1175.32394928   
1170.53810592   
1176.38950352   
1169.70762250   
1177.04356236   
1181.73043896   
1177.46586434   
1176.49834499   
1197.90097277   
1175.98273506   
1183.65067435   
1170.14561712   
1188.20456858   
1177.77745228   
1175.81719087   
1169.85914478   
1182.04721003   
1167.65293034   
1175.68957342   
1173.16300437   
1168.74418227   
1160.85406125   
1162.95751563   
1191.11474923   
1172.57418183   
1164.95866117   
1172.72800167   
1190.51246154   
1180.91117059   
1168.21017925   
1171.23635822   
1169.33386283   
1178.70583546   
1185.26464382   
1166.06923113   
1170.10556014   
1182.23471703   
1174.76965135   
1175.39519033   
1175.72892848   
1186.14168797   
1174.71565057   
1201.39492933   
1177.52321947   
1165.27141204   
1185.53594678   
1181.41588302   
1165.89281514   
1174.27638318   
1162.89462446   
1184.24242909   
1180.91905512   
1185.30351136   
1166.76565318   
1179.46379755   
1196.95810885   
1195.80965250   
1189.93329413   
1175.28319802   
1172.17786218   
1174.61177626   
1165.03325967   
1212.79560980   
1194.37113131   
1178.97000816   
1169.37537316   
1178.75728507   
1160.49989596   
1170.28107793   
1173.79311446   
1170.64101972   
1167.21555825   
1171.59458375   
1183.34556723   
1169.15298002   
1163.28980415   
1169.96406599   
1171.51257883   
1181.05284555   
1163.33579724   
1194.18113925   
1183.01852913   
1178.07678858   
1196.44439412   
1166.54802938   
1199.12658736   
1197.91805566   
1161.30890675   
1169.73139691   
1161.47895564   
1195.34862497   
1177.08733498   
1184.72071019   
1174.53296316   
1175.28923128   
1187.35511194   
1179.77708733   
1206.61418842   
1178.61047226   
1182.54680712   
1198.58717864   
1188.60438710   
1184.87728850   
1169.93706951   
1178.42135421   
1169.60922065   
1193.32203151   
1180.06719214   
1171.92961839   
1176.60485133   
1173.69356533   
1162.57052606   
1174.08156606   
1174.70093023   
1178.99064925   
1174.51313053   
1177.67039838   
1184.35114199   
1182.05594271   
1168.96997175   
1173.62591771   
1169.81325781   
1162.47218501   
1174.74987715   
1167.55239728   
1182.76608632   
1188.99057479   
1178.13610052   
1181.68259215   
1175.36362095   
1185.32482324   
1169.15733698   
1179.24023819   
1182.58423302   
1208.14962032   
1181.52967835   
1184.53268569   
1190.29659863   
1181.29699064   
1178.85314708   
1164.58850182   
1189.69315630   
1166.52811256   
1174.05537766   
1178.92073441   
1183.90605801   
1196.05571768   
1169.93846926   
1189.12988495   
1211.32909370   
1190.83018878   
1168.62393288   
1172.21909086   
1175.31124847   
1185.81735072   
1185.35480042   
1167.78219794   
1187.41553379   
1189.82101978   
1178.91633707   
1177.62685535   
1227.46163218   
1202.39784797   
1181.58532054   
1174.07857972   
1207.53419185   
1192.70654147   
1171.48123133   
1170.90073639   
1167.91178949   
1170.27634663   
1171.91935975   
1176.30246562   
1176.81493611   
1175.08376397   
1196.21263067   
1170.42959155   
1184.20483141   
1187.51728549   
1181.49468461   
1176.02321551   
1182.18120226   
1171.03878834   
1181.11688475   
1190.81726775   
1181.56152584   
1179.41316436   
1184.39119251   
1181.55194513   
1200.29082204   
1180.67285232   
1178.40110118   
1196.78828238   
1173.04611923   
1180.96962863   
1184.90208582   
1185.15163905   
1173.54694265   
1188.32790175   
1178.91020160   
1179.33049973   
1181.66200830   
1186.57828329   
1177.73203870   
1202.90749822   
1184.30568798   
1185.43317413   
1184.53006392   
1205.52203962   
1171.22847922   
1181.40023353   
1178.99078025   
1175.36833259   
1177.29556474   
1184.91847425   
1187.86005655   
1210.79994201   
1170.01966913   
1176.94948600   
1179.34765716   
1186.94582545   
1202.13150749   
1179.53846025   
1177.63685835   
1193.29533522   
1193.17169502   
1167.75929377   
1185.98448506   
1185.01759984   
1194.15688672   
1179.08992964   
1178.74023068   
1194.48287644   
1175.98014409   
1176.75757999   
1170.85671628   
1178.57823881   
1166.96666349   
1195.11263692   
1162.66800712   
1183.64932735   
1169.62985398   
1185.85897777   
1190.59124101   
1177.94682004   
1183.99038253   
1176.95363714   
1169.38716560   
1175.18707619   
1174.25235483   
1183.87338263   
1182.22936854   
1172.80093246   
1171.62428855   
1174.59868836   
1161.68868792   
1168.78387300   
1182.83077817   
1172.99735780   
1174.57141368   
1165.97468559   
1179.01062284   
1169.65902152   
1170.11776198   
1178.72811562   
1173.18458616   
1169.39313404   
1169.37959933   
1166.21073509   
1174.34193855   
1164.77354025   
1176.94785322   
1219.84856164   
1180.45179811   
1170.93642346   
1176.84068769   
1176.49663544   
1167.13301964   
1170.41056715   
1172.46803438   
1170.94610997   
1178.36658523   
1178.15615156   
1170.95685732   
1172.03760767   
1185.28558305   
1174.13507316   
1175.63418052   
1175.56501879   
1177.27674323   
1186.51922819   
1170.52753902   
1183.57716003   
1177.34448979   
1168.21134248   
1175.80151915   
1167.26355143   
1185.95480372   
1172.09375057   
1170.49123023   
1177.88971146   
1174.88261298   
1180.97729337   
1180.11591812   
1170.71719125   
1180.02108504   
1170.94318808   
1171.76438209   
1174.49332435   
1169.82110632   
1175.71928648   
1172.53931119   
1168.96315705   
1188.23464942   
1193.58566164   
1180.02708064   
1186.06112318   
1174.41215781   
1168.82788967   
1184.84480071   
1178.88559822   
1187.23436235   
1185.83767816   
1169.79090526   
1184.88415182   
1177.17293880   
1189.89585780   
1169.83890987   
1173.33967493   
1173.28627687   
1174.85310298   
1181.54754234   
1188.24398050   
1166.87640723   
1172.34826848   
1165.84142455   
1167.04967940   
1190.54302659   
1192.29146736   
1198.94996478   
1176.16494453   
1169.10154368   
1174.22982396   
1185.16613693   
1188.20899763   
1174.70459808   
1167.57300499   
1179.19046795   
1200.34100583   
1175.71289301   
1179.97366528   
1173.82767917   
1179.20118369   
1176.63101484   
1185.59043752   
1211.88078270   
1191.31393616   
1171.32405741   
1176.40579785   
1174.80455912   
1179.91264175   
1180.75389022   
1199.95623846   
1172.40480751   
1171.30170430   
1212.16406327   
1172.90074197   
1230.87348356   
1183.52945888   
1210.05837431   
1191.46738275   
1184.24943322   
1188.06848414   
1182.50775974   
1194.62646283   
1178.45358943   
1206.90397385   
1186.40045153   
1174.88722549   
1192.68743227   
1179.30450135   
1194.16397801   
1177.89902653   
1175.10431789   
1180.86567779   
1179.81101482   
1185.29888750   
1176.44500479   
1167.31818312   
1179.76392292   
1171.78468588   
1175.43416100   
1175.08231528   
1173.43757155   
1180.85999820   
1167.03915132   
1175.40346970   
1186.05369313   
1192.73221004   
1180.91862505   
1184.54758362   
1182.48412887   
1170.65279658   
1172.48335414   
1174.59128931   
1176.79942946   
1183.04581870   
1172.83154250   
1171.03691343   
1169.88545832   
1164.57917836   
1164.77925633   
1184.12422384   
1186.84975201   
1177.71407224   
1170.31877295   
1176.33618176   
1174.37209406   
1179.04158468   
1174.32926832   
1240.71233961   
1168.66506965   
1187.79703626   
1187.87216464   
1183.94239828   
1165.66158850   
1202.70405431   
1160.72790795   
1173.68764241   
1186.65625774   
1188.49586706   
1170.91770893   
1173.78343112   
1178.04883484   
1191.32248185   
1170.13211503   
1178.02316585   
1166.82808962   
1162.37673642   
1207.25992078   
1174.62167673   
1184.25600895   
1197.69757767   
1179.26454518   
1195.78172541   
1170.41673586   
1170.48359945   
1183.34985231   
1175.55174169   
1168.34279449   
1166.45792271   
1165.29855290   
1173.32609338   
1174.04691675   
1174.01609992   
1170.70976000   
1176.13698851   
1170.87527683   
1179.10953312   
1181.70944227   
1178.28660012   
1169.34850627   
1178.14546740   
1175.55222723   
1170.71862290   
1174.14228313   
1178.47765811   
1170.75661328   
1176.99082556   
1184.41146085   
1176.30844413   
1178.14932770   
1189.28997461   
1174.55288786   
1165.40539711   
1169.57418375   
1203.55983575   
1180.89411552   
1181.89415515   
1172.54253183   
1174.66842415   
1185.46034979   
1191.25258161   
1187.13056741   
1207.35099255   
1177.19803615   
1188.30778244   
1176.63187825   
1174.28892793   
1171.31035032   
1175.19124746   
1177.90902951   
1175.79082700   
1171.05877888   
1176.19019298   
1175.00628122   
1174.01606391   
1210.58707970   
1180.23401576   
1176.18142014   
1190.50388089   
1174.34465852   
1170.09371033   
1172.00814285   
1189.78262702   
1183.36521416   
1174.53111678   
1183.06625942   
1180.27801956   
1175.42033447   
1176.51026107   
1184.38132848   
1182.35404623   
1183.69392404   
1186.03763411   
1195.04355405   
1184.14208053   
1197.98613814   
1182.89818541   
1190.22913523   
1181.00421650   
1167.76738443   
1169.71656140   
1174.55889465   
1172.86600049   
1175.34522247   
1207.43678695   
1177.09283903   
1183.34509164   
1181.33434292   
1182.64556736   
1178.41836437   
1165.59886202   
1197.56161556   
1169.27617620   
1168.59336264   
1183.25541593   
1170.21518001   
1178.67688310   
1165.49911796   
1186.37598521   
1207.53898623   
1170.50771552   
1219.17070485   
1174.71174401   
1164.78308082   
1188.97425979   
1184.10920195   
1185.75849307   
1179.06364264   
1174.06621938   
1169.58928741   
1171.70720507   
1169.81064786   
1211.74867207   
1165.45534937   
1171.41914211   
1175.98358202   
1173.33082584   
1168.85375055   
1172.34748022   
1186.23001631   
1174.74561200   
1179.81943031   
1174.74093897   
1164.20560838   
1187.15051733   
1170.39055323   
1200.08086058   
1173.31114633   
1174.13174311   
1169.14098184   
1175.69562840   
1203.22211322   
1171.52120014   
1168.37893807   
1175.29999701   
1176.72553799   
1169.83166185   
1170.72063796   
1171.58459155   
1183.31881735   
1187.47813111   
1200.30251863   
1176.32993439   
1203.03406997   
1180.42362349   
1169.13263079   
1167.75926673   
1164.61255964   
1178.34211506   
1175.11654554   
1172.32967531   
1191.42105934   
1175.26541669   
1182.10793819   
1181.13677827   
1177.39074996   
1180.32661660   
1180.26711158   
1169.29089326   
1219.34188460   
1212.79155332   
1196.59635086   
1179.80915898   
1181.13740030   
1200.45896180   
1180.96273227   
1172.51772696   
1174.57174108   
1174.47021253   
1181.09472500   
1166.42786901   
1271.05405204   
1200.35622913   
1186.58291209   
1181.56742267   
1177.40756704   
1178.75177875   
1169.12204874   
1197.89325620   
1166.45301254   
1168.13987421   
1183.30484687   
1209.37404617   
1185.70264948   
1178.36205058   
1168.61593473   
1180.39836990   
1164.92179316   
1192.85344604   
1187.30255851   
1169.27917565   
1167.34508943   
1171.50278991   
1186.47527364   
1178.69317809   
1191.86295043   
1166.40297031   
1179.04718046   
1176.18795919   
1185.39479917   
1181.03248412   
1192.73049038   
1205.57245037   
1165.25588148   
1187.72099107   
1165.80764635   
1173.28230369   
1172.52823105   
1171.13566524   
1171.11243769   
1173.73076672   
1211.75164923   
1187.97529332   
1172.20707598   
1183.94649356   
1163.04757652   
1172.48349938   
1173.06521895   
1183.58268625   
1178.28704298   
1168.41020839   
1177.06726003   
1195.51064815   
1178.63670984   
1182.90071891   
1175.55578618   
1165.54358395   
1193.90690581   
1189.87389784   
1169.04274301   
1165.16747623   
1164.91905440   
1170.94998688   
1175.79406765   
1167.03411750   
1190.63312988   
1182.44162868   
1198.88653109   
1183.33927560   
1172.50741899   
1171.41810070   
1165.21253960   
1173.73714577   
1165.37362651   
1178.51563564   
1176.59452583   
1167.50002028   
1185.10635938   
1173.25685826   
1169.94647226   
1173.00653805   
1163.74567828   
1173.00479093   
1167.63523870   
1172.19409606   
1178.50870459   
1181.46772390   
1174.10632418   
1168.88836038   
1172.45362922   
1211.52818343   
1168.60625371   
1162.65310104   
1167.18154199   
1212.08538484   
1163.63207096   
1168.27110679   
1174.78421218   
1176.11033054   
1203.12682862   
1181.57454298   
1166.09415498   
1180.65162495   
1169.95523674   
1163.93539867   
1171.84629327   
1181.34549465   
1177.96292313   
1175.59170028   
1171.15383481   
1193.55678375   
1187.48435136   
1166.27167889   
1164.34603936   
1173.41961454   
1186.76213115   
1177.07232855   
1177.24386754   
1183.58172137   
1184.75150516   
1186.56845840   
1193.02184236   
1178.08764562   
1184.68441826   
1188.29864138   
1181.62562881   
1173.17594334   
1170.16248006   
1164.77784403   
1173.86504929   
1180.15697663   
1210.64938355   
1165.81177355   
1210.96877028   
1194.51822145   
1185.09116891   
1164.86082668   
1172.47740644   
1168.19909818   
1199.95692741   
1179.14854864   
1180.41360441   
1167.50342242   
1176.83194639   
1177.73251579   
1188.97806766   
1193.83955904   
1184.08331704   
1167.42158782   
1165.11083855   
1175.74722159   
1169.02492262   
1173.93167243   
1202.67739579   
1174.45299581   
1190.47072366   
1173.67400844   
1171.40910404   
1248.24428312   
1192.15173043   
1177.18809202   
1162.97577458   
1181.76144031   
1171.58969734   
1180.27547774   
1172.00108035   
1187.27960559   
1181.06708310   
1165.05841422   
1165.81912948   
1165.58528278   
1190.39561989   
1178.99868839   
1162.78035676   
1169.20175378   
1176.20705394   
1172.47204816   
1211.88843045   
1181.18448962   
1193.48470583   
1184.50855446   
1180.99177475   
1163.09793846   
1183.38204834   
1177.82109342   
1162.30460288   
1177.43444942   
1191.79065361   
1161.57722815   
1176.85124478   
1168.58100533   
1162.28119798   
1166.13330830   
1168.57993619   
1169.99249019   
1179.07037174   
1174.17799004   
1196.72305038   
1177.91049304   
1181.14444870   
1174.23647701   
1168.59214736   
1173.07198428   
1172.53758245   
1181.86865319   
1172.19074077   
1166.38924324   
1160.94636173   
1185.34757214   
1168.49781180   
1174.24601773   
1168.95308687   
1209.49936435   
1170.22329160   
1190.38816255   
1182.73538692   
1180.47774325   
1174.18873854   
1188.26011864   
1168.56505230   
1177.78991544   
1178.17711034   
1183.38204685   
1190.11612436   
1177.64877270   
1184.70952692   
1168.94487903   
1167.79304453   
1171.30822164   
1171.87070541   
1181.13599406   
1175.59284747   
1199.62144819   
1175.17845710   
1172.77847923   
1168.92482328   
1170.30715935   
1185.66143791   
1166.35502965   
1169.72694277   
1187.17773174   
1179.07776679   
1174.15538791   
1174.92293506   
1166.82729799   
1172.31456017   
1181.24568834   
1166.44596066   
1184.42949660   
1167.47656153   
1206.22843410   
1175.63085253   
1203.63110361   
1168.38752268   
1169.96323533   
1166.52564591   
1171.41474434   
1175.41282238   
1203.23804160   
1170.45287531   
1173.37781593   
1180.22201952   
1173.39890917   
1167.96301580   
1185.82894519   
1180.92294421   
1184.46222740   
1196.18658376   
1181.08549384   
1190.75975940   
1172.85863202   
1178.24901753   
1170.04781486   
1184.16488692   
1173.85386265   
1167.22076679   
1174.45728333   
1193.10053252   
1173.32733521   
1186.61341943   
1177.25071238   
1179.83779003   
1174.35704291   
1207.19148853   
1201.82275481   
1198.87288333   
1180.09333112   
1176.03510752   
1213.14826194   
1181.87185854   
1177.82760052   
1175.46908269   
1190.68868631   
1182.79175424   
1180.74184835   
1181.71776584   
1237.58860927   
1177.99808858   
1195.13149041   
1183.18938296   
1193.68373664   
1203.97956306   
1190.25765787   
1192.49413621   
1206.07748934   
1177.43884841   
1178.73857862   
1181.01033439   
1183.19571428   
1173.45603495   
1183.39123062   
1170.41835732   
1207.97905696   
1211.16587334   
1177.75727416   
1173.81501270   
1175.21296786   
1182.94002872   
1168.83298865   
1164.44146288   
1174.49481272   
1170.60620844   
1165.26201466   
1179.19772639   
1176.29174920   
1174.07012593   
1179.74907793   
1169.00771260   
1173.64086961   
1220.91383041   
1263.00626485   
1178.13125229   
1184.79256344   
1173.86759897   
1173.48985347   
1173.21772419   
1176.37206064   
1170.74163549   
1164.78984096   
1176.97681782   
1168.35634532   
1170.62371557   
1181.64630129   
1166.78601652   
1180.56208309   
1174.28367539   
1181.86491840   
1182.00476492   
1171.03320355   
1206.85111518   
1183.29421116   
1183.05946429   
1187.97167172   
1188.66263053   
1184.26843857   
1163.97363428   
1196.45158577   
1182.57672472   
1169.57295051   
1168.57878632   
1179.00309927   
1181.03217930   
1177.57974450   
1171.84980195   
1187.26300525   
1188.15874275   
1175.44717062   
1165.43552887   
1168.79952606   
1179.35205155   
1169.47655105   
1167.24546300   
1188.04885371   
1192.62375896   
1178.74595155   
1209.61500569   
1180.23388619   
1172.15904522   
1180.82449934   
1187.72763107   
1203.37154738   
1177.45698844   
1175.99477779   
1217.30739366   
1163.11726204   
1169.80249129   
1159.78655291   
1166.15023185   
1217.14528258   
1172.09817169   
1177.15421554   
1223.99171518   
1188.26753851   
1175.24467336   
1167.76088842   
1169.57115175   
1187.61676235   
1168.32040293   
1171.44597879   
1177.38926608   
1186.53159410   
1169.74020865   
1171.73814451   
1182.38367090   
1185.42942951   
1200.21304099   
1181.08325126   
1168.25776092   
1175.03129833   
1170.67615070   
1193.04605039   
1163.39909932   
1199.47746003   
1188.73530985   
1192.97935213   
1178.66666325   
1183.26382339   
1177.56481294   
1166.17738047   
1206.30082584   
1164.61563763   
1170.71399082   
1190.84268080   
1218.05780199   
1189.24743495   
1192.75421741   
1173.59627795   
1172.31601261   
1184.44529951   
1166.77457897   
1174.36161848   
1172.39468166   
1171.08115826   
1174.78442386   
1181.65068215   
1178.48249551   
1183.22792613   
1168.42778645   
1166.48231019   
1174.61585917   
1180.77487661   
1185.29077175   
1169.51135176   
1188.19276420   
1183.71010237   
1165.65097535   
1160.20998854   
1180.13635545   
1162.44632732   
1178.01283948   
1166.14291807   
1180.38193532   
1224.68750733   
1171.41426260   
1171.41844525   
1183.70210458   
1170.94653423   
1165.34346836   
1176.32902904   
1169.72084434   
1169.28567411   
1229.44097730   
1214.89110689   
1169.67867932   
1192.13436766   
1176.12752228   
1174.33960292   
1164.24949900   
1173.56123419   
1173.57757705   
1185.49250315   
1163.45285671   
1166.63689447   
1178.50266242   
1172.67563869   
1180.69964877   
1166.59942171   
1176.32414259   
1166.64253834   
1176.05819247   
1172.57323552   
1170.08626402   
1172.47381096   
1175.93956197   
1184.93534033   
1199.47442016   
1175.69034128   
1192.45628733   
1175.87480424   
1173.23582422   
1204.99378291   
1182.33850857   
1167.27085974   
1177.29895030   
1175.15340822   
1183.16887514   
1174.32285639   
1165.67369528   
1183.23932769   
1170.33609759   
1200.73740783   
1173.36963617   
1214.82852435   
1172.78706222   
1178.65722779   
1191.51028080   
1184.64385759   
1186.29434508   
1196.32313122   
1218.55107890   
1187.04800875   
1171.62577830   
1175.02770292   
1171.09976113   
1171.56817203   
1187.89055016   
1177.26295365   
1176.29714697   
1177.80297633   
1168.03286133   
1168.62912302   
1177.66331522   
1177.06380918   
1186.66614603   
1175.99073238   
1169.46231739   
1185.68453608   
1175.93641841   
1173.58131434   
1210.70115269   
1178.38800050   
1184.06721069   
1175.17280962   
1166.93562130   
1182.87419043   
1215.30214803   
1200.86756997   
1176.63543180   
1185.55502463   
1172.89159159   
1204.71563277   
1169.60846369   
1166.25130140   
1171.75027073   
1188.51195202   
1174.44550821   
1178.58794466   
1177.70447560   
1163.74269270   
1164.81628464   
1174.44247847   
