6.43000000   29.53000000   33.49000000   -118.84000000   25.59826363   99.92363651   10.75716896   0.22437088   
6.43000000   29.53000000   33.49000000   -118.84000000   25.59680005   99.91998661   10.85848244   0.38963329   
6.43000000   29.53000000   33.49000000   -118.84000000   25.58577526   99.88717625   10.72620191   0.40428588   
6.43000000   29.53000000   33.49000000   -118.84000000   25.61414265   99.87880909   11.40819615   0.31944196   
6.43000000   29.53000000   33.49000000   -118.84000000   25.59903994   99.87284775   11.70731870   0.45922993   
6.43000000   29.53000000   33.49000000   -118.84000000   25.60649458   99.87563981   12.47353863   0.59916219   
6.43000000   29.53000000   33.49000000   -118.84000000   25.60609088   99.86312605   12.68757011   0.59046581   
6.43000000   29.53000000   33.49000000   -118.84000000   25.61515950   99.84405334   13.40379721   0.73893967   
6.43000000   29.53000000   33.49000000   -118.84000000   25.64873515   99.82349263   12.58411716   0.75953516   
6.43000000   29.53000000   33.49000000   -118.84000000   25.65779550   99.82058363   11.30984087   0.80824301   
6.43000000   29.53000000   33.49000000   -118.84000000   25.66667793   99.80358090   11.56649498   0.75900435   
6.43000000   29.53000000   33.49000000   -118.84000000   25.67793961   99.77860599   10.91503818   0.64084885   
6.43000000   29.53000000   33.49000000   -118.84000000   25.66932966   99.77016095   9.67581386   0.49165640   
6.43000000   29.53000000   33.49000000   -118.84000000   25.67557862   99.76481152   9.82239232   0.53713297   
6.43000000   29.53000000   33.49000000   -118.84000000   25.68823007   99.75894917   10.00916723   0.55127263   
6.43000000   29.53000000   33.49000000   -118.84000000   25.70668834   99.77602850   10.02609503   0.52783137   
6.43000000   29.53000000   33.49000000   -118.84000000   25.69564973   99.76394566   10.06051998   0.48025189   
6.43000000   29.53000000   33.49000000   -118.84000000   25.73253310   99.76742559   10.04524425   0.48667034   
6.43000000   29.53000000   33.49000000   -118.84000000   25.72292655   99.72419714   10.86180052   0.43472873   
6.43000000   29.53000000   33.49000000   -118.84000000   25.71586896   99.73812813   10.73028471   0.50854089   
6.43000000   29.53000000   33.49000000   -118.84000000   25.72463463   99.72684878   10.14203894   0.45936782   
6.43000000   29.53000000   33.49000000   -118.84000000   25.74379686   99.70602504   10.01853974   0.59698511   
6.43000000   29.53000000   33.49000000   -118.84000000   25.72858395   99.71112534   9.93366116   0.50621057   
6.43000000   29.53000000   33.49000000   -118.84000000   25.74103678   99.71160520   10.48535975   0.50336282   
6.43000000   29.53000000   33.49000000   -118.84000000   25.75393104   99.73051444   9.46107651   0.54562291   
6.43000000   29.53000000   33.49000000   -118.84000000   25.73871838   99.72194673   9.91792386   0.54529297   
6.43000000   29.53000000   33.49000000   -118.84000000   25.78463901   99.72308428   9.23194442   0.57432899   
6.43000000   29.53000000   33.49000000   -118.84000000   25.76600727   99.72028954   9.30568212   0.64397270   
6.43000000   29.53000000   33.49000000   -118.84000000   25.74613745   99.72561612   8.83783765   0.57415942   
6.43000000   29.53000000   33.49000000   -118.84000000   25.73381987   99.72463840   8.56355163   0.78581000   
6.43000000   29.53000000   33.49000000   -118.84000000   25.71459309   99.73102971   7.79015183   0.79522638   
6.43000000   29.53000000   33.49000000   -118.84000000   25.72700272   99.75124208   7.75206593   0.74629877   
6.43000000   29.53000000   33.49000000   -118.84000000   25.74509878   99.72965366   7.41672403   0.74606787   
6.43000000   29.53000000   33.49000000   -118.84000000   25.75554058   99.74724461   6.77678910   0.76733878   
6.43000000   29.53000000   33.49000000   -118.84000000   25.74037555   99.74242761   6.75048476   0.70156802   
6.43000000   29.53000000   33.49000000   -118.84000000   25.75083755   99.75461211   7.09140918   0.71439419   
6.43000000   29.53000000   33.49000000   -118.84000000   25.74243043   99.75005357   6.80712449   0.88821972   
6.43000000   29.53000000   33.49000000   -118.84000000   25.73498384   99.77171391   6.96278232   0.83369355   
6.43000000   29.53000000   33.49000000   -118.84000000   25.75141675   99.75589393   7.64335532   0.77820273   
6.43000000   29.53000000   33.49000000   -118.84000000   25.76895369   99.76286625   7.14447823   0.62707744   
6.43000000   29.53000000   33.49000000   -118.84000000   25.75501858   99.78547790   6.50260421   0.57100106   
6.43000000   29.53000000   33.49000000   -118.84000000   25.75684660   99.75288516   7.00867036   0.66919141   
6.43000000   29.53000000   33.49000000   -118.84000000   25.76381578   99.74286311   7.23976526   0.64909515   
6.43000000   29.53000000   33.49000000   -118.84000000   25.76720963   99.74995004   6.71043840   0.50179514   
6.43000000   29.53000000   33.49000000   -118.84000000   25.73739234   99.77342508   7.03981631   0.56750186   
6.43000000   29.53000000   33.49000000   -118.84000000   25.74473365   99.74722948   6.83180118   0.58310638   
6.43000000   29.53000000   33.49000000   -118.84000000   25.73453297   99.74871620   6.54567884   0.49763714   
6.43000000   29.53000000   33.49000000   -118.84000000   25.73484617   99.73948690   6.97790237   0.45679411   
6.43000000   29.53000000   33.49000000   -118.84000000   25.70747258   99.73116150   5.80935973   0.55513792   
6.43000000   29.53000000   33.49000000   -118.84000000   25.72130859   99.73283980   5.17811786   0.42713780   
6.43000000   29.53000000   33.49000000   -118.84000000   25.75223309   99.75157295   4.76888142   0.48384929   
6.43000000   29.53000000   33.49000000   -118.84000000   25.72508461   99.75260743   5.00617123   0.60111195   
6.43000000   29.53000000   33.49000000   -118.84000000   25.74098693   99.76377508   4.83756536   0.47375565   
6.43000000   29.53000000   33.49000000   -118.84000000   25.75647503   99.73834927   5.05100120   0.33102241   
6.43000000   29.53000000   33.49000000   -118.84000000   25.74586630   99.74525393   5.39939421   0.37043013   
6.43000000   29.53000000   33.49000000   -118.84000000   25.72149620   99.75524542   5.53709944   0.34080828   
6.43000000   29.53000000   33.49000000   -118.84000000   25.77136942   99.73183305   5.72605744   0.30551083   
6.43000000   29.53000000   33.49000000   -118.84000000   25.72477422   99.73340868   6.28532641   0.18687217   
6.43000000   29.53000000   33.49000000   -118.84000000   25.72951198   99.72014790   6.36769092   0.32739345   
6.43000000   29.53000000   33.49000000   -118.84000000   25.73522129   99.74129752   6.92564966   0.26213787   
6.43000000   29.53000000   33.49000000   -118.84000000   25.71998725   99.72798891   6.71551845   0.18087525   
6.43000000   29.53000000   33.49000000   -118.84000000   25.73211902   99.71939058   6.45578016   0.20292358   
6.43000000   29.53000000   33.49000000   -118.84000000   25.74115270   99.73301255   6.37237123   0.20632404   
6.43000000   29.53000000   33.49000000   -118.84000000   25.74866541   99.74663265   6.27754045   0.04122738   
6.43000000   29.53000000   33.49000000   -118.84000000   25.77835110   99.71448216   6.10079311   -0.10365843   
6.43000000   29.53000000   33.49000000   -118.84000000   25.77235992   99.70164477   5.98070747   -0.01538736   
6.43000000   29.53000000   33.49000000   -118.84000000   25.76027097   99.71171826   6.09606402   0.03400169   
6.43000000   29.53000000   33.49000000   -118.84000000   25.73168092   99.71501289   6.02582357   0.02604093   
6.43000000   29.53000000   33.49000000   -118.84000000   25.73789686   99.73432447   5.17750249   -0.09237337   
6.43000000   29.53000000   33.49000000   -118.84000000   25.72618551   99.73294980   5.09306522   -0.10674795   
6.43000000   29.53000000   33.49000000   -118.84000000   25.73729999   99.75082238   5.04752295   -0.20089371   
6.43000000   29.53000000   33.49000000   -118.84000000   25.75350578   99.72340730   5.43131988   -0.32139237   
6.43000000   29.53000000   33.49000000   -118.84000000   25.74553777   99.70712849   5.37935584   -0.33829267   
6.43000000   29.53000000   33.49000000   -118.84000000   25.75457792   99.71975914   5.23728620   -0.33043098   
6.43000000   29.53000000   33.49000000   -118.84000000   25.73449959   99.71337255   4.88941329   -0.34077241   
6.43000000   29.53000000   33.49000000   -118.84000000   25.72282778   99.72315630   4.74952897   -0.44049369   
6.43000000   29.53000000   33.49000000   -118.84000000   25.73094819   99.73560262   4.74797159   -0.42624808   
6.43000000   29.53000000   33.49000000   -118.84000000   25.75711361   99.73552784   4.86217667   -0.18597892   
6.43000000   29.53000000   33.49000000   -118.84000000   25.76721764   99.73692609   3.99136361   -0.30529200   
6.43000000   29.53000000   33.49000000   -118.84000000   25.75376337   99.72425037   3.89215914   -0.30951118   
6.43000000   29.53000000   33.49000000   -118.84000000   25.73363719   99.73301775   3.86509577   -0.21482639   
6.43000000   29.53000000   33.49000000   -118.84000000   25.74461837   99.75178751   4.30104891   -0.15343740   
6.43000000   29.53000000   33.49000000   -118.84000000   25.71775628   99.72514602   4.47112759   -0.15253686   
6.43000000   29.53000000   33.49000000   -118.84000000   25.73804786   99.72225431   4.18324742   0.02891308   
6.43000000   29.53000000   33.49000000   -118.84000000   25.74278467   99.73501033   3.94859520   0.00170917   
6.43000000   29.53000000   33.49000000   -118.84000000   25.74719015   99.74790260   4.12423302   -0.15521874   
6.43000000   29.53000000   33.49000000   -118.84000000   25.74716493   99.73708418   3.16990749   -0.08610029   
6.43000000   29.53000000   33.49000000   -118.84000000   25.74037309   99.74319161   2.98208776   -0.09893093   
6.43000000   29.53000000   33.49000000   -118.84000000   25.74854117   99.73586027   2.75055288   -0.13881153   
6.43000000   29.53000000   33.49000000   -118.84000000   25.71962879   99.73486148   3.11322245   -0.12427887   
6.43000000   29.53000000   33.49000000   -118.84000000   25.73510372   99.74966104   2.86633212   -0.08953056   
6.43000000   29.53000000   33.49000000   -118.84000000   25.72282287   99.74912736   3.12164475   -0.19672288   
6.43000000   29.53000000   33.49000000   -118.84000000   25.73982201   99.73976894   2.44325770   -0.20392858   
6.43000000   29.53000000   33.49000000   -118.84000000   25.71539930   99.73701250   2.08512331   -0.29022831   
6.43000000   29.53000000   33.49000000   -118.84000000   25.73116013   99.73253752   1.87639425   -0.44939089   
6.43000000   29.53000000   33.49000000   -118.84000000   25.72613874   99.75157691   1.72659786   -0.35961227   
6.43000000   29.53000000   33.49000000   -118.84000000   25.72481342   99.76251875   1.06860008   -0.34500602   
6.43000000   29.53000000   33.49000000   -118.84000000   25.71914157   99.74580254   1.58689226   -0.36161762   
6.43000000   29.53000000   33.49000000   -118.84000000   25.73877986   99.73489564   1.47479652   -0.37548023   
6.43000000   29.53000000   33.49000000   -118.84000000   25.74260079   99.73671656   1.48922915   -0.49487263   
6.43000000   29.53000000   33.49000000   -118.84000000   25.72962726   99.72999663   1.52492742   -0.46668646   
6.43000000   29.53000000   33.49000000   -118.84000000   25.72981648   99.74074270   1.68943954   -0.39679313   
6.43000000   29.53000000   33.49000000   -118.84000000   25.72458869   99.75400298   1.04479920   -0.44800340   
6.43000000   29.53000000   33.49000000   -118.84000000   25.74989980   99.74631476   1.04790450   -0.43191250   
6.43000000   29.53000000   33.49000000   -118.84000000   25.74038297   99.74841607   1.14941067   -0.52120049   
6.43000000   29.53000000   33.49000000   -118.84000000   25.73696922   99.75585244   1.16423161   -0.44840861   
6.43000000   29.53000000   33.49000000   -118.84000000   25.72985400   99.73322591   1.22851503   -0.23730272   
6.43000000   29.53000000   33.49000000   -118.84000000   25.70397990   99.74858499   1.01032909   -0.37154304   
6.43000000   29.53000000   33.49000000   -118.84000000   25.72448461   99.74752357   1.46787349   -0.41158251   
6.43000000   29.53000000   33.49000000   -118.84000000   25.74223994   99.74123701   1.29364635   -0.48446267   
6.43000000   29.53000000   33.49000000   -118.84000000   25.73750493   99.72926891   1.48778619   -0.47232394   
6.43000000   29.53000000   33.49000000   -118.84000000   25.73460863   99.74380386   1.31985416   -0.62089678   
6.43000000   29.53000000   33.49000000   -118.84000000   25.75606181   99.74122827   1.48288711   -0.59442212   
6.43000000   29.53000000   33.49000000   -118.84000000   25.74420350   99.73948331   1.02910354   -0.60966742   
6.43000000   29.53000000   33.49000000   -118.84000000   25.73633588   99.73457168   1.12071693   -0.68801496   
6.43000000   29.53000000   33.49000000   -118.84000000   25.74438029   99.72878044   1.41729182   -0.72210522   
6.43000000   29.53000000   33.49000000   -118.84000000   25.74515128   99.72380316   1.73751924   -0.84924117   
6.43000000   29.53000000   33.49000000   -118.84000000   25.72939463   99.72867499   1.40034978   -0.84052700   
6.43000000   29.53000000   33.49000000   -118.84000000   25.73271624   99.73214159   1.67873692   -0.76247096   
6.43000000   29.53000000   33.49000000   -118.84000000   25.72371114   99.74359680   1.66262771   -0.78048438   
6.43000000   29.53000000   33.49000000   -118.84000000   25.76050788   99.71777369   1.20997850   -0.72477950   
6.43000000   29.53000000   33.49000000   -118.84000000   25.73086566   99.72841383   1.54089223   -0.76839687   
6.43000000   29.53000000   33.49000000   -118.84000000   25.71431163   99.71641616   1.63282811   -0.81682959   
6.43000000   29.53000000   33.49000000   -118.84000000   25.71931341   99.73256778   2.09294068   -0.90651683   
6.43000000   29.53000000   33.49000000   -118.84000000   25.74177661   99.72516193   1.77685012   -0.83188500   
6.43000000   29.53000000   33.49000000   -118.84000000   25.76998009   99.72297860   1.52463083   -1.02191681   
6.43000000   29.53000000   33.49000000   -118.84000000   25.75493887   99.70822979   1.77800158   -1.04805521   
6.43000000   29.53000000   33.49000000   -118.84000000   25.77133613   99.72542541   1.80650851   -1.03573741   
6.43000000   29.53000000   33.49000000   -118.84000000   25.74050781   99.72868950   1.99958546   -0.93268757   
6.43000000   29.53000000   33.49000000   -118.84000000   25.70875547   99.72471315   1.25045563   -0.93783987   
6.43000000   29.53000000   33.49000000   -118.84000000   25.74978322   99.70083063   1.44038466   -0.90081616   
6.43000000   29.53000000   33.49000000   -118.84000000   25.74774448   99.70185137   1.85409004   -0.93584620   
6.43000000   29.53000000   33.49000000   -118.84000000   25.76742546   99.73667087   1.76193010   -0.86372835   
6.43000000   29.53000000   33.49000000   -118.84000000   25.73840325   99.70790716   1.70130183   -0.84633815   
6.43000000   29.53000000   33.49000000   -118.84000000   25.72233656   99.70948182   1.74803674   -0.90035541   
6.43000000   29.53000000   33.49000000   -118.84000000   25.72866339   99.71046982   1.50802091   -0.79896292   
6.43000000   29.53000000   33.49000000   -118.84000000   25.72919929   99.71604733   1.36985426   -0.90268793   
6.43000000   29.53000000   33.49000000   -118.84000000   25.70592081   99.73114000   1.22849761   -0.72229614   
6.43000000   29.53000000   33.49000000   -118.84000000   25.72869489   99.72123381   1.74654845   -0.91492852   
6.43000000   29.53000000   33.49000000   -118.84000000   25.74290190   99.73046175   2.05807455   -0.92189627   
6.43000000   29.53000000   33.49000000   -118.84000000   25.73194402   99.72969209   1.92848843   -0.88054015   
6.43000000   29.53000000   33.49000000   -118.84000000   25.75665052   99.72726333   1.49976575   -0.75658883   
6.43000000   29.53000000   33.49000000   -118.84000000   25.73474970   99.73451213   1.48188288   -0.57909735   
6.43000000   29.53000000   33.49000000   -118.84000000   25.74543133   99.74796932   1.05744717   -0.69769431   
6.43000000   29.53000000   33.49000000   -118.84000000   25.76291291   99.75464367   1.14853128   -0.77460984   
6.43000000   29.53000000   33.49000000   -118.84000000   25.76421491   99.74642201   1.17784011   -0.79219714   
6.43000000   29.53000000   33.49000000   -118.84000000   25.73385080   99.74263403   1.34230079   -0.82245262   
6.43000000   29.53000000   33.49000000   -118.84000000   25.76113893   99.74787324   1.22735538   -0.78660948   
6.43000000   29.53000000   33.49000000   -118.84000000   25.73546511   99.73535241   1.12380555   -0.82129690   
6.43000000   29.53000000   33.49000000   -118.84000000   25.73812534   99.73310893   1.06659259   -0.79635052   
6.43000000   29.53000000   33.49000000   -118.84000000   25.73456731   99.73764622   1.24300774   -0.63751173   
6.43000000   29.53000000   33.49000000   -118.84000000   25.73687381   99.73229222   1.08400417   -0.57058302   
6.43000000   29.53000000   33.49000000   -118.84000000   25.73176953   99.74619462   1.19179813   -0.65193798   
6.43000000   29.53000000   33.49000000   -118.84000000   25.75659855   99.74761000   1.42042828   -0.84590631   
6.43000000   29.53000000   33.49000000   -118.84000000   25.75433797   99.74726691   1.65260180   -0.72102908   
6.43000000   29.53000000   33.49000000   -118.84000000   25.74115298   99.72152771   1.54803139   -0.72722156   
6.43000000   29.53000000   33.49000000   -118.84000000   25.72020765   99.72424546   1.14049104   -0.65079546   
6.43000000   29.53000000   33.49000000   -118.84000000   25.73222310   99.73657870   1.50544482   -0.52716718   
6.43000000   29.53000000   33.49000000   -118.84000000   25.72375617   99.75239687   1.06878803   -0.43558400   
6.43000000   29.53000000   33.49000000   -118.84000000   25.71785464   99.73964196   1.12318649   -0.35732684   
6.43000000   29.53000000   33.49000000   -118.84000000   25.71131395   99.75964388   1.22686410   -0.43524608   
6.43000000   29.53000000   33.49000000   -118.84000000   25.72326323   99.76389449   1.13798157   -0.32269540   
6.43000000   29.53000000   33.49000000   -118.84000000   25.71813224   99.76323649   1.22567679   -0.25383037   
6.43000000   29.53000000   33.49000000   -118.84000000   25.71289007   99.74976854   1.22874010   -0.36097485   
6.43000000   29.53000000   33.49000000   -118.84000000   25.72692881   99.76754314   1.24346096   -0.37868269   
6.43000000   29.53000000   33.49000000   -118.84000000   25.73307725   99.76222289   1.40150748   -0.50135770   
6.43000000   29.53000000   33.49000000   -118.84000000   25.74322129   99.75932592   1.29653007   -0.44285571   
6.43000000   29.53000000   33.49000000   -118.84000000   25.73066553   99.75033712   1.04087946   -0.48424335   
6.43000000   29.53000000   33.49000000   -118.84000000   25.74872056   99.74507890   1.50026011   -0.50176039   
6.43000000   29.53000000   33.49000000   -118.84000000   25.74879957   99.73468745   1.56433200   -0.46847542   
6.43000000   29.53000000   33.49000000   -118.84000000   25.74600680   99.74240635   1.60210394   -0.50671987   
6.43000000   29.53000000   33.49000000   -118.84000000   25.72459462   99.72065425   1.67492383   -0.49472809   
6.43000000   29.53000000   33.49000000   -118.84000000   25.71511573   99.72421518   1.63663982   -0.50353360   
6.43000000   29.53000000   33.49000000   -118.84000000   25.71800282   99.72459461   1.53871909   -0.62880281   
6.43000000   29.53000000   33.49000000   -118.84000000   25.71099966   99.72750326   1.68303598   -0.35562469   
6.43000000   29.53000000   33.49000000   -118.84000000   25.70370005   99.74143472   1.35978225   -0.36778317   
6.43000000   29.53000000   33.49000000   -118.84000000   25.71333218   99.73218862   1.02670819   -0.33316500   
6.43000000   29.53000000   33.49000000   -118.84000000   25.72315436   99.74150035   1.36719262   -0.33536092   
6.43000000   29.53000000   33.49000000   -118.84000000   25.70849828   99.73712309   1.16454713   -0.41743935   
6.43000000   29.53000000   33.49000000   -118.84000000   25.71886168   99.73989666   1.28177698   -0.40619485   
6.43000000   29.53000000   33.49000000   -118.84000000   25.72879657   99.72059574   1.00098071   -0.40754115   
6.43000000   29.53000000   33.49000000   -118.84000000   25.71382703   99.72427664   1.75472111   -0.42577179   
6.43000000   29.53000000   33.49000000   -118.84000000   25.71933465   99.71781536   1.04962647   -0.57969814   
6.43000000   29.53000000   33.49000000   -118.84000000   25.70075479   99.75394202   1.09493805   -0.45133233   
6.43000000   29.53000000   33.49000000   -118.84000000   25.72424010   99.73399590   1.40885853   -0.34549261   
6.43000000   29.53000000   33.49000000   -118.84000000   25.71791416   99.74902833   1.22324541   -0.29176074   
6.43000000   29.53000000   33.49000000   -118.84000000   25.71975524   99.74098992   1.71949740   -0.30090765   
6.43000000   29.53000000   33.49000000   -118.84000000   25.72038037   99.74475049   1.83426462   -0.33426587   
6.43000000   29.53000000   33.49000000   -118.84000000   25.73732596   99.76911959   1.38394942   -0.21578194   
6.43000000   29.53000000   33.49000000   -118.84000000   25.73218807   99.75413606   1.08613156   -0.35051839   
6.43000000   29.53000000   33.49000000   -118.84000000   25.72374960   99.74609961   1.13357073   -0.46789321   
6.43000000   29.53000000   33.49000000   -118.84000000   25.72636204   99.73073327   1.11404123   -0.40418072   
6.43000000   29.53000000   33.49000000   -118.84000000   25.72396383   99.73320267   1.23542375   -0.40272148   
6.43000000   29.53000000   33.49000000   -118.84000000   25.73329157   99.74106596   1.44023210   -0.24454515   
6.43000000   29.53000000   33.49000000   -118.84000000   25.73183359   99.74977966   1.11002079   -0.38308799   
6.43000000   29.53000000   33.49000000   -118.84000000   25.70783903   99.72451818   1.13428320   -0.41131152   
6.43000000   29.53000000   33.49000000   -118.84000000   25.70430812   99.73595444   1.23443059   -0.41203889   
6.43000000   29.53000000   33.49000000   -118.84000000   25.71445470   99.74176696   1.30783049   -0.39163654   
6.43000000   29.53000000   33.49000000   -118.84000000   25.71335503   99.75046532   1.17867007   -0.50667139   
6.43000000   29.53000000   33.49000000   -118.84000000   25.72605830   99.74253724   1.47020582   -0.47368417   
6.43000000   29.53000000   33.49000000   -118.84000000   25.73077335   99.74361990   1.14791516   -0.55758284   
6.43000000   29.53000000   33.49000000   -118.84000000   25.72947384   99.74102707   1.34722032   -0.57331661   
6.43000000   29.53000000   33.49000000   -118.84000000   25.73625548   99.74222025   1.16763658   -0.59764223   
6.43000000   29.53000000   33.49000000   -118.84000000   25.71984118   99.75273498   1.17325887   -0.42246199   
6.43000000   29.53000000   33.49000000   -118.84000000   25.70680920   99.74881574   1.05993970   -0.55665260   
6.43000000   29.53000000   33.49000000   -118.84000000   25.72034317   99.73048275   1.27813581   -0.41343562   
6.43000000   29.53000000   33.49000000   -118.84000000   25.70348013   99.73949748   1.27804383   -0.29740944   
6.43000000   29.53000000   33.49000000   -118.84000000   25.72364412   99.71820998   1.04147456   -0.35708218   
6.43000000   29.53000000   33.49000000   -118.84000000   25.72576221   99.70403159   1.08621165   -0.43788373   
6.43000000   29.53000000   33.49000000   -118.84000000   25.73396860   99.71541950   1.47706232   -0.49111962   
6.43000000   29.53000000   33.49000000   -118.84000000   25.72891490   99.73458497   1.91848754   -0.50912433   
6.43000000   29.53000000   33.49000000   -118.84000000   25.73002977   99.73649028   1.17227198   -0.60814173   
6.43000000   29.53000000   33.49000000   -118.84000000   25.74164264   99.72812039   1.40884725   -0.40106268   
6.43000000   29.53000000   33.49000000   -118.84000000   25.73848231   99.73849049   1.64738055   -0.59328812   
6.43000000   29.53000000   33.49000000   -118.84000000   25.71895098   99.72054189   1.09119883   -0.64605098   
6.43000000   29.53000000   33.49000000   -118.84000000   25.72859038   99.73668963   1.16877542   -0.72547572   
6.43000000   29.53000000   33.49000000   -118.84000000   25.74187318   99.72547318   1.09516601   -0.68583760   
6.43000000   29.53000000   33.49000000   -118.84000000   25.74970348   99.72817936   1.07372942   -0.99803711   
6.43000000   29.53000000   33.49000000   -118.84000000   25.72560710   99.73456193   1.12342041   -0.97244842   
6.43000000   29.53000000   33.49000000   -118.84000000   25.75817907   99.72442619   1.35297600   -0.87128415   
6.43000000   29.53000000   33.49000000   -118.84000000   25.73987234   99.71078516   1.64516090   -0.86359306   
6.43000000   29.53000000   33.49000000   -118.84000000   25.72059669   99.71297659   1.99285853   -0.85053430   
6.43000000   29.53000000   33.49000000   -118.84000000   25.74003259   99.74790797   1.48100006   -0.90414730   
6.43000000   29.53000000   33.49000000   -118.84000000   25.73824048   99.74297928   1.68836157   -0.98892211   
6.43000000   29.53000000   33.49000000   -118.84000000   25.76705943   99.73643385   1.44488847   -0.76900231   
6.43000000   29.53000000   33.49000000   -118.84000000   25.75923989   99.75361463   1.40029762   -0.65097020   
6.43000000   29.53000000   33.49000000   -118.84000000   25.74818264   99.73286959   1.74327846   -0.54883104   
6.43000000   29.53000000   33.49000000   -118.84000000   25.73682123   99.74719585   1.46512786   -0.57823953   
6.43000000   29.53000000   33.49000000   -118.84000000   25.73061807   99.75483889   1.18172817   -0.61044631   
6.43000000   29.53000000   33.49000000   -118.84000000   25.71760644   99.74723094   1.00773949   -0.64855274   
6.43000000   29.53000000   33.49000000   -118.84000000   25.75384894   99.72941409   1.11279665   -0.69848792   
6.43000000   29.53000000   33.49000000   -118.84000000   25.76707843   99.74870044   1.16976796   -0.65960349   
6.43000000   29.53000000   33.49000000   -118.84000000   25.75643795   99.72765296   1.45353484   -0.63698352   
6.43000000   29.53000000   33.49000000   -118.84000000   25.74369367   99.74622020   1.91057756   -0.37468705   
6.43000000   29.53000000   33.49000000   -118.84000000   25.72567072   99.73259550   1.52048932   -0.22689295   
6.43000000   29.53000000   33.49000000   -118.84000000   25.72309107   99.76007192   1.41106636   -0.43135777   
6.43000000   29.53000000   33.49000000   -118.84000000   25.72883261   99.75459990   1.30737510   -0.47421474   
6.43000000   29.53000000   33.49000000   -118.84000000   25.74056374   99.75891938   1.16777497   -0.49830196   
6.43000000   29.53000000   33.49000000   -118.84000000   25.74662663   99.73193739   1.35282407   -0.44299410   
6.43000000   29.53000000   33.49000000   -118.84000000   25.72978221   99.72263962   1.27616797   -0.45119911   
6.43000000   29.53000000   33.49000000   -118.84000000   25.71938055   99.73160698   1.64194114   -0.38510336   
6.43000000   29.53000000   33.49000000   -118.84000000   25.73999862   99.74637612   1.30256372   -0.36554952   
6.43000000   29.53000000   33.49000000   -118.84000000   25.74357592   99.73958162   1.18371375   -0.31978826   
6.43000000   29.53000000   33.49000000   -118.84000000   25.73861595   99.72276088   1.68885204   -0.28238412   
6.43000000   29.53000000   33.49000000   -118.84000000   25.71697647   99.73428295   1.19631791   -0.28193225   
6.43000000   29.53000000   33.49000000   -118.84000000   25.72954131   99.72328850   1.47761174   -0.49000411   
6.43000000   29.53000000   33.49000000   -118.84000000   25.74114030   99.72356234   1.23442410   -0.51774345   
6.43000000   29.53000000   33.49000000   -118.84000000   25.73502616   99.74260716   1.36815301   -0.50214337   
6.43000000   29.53000000   33.49000000   -118.84000000   25.72131431   99.73145442   1.40375746   -0.43552012   
6.43000000   29.53000000   33.49000000   -118.84000000   25.73557345   99.73055153   1.08955844   -0.45325972   
6.43000000   29.53000000   33.49000000   -118.84000000   25.74384075   99.74267223   1.23268406   -0.47591227   
6.43000000   29.53000000   33.49000000   -118.84000000   25.74022354   99.74658656   1.27530744   -0.48233760   
6.43000000   29.53000000   33.49000000   -118.84000000   25.72548725   99.75270442   1.04273431   -0.33625598   
6.43000000   29.53000000   33.49000000   -118.84000000   25.71508334   99.74749289   1.05899910   -0.45006322   
6.43000000   29.53000000   33.49000000   -118.84000000   25.72257413   99.75807023   1.07088308   -0.39109825   
6.43000000   29.53000000   33.49000000   -118.84000000   25.73977043   99.75292406   1.17711526   -0.39804169   
6.43000000   29.53000000   33.49000000   -118.84000000   25.74134941   99.73555422   1.08823180   -0.51992233   
6.43000000   29.53000000   33.49000000   -118.84000000   25.72683888   99.72751050   1.07419821   -0.42780344   
6.43000000   29.53000000   33.49000000   -118.84000000   25.73779196   99.73125420   1.43514600   -0.41941834   
6.43000000   29.53000000   33.49000000   -118.84000000   25.72388938   99.73146182   1.08003558   -0.63006586   
6.43000000   29.53000000   33.49000000   -118.84000000   25.71960321   99.74938747   1.15074554   -0.60910187   
6.43000000   29.53000000   33.49000000   -118.84000000   25.74667263   99.73136214   1.47307906   -0.61660743   
6.43000000   29.53000000   33.49000000   -118.84000000   25.73991660   99.74131786   1.48927589   -0.75953136   
6.43000000   29.53000000   33.49000000   -118.84000000   25.74124823   99.71761396   1.17579261   -0.66179014   
6.43000000   29.53000000   33.49000000   -118.84000000   25.74104812   99.75410439   1.21707077   -0.59783937   
6.43000000   29.53000000   33.49000000   -118.84000000   25.71436065   99.73949567   1.13141151   -0.47799836   
6.43000000   29.53000000   33.49000000   -118.84000000   25.72495055   99.71964083   1.43455932   -0.51309968   
6.43000000   29.53000000   33.49000000   -118.84000000   25.71226055   99.73484089   1.20513334   -0.43920518   
6.43000000   29.53000000   33.49000000   -118.84000000   25.72602574   99.73013182   1.60249209   -0.51799196   
6.43000000   29.53000000   33.49000000   -118.84000000   25.73872891   99.74185600   1.04336766   -0.50209386   
6.43000000   29.53000000   33.49000000   -118.84000000   25.74311173   99.72593709   1.05976528   -0.38438338   
6.43000000   29.53000000   33.49000000   -118.84000000   25.74201089   99.74769097   1.03728025   -0.59075956   
6.43000000   29.53000000   33.49000000   -118.84000000   25.73395852   99.75608071   1.19405270   -0.60238430   
6.43000000   29.53000000   33.49000000   -118.84000000   25.73698336   99.74243358   1.70412560   -0.62621044   
6.43000000   29.53000000   33.49000000   -118.84000000   25.74333621   99.73942093   1.31352886   -0.51043995   
6.43000000   29.53000000   33.49000000   -118.84000000   25.73386411   99.76059690   1.34127927   -0.32873029   
6.43000000   29.53000000   33.49000000   -118.84000000   25.75657099   99.74245759   2.07337762   -0.35530330   
6.43000000   29.53000000   33.49000000   -118.84000000   25.72721174   99.74483490   1.70421594   -0.47072408   
6.43000000   29.53000000   33.49000000   -118.84000000   25.72664045   99.73663184   2.01268556   -0.43607420   
6.43000000   29.53000000   33.49000000   -118.84000000   25.74517466   99.73400725   2.06963168   -0.45798742   
6.43000000   29.53000000   33.49000000   -118.84000000   25.73850813   99.73393976   1.76133126   -0.59171544   
6.43000000   29.53000000   33.49000000   -118.84000000   25.73608115   99.74488541   1.29574700   -0.54766578   
6.43000000   29.53000000   33.49000000   -118.84000000   25.70934006   99.74640144   1.09132995   -0.55652844   
6.43000000   29.53000000   33.49000000   -118.84000000   25.73579609   99.73806067   1.55272155   -0.64870765   
6.43000000   29.53000000   33.49000000   -118.84000000   25.71501137   99.73746708   1.18440901   -0.62461845   
6.43000000   29.53000000   33.49000000   -118.84000000   25.71549956   99.72326881   1.07956921   -0.82167271   
6.43000000   29.53000000   33.49000000   -118.84000000   25.72549727   99.74864110   1.09242887   -0.78703850   
6.43000000   29.53000000   33.49000000   -118.84000000   25.73720925   99.73882714   1.37280631   -0.62155214   
6.43000000   29.53000000   33.49000000   -118.84000000   25.71970633   99.76006267   1.22698978   -0.78308360   
6.43000000   29.53000000   33.49000000   -118.84000000   25.72165912   99.74082656   1.39808879   -0.77488368   
6.43000000   29.53000000   33.49000000   -118.84000000   25.72157116   99.74456689   1.09190907   -0.90264215   
6.43000000   29.53000000   33.49000000   -118.84000000   25.72893358   99.71185906   1.14867772   -0.89828200   
6.43000000   29.53000000   33.49000000   -118.84000000   25.71560354   99.72418145   1.02882374   -0.82031763   
6.43000000   29.53000000   33.49000000   -118.84000000   25.72963230   99.71343922   1.00724391   -0.91601212   
6.43000000   29.53000000   33.49000000   -118.84000000   25.72622814   99.70408920   1.90948726   -0.89094949   
6.43000000   29.53000000   33.49000000   -118.84000000   25.71532519   99.72767545   1.85661877   -0.91697472   
6.43000000   29.53000000   33.49000000   -118.84000000   25.74152043   99.73587944   1.75373184   -0.95392687   
6.43000000   29.53000000   33.49000000   -118.84000000   25.71014822   99.71100491   1.48446267   -0.78830377   
6.43000000   29.53000000   33.49000000   -118.84000000   25.71378539   99.71730266   1.33434133   -0.76638241   
6.43000000   29.53000000   33.49000000   -118.84000000   25.71225927   99.73825711   1.43675829   -0.61129385   
6.43000000   29.53000000   33.49000000   -118.84000000   25.72651197   99.72774172   1.55010363   -0.63821181   
6.43000000   29.53000000   33.49000000   -118.84000000   25.73407213   99.75639181   1.30862547   -0.57562529   
6.43000000   29.53000000   33.49000000   -118.84000000   25.73676908   99.75298047   1.19780440   -0.62143781   
6.43000000   29.53000000   33.49000000   -118.84000000   25.71968166   99.73504224   1.55144967   -0.52947272   
6.43000000   29.53000000   33.49000000   -118.84000000   25.70687922   99.72160445   1.11470011   -0.58341565   
6.43000000   29.53000000   33.49000000   -118.84000000   25.72619852   99.71176476   1.50599943   -0.86890351   
6.43000000   29.53000000   33.49000000   -118.84000000   25.74920752   99.71268223   1.25162867   -0.70385160   
6.43000000   29.53000000   33.49000000   -118.84000000   25.73734976   99.71547167   1.54051932   -0.75197291   
6.43000000   29.53000000   33.49000000   -118.84000000   25.70853414   99.71272474   1.35796857   -0.71549253   
6.43000000   29.53000000   33.49000000   -118.84000000   25.71184786   99.71997510   1.12399496   -0.68062370   
6.43000000   29.53000000   33.49000000   -118.84000000   25.73434067   99.72660394   1.27835295   -0.67310845   
6.43000000   29.53000000   33.49000000   -118.84000000   25.73543107   99.74654091   1.26855817   -0.56973372   
6.43000000   29.53000000   33.49000000   -118.84000000   25.74895968   99.75823073   1.02026774   -0.53054904   
6.43000000   29.53000000   33.49000000   -118.84000000   25.72173195   99.76198636   1.15963946   -0.61262218   
6.43000000   29.53000000   33.49000000   -118.84000000   25.72689520   99.73716318   1.27602605   -0.62284621   
6.43000000   29.53000000   33.49000000   -118.84000000   25.72807695   99.72122503   1.07453393   -0.50929365   
6.43000000   29.53000000   33.49000000   -118.84000000   25.72957665   99.72367622   1.30005572   -0.41864873   
6.43000000   29.53000000   33.49000000   -118.84000000   25.74066637   99.72055400   1.70660901   -0.50242721   
6.43000000   29.53000000   33.49000000   -118.84000000   25.75106436   99.73765904   1.63056274   -0.46365660   
6.43000000   29.53000000   33.49000000   -118.84000000   25.73284361   99.73447936   1.87398030   -0.52805355   
6.43000000   29.53000000   33.49000000   -118.84000000   25.73351897   99.74754558   1.47958877   -0.61637863   
6.43000000   29.53000000   33.49000000   -118.84000000   25.74992415   99.74743941   1.58124904   -0.57032343   
6.43000000   29.53000000   33.49000000   -118.84000000   25.73275887   99.73899085   1.70649320   -0.61853679   
6.43000000   29.53000000   33.49000000   -118.84000000   25.71849347   99.72954744   1.41269433   -0.64388002   
6.43000000   29.53000000   33.49000000   -118.84000000   25.74289417   99.70374398   1.24264576   -0.74128789   
6.43000000   29.53000000   33.49000000   -118.84000000   25.72181545   99.72606171   1.46337504   -0.84894034   
6.43000000   29.53000000   33.49000000   -118.84000000   25.72482581   99.73607475   1.11378859   -0.87391712   
6.43000000   29.53000000   33.49000000   -118.84000000   25.74069589   99.73713765   1.23878081   -0.90939011   
6.43000000   29.53000000   33.49000000   -118.84000000   25.75773306   99.72861860   1.11138682   -0.86631310   
6.43000000   29.53000000   33.49000000   -118.84000000   25.73894242   99.72722749   1.64299971   -0.71107357   
6.43000000   29.53000000   33.49000000   -118.84000000   25.72290908   99.72639536   1.17473245   -0.81635105   
6.43000000   29.53000000   33.49000000   -118.84000000   25.70023971   99.75302810   1.10899694   -0.63443945   
6.43000000   29.53000000   33.49000000   -118.84000000   25.72554250   99.73179120   1.39330749   -0.80598853   
6.43000000   29.53000000   33.49000000   -118.84000000   25.75075143   99.71460451   1.62683148   -0.75097621   
6.43000000   29.53000000   33.49000000   -118.84000000   25.73084351   99.73284301   1.17219032   -0.70293355   
6.43000000   29.53000000   33.49000000   -118.84000000   25.72700793   99.73099481   1.15975422   -0.68204128   
6.43000000   29.53000000   33.49000000   -118.84000000   25.72192928   99.71627196   1.47381685   -0.78008669   
6.43000000   29.53000000   33.49000000   -118.84000000   25.72872243   99.71225028   1.33663795   -0.82109803   
6.43000000   29.53000000   33.49000000   -118.84000000   25.74018589   99.72990126   1.29894170   -0.57773823   
6.43000000   29.53000000   33.49000000   -118.84000000   25.74908147   99.73924746   1.15862237   -0.58862866   
6.43000000   29.53000000   33.49000000   -118.84000000   25.72981033   99.73191969   1.02299563   -0.52051586   
6.43000000   29.53000000   33.49000000   -118.84000000   25.71674854   99.72381074   1.25307733   -0.44211032   
6.43000000   29.53000000   33.49000000   -118.84000000   25.71782786   99.73076220   1.03872849   -0.48510319   
6.43000000   29.53000000   33.49000000   -118.84000000   25.70595042   99.72685881   1.21145270   -0.64603745   
6.43000000   29.53000000   33.49000000   -118.84000000   25.73770850   99.71534334   1.46162839   -0.65280012   
6.43000000   29.53000000   33.49000000   -118.84000000   25.74514815   99.71853450   1.28638393   -0.81180864   
6.43000000   29.53000000   33.49000000   -118.84000000   25.73294832   99.74893153   1.03008086   -0.84547404   
6.43000000   29.53000000   33.49000000   -118.84000000   25.74483222   99.73574713   1.12312507   -0.88098626   
6.43000000   29.53000000   33.49000000   -118.84000000   25.74176357   99.73746853   1.13230269   -0.89426849   
6.43000000   29.53000000   33.49000000   -118.84000000   25.74126815   99.74160314   1.19919359   -0.97550198   
6.43000000   29.53000000   33.49000000   -118.84000000   25.73208443   99.71776024   1.53861547   -0.97265651   
6.43000000   29.53000000   33.49000000   -118.84000000   25.75244649   99.71979629   1.37393425   -0.83503960   
6.43000000   29.53000000   33.49000000   -118.84000000   25.75265421   99.71899518   1.26916921   -0.87838048   
6.43000000   29.53000000   33.49000000   -118.84000000   25.73756687   99.74722162   1.49983871   -0.81888487   
6.43000000   29.53000000   33.49000000   -118.84000000   25.73510724   99.71953562   1.77677991   -0.72655604   
6.43000000   29.53000000   33.49000000   -118.84000000   25.75964060   99.72678241   1.60151912   -0.70432405   
6.43000000   29.53000000   33.49000000   -118.84000000   25.75054122   99.72873938   1.44935729   -0.70258451   
6.43000000   29.53000000   33.49000000   -118.84000000   25.74740187   99.73246737   1.24270704   -0.66989579   
6.43000000   29.53000000   33.49000000   -118.84000000   25.75101937   99.74842975   1.47619049   -0.76797201   
6.43000000   29.53000000   33.49000000   -118.84000000   25.75561649   99.75887259   1.17984925   -0.84939214   
6.43000000   29.53000000   33.49000000   -118.84000000   25.74252155   99.76086307   1.12821427   -0.66326412   
6.43000000   29.53000000   33.49000000   -118.84000000   25.73674451   99.76558740   1.28269397   -0.60810352   
6.43000000   29.53000000   33.49000000   -118.84000000   25.71005365   99.73458837   1.49717682   -0.60839292   
6.43000000   29.53000000   33.49000000   -118.84000000   25.71328331   99.72326821   1.60365142   -0.63919197   
6.43000000   29.53000000   33.49000000   -118.84000000   25.74549540   99.72151347   1.96373624   -0.55285419   
6.43000000   29.53000000   33.49000000   -118.84000000   25.73909352   99.74362801   1.65122919   -0.47579643   
6.43000000   29.53000000   33.49000000   -118.84000000   25.71346516   99.73140576   1.45308806   -0.54090870   
6.43000000   29.53000000   33.49000000   -118.84000000   25.73445120   99.74217068   1.62082570   -0.48461016   
6.43000000   29.53000000   33.49000000   -118.84000000   25.75950597   99.74560842   1.30894399   -0.51008917   
6.43000000   29.53000000   33.49000000   -118.84000000   25.73370853   99.72063014   1.58500649   -0.58373518   
6.43000000   29.53000000   33.49000000   -118.84000000   25.73487516   99.73050133   1.30202725   -0.41900299   
6.43000000   29.53000000   33.49000000   -118.84000000   25.72940256   99.71232477   1.42366826   -0.44957031   
6.43000000   29.53000000   33.49000000   -118.84000000   25.70899489   99.73581201   1.04382692   -0.49918862   
6.43000000   29.53000000   33.49000000   -118.84000000   25.73642235   99.73392131   1.13852667   -0.69304759   
6.43000000   29.53000000   33.49000000   -118.84000000   25.73575645   99.75330748   1.36514845   -0.71647440   
6.43000000   29.53000000   33.49000000   -118.84000000   25.75381171   99.73203727   1.08018526   -0.70397116   
6.43000000   29.53000000   33.49000000   -118.84000000   25.73565316   99.72313672   1.48321716   -0.65477682   
6.43000000   29.53000000   33.49000000   -118.84000000   25.74317585   99.72322825   1.02869886   -0.58202954   
6.43000000   29.53000000   33.49000000   -118.84000000   25.74378475   99.74940781   1.07423001   -0.58533834   
6.43000000   29.53000000   33.49000000   -118.84000000   25.74329922   99.73536643   1.20406837   -0.52451281   
6.43000000   29.53000000   33.49000000   -118.84000000   25.75684742   99.73187857   1.15434351   -0.56490615   
6.43000000   29.53000000   33.49000000   -118.84000000   25.75321652   99.76434809   1.02623661   -0.58593869   
6.43000000   29.53000000   33.49000000   -118.84000000   25.75066223   99.76475510   1.13799343   -0.55924836   
6.43000000   29.53000000   33.49000000   -118.84000000   25.71744953   99.75205595   1.07346631   -0.62342878   
6.43000000   29.53000000   33.49000000   -118.84000000   25.70428520   99.75178569   1.08181918   -0.59262081   
6.43000000   29.53000000   33.49000000   -118.84000000   25.73063972   99.74825184   1.25443464   -0.68029002   
6.43000000   29.53000000   33.49000000   -118.84000000   25.75746282   99.75835817   1.14658739   -0.79102303   
6.43000000   29.53000000   33.49000000   -118.84000000   25.76009422   99.77321037   1.23039298   -0.65437799   
6.43000000   29.53000000   33.49000000   -118.84000000   25.75544548   99.76708234   1.41893311   -0.56268807   
6.43000000   29.53000000   33.49000000   -118.84000000   25.73770025   99.74467076   1.52595327   -0.73708568   
6.43000000   29.53000000   33.49000000   -118.84000000   25.71681568   99.73066587   1.80964931   -0.68550848   
6.43000000   29.53000000   33.49000000   -118.84000000   25.74405522   99.73611418   1.87059220   -0.69648166   
6.43000000   29.53000000   33.49000000   -118.84000000   25.73128467   99.74295460   2.38495159   -0.51198163   
6.43000000   29.53000000   33.49000000   -118.84000000   25.72425180   99.73767554   2.56020938   -0.53758784   
6.43000000   29.53000000   33.49000000   -118.84000000   25.74200142   99.71355568   2.05004855   -0.49720792   
6.43000000   29.53000000   33.49000000   -118.84000000   25.73917675   99.71177737   2.04060648   -0.46110977   
6.43000000   29.53000000   33.49000000   -118.84000000   25.74388422   99.72516617   1.57320411   -0.55255066   
6.43000000   29.53000000   33.49000000   -118.84000000   25.73496760   99.70779373   1.13713460   -0.61536564   
6.43000000   29.53000000   33.49000000   -118.84000000   25.75464380   99.73461260   1.39206113   -0.51787883   
6.43000000   29.53000000   33.49000000   -118.84000000   25.73065912   99.73994234   1.59449705   -0.61465522   
6.43000000   29.53000000   33.49000000   -118.84000000   25.74577297   99.75179914   1.66561451   -0.63613371   
6.43000000   29.53000000   33.49000000   -118.84000000   25.75910696   99.73171104   1.63400361   -0.75285569   
6.43000000   29.53000000   33.49000000   -118.84000000   25.74804481   99.71130871   1.43992955   -0.75897876   
6.43000000   29.53000000   33.49000000   -118.84000000   25.76365648   99.71876577   1.08517352   -0.87457743   
6.43000000   29.53000000   33.49000000   -118.84000000   25.76520804   99.74176831   1.14801666   -0.95861993   
6.43000000   29.53000000   33.49000000   -118.84000000   25.73625500   99.71964548   1.02397202   -0.99137175   
6.43000000   29.53000000   33.49000000   -118.84000000   25.74411050   99.71377535   1.16464999   -0.98840084   
6.43000000   29.53000000   33.49000000   -118.84000000   25.73769434   99.70679453   1.06046526   -0.94643411   
