805.69502289   
811.25217602   
789.33774639   
743.85170768   
794.81444483   
800.34303045   
742.98965302   
745.95036496   
714.15159265   
709.20325843   
741.91562720   
699.05821936   
679.99118988   
682.47827403   
688.63562869   
679.93554833   
653.72630717   
656.74408589   
664.85498050   
677.50513693   
659.25792178   
666.75051131   
673.21392489   
649.46010965   
656.50464675   
644.28871011   
649.18792182   
639.55997563   
663.50449447   
664.52955436   
680.84405725   
636.04398698   
642.23794001   
634.39296132   
642.45827240   
642.97402540   
646.30611298   
635.04984492   
669.26370440   
658.30440859   
625.64946437   
628.20905739   
628.72014939   
634.34934835   
624.95263760   
647.87123751   
617.84952769   
621.67744995   
629.23638888   
628.18424202   
617.56494139   
620.08680632   
627.87458971   
637.37609995   
623.89313702   
622.84535817   
650.83014431   
624.34744790   
622.76184373   
623.48590031   
621.35964857   
625.15575113   
623.84907330   
624.70443394   
619.02328000   
621.56689515   
617.43084515   
628.22223033   
625.75469648   
624.82747136   
624.42114206   
633.70873082   
631.37982213   
622.86348904   
624.94123672   
617.09441016   
624.16507012   
621.81875462   
622.22945133   
626.05087281   
624.70156193   
624.76436719   
624.69776745   
628.28719286   
626.08805711   
618.22259092   
631.72293486   
624.76367637   
624.51621144   
640.02510240   
627.14343956   
621.82515166   
620.26706926   
623.55764270   
626.82852612   
638.35100330   
618.57079904   
621.71645027   
629.55165266   
619.24939888   
621.77513672   
632.36533245   
628.31968508   
630.25538819   
619.20047431   
630.16248672   
630.52989698   
621.89495112   
631.69323511   
617.69190444   
615.29736002   
626.55470755   
622.01719802   
627.79031003   
618.20454191   
625.07728839   
636.56237894   
622.16757016   
616.01056540   
616.86720967   
615.24787430   
620.81199494   
610.31920441   
614.07016864   
620.89269603   
623.58215633   
628.13146193   
645.57058339   
610.47397195   
607.13612234   
612.89006237   
613.16692441   
615.93189245   
607.34690978   
611.98035829   
607.54809874   
609.41529590   
616.19785366   
605.73667803   
609.51839855   
607.69925432   
612.06258283   
600.01055587   
610.53976636   
601.29377532   
603.71062956   
604.83510503   
600.84751714   
601.54888025   
605.91183718   
607.68813754   
609.58118988   
611.40274382   
628.46781710   
634.54086156   
611.81182282   
620.49104357   
616.27157165   
621.34621908   
628.48796153   
608.12434956   
604.40074219   
618.97301443   
604.29897100   
618.11681445   
613.90380996   
601.62969121   
605.39802513   
624.28340469   
603.90691781   
602.62198255   
603.59128747   
616.61974857   
608.48124434   
597.88801064   
599.12015135   
598.72071492   
613.48646627   
598.48699623   
604.40040179   
595.34446410   
610.94597971   
592.03763702   
609.63998164   
596.93191519   
595.02590118   
591.47359061   
595.23918347   
613.16031689   
596.97845954   
596.71926738   
597.24251111   
605.44165608   
607.87271457   
606.22184643   
604.19883789   
593.03215329   
600.74101735   
606.76251305   
588.46359813   
592.03651683   
594.54526282   
600.28213581   
584.91728100   
586.48164568   
587.18754433   
584.75787500   
586.28376098   
587.47387805   
593.56611041   
587.45749593   
582.22388820   
591.82563461   
583.14991718   
583.66008061   
602.84500213   
594.53236503   
579.12770499   
588.23201057   
584.24442755   
578.04959164   
577.20510689   
577.71140569   
575.18385437   
577.15999439   
573.15345551   
579.68572136   
569.87521012   
574.26084584   
576.74555217   
575.58670370   
574.48939350   
578.39694429   
588.35813263   
570.10286630   
577.49183463   
569.54507851   
581.19137312   
569.76156257   
574.66400320   
573.63971521   
588.25565427   
567.08028665   
563.01753639   
568.16167757   
561.35906769   
563.01953120   
569.42232248   
567.78208075   
562.34343960   
572.91325270   
566.68695999   
563.83615830   
559.84935331   
559.03564590   
566.27536754   
568.31496977   
565.31086997   
563.12210776   
562.46823368   
570.16548223   
564.36871825   
553.82644460   
554.66242522   
563.13006461   
553.83559569   
564.13585107   
559.51486323   
550.50848343   
554.26688502   
548.55551540   
559.48708240   
543.58539062   
545.65341682   
542.63559938   
549.99385423   
543.02362846   
543.77010885   
547.57855546   
551.39318724   
545.73040845   
548.68023999   
541.29735889   
547.82494082   
545.07723637   
535.80506239   
540.45337963   
542.65543881   
536.85160507   
539.93427122   
537.79002308   
538.27770699   
541.45281022   
540.03633308   
544.14247823   
543.31389874   
551.94199043   
577.42862602   
538.84418982   
539.45621058   
557.75657062   
538.67607239   
536.24872307   
543.72020683   
544.48348033   
539.15654531   
556.31895227   
543.23777135   
543.17075953   
550.93400524   
545.58542399   
542.08518505   
544.35834031   
539.66477281   
540.17774983   
541.29993287   
540.85230193   
540.77280357   
559.57290420   
560.55125997   
534.86120134   
538.24753372   
541.87722259   
542.22158351   
538.54598537   
538.53249385   
543.01786342   
540.99306972   
544.11408619   
541.88390307   
543.66382257   
552.82440715   
541.83019959   
538.79992013   
541.46965068   
533.49033981   
539.61292507   
540.54267842   
531.15034157   
540.39176395   
538.28409747   
543.45350366   
528.79661148   
534.29207261   
527.26280890   
535.17549308   
534.51644906   
541.63639262   
544.24386369   
531.82246850   
528.85344990   
542.56351310   
528.95349980   
546.84846370   
538.53276378   
526.37005979   
535.89232874   
534.09975826   
545.89745140   
532.05756498   
536.75664369   
531.69063227   
531.51047048   
530.38118660   
534.31287734   
531.07538441   
521.91202541   
526.07080494   
530.71472165   
527.40684825   
541.25558064   
545.83586174   
523.05370296   
526.05173453   
538.13803403   
531.18428144   
529.47359953   
532.61441864   
529.88266438   
531.40472915   
531.35450819   
525.45708798   
521.93184680   
529.30675509   
536.73156795   
518.22302190   
519.62646888   
523.05959673   
540.52157826   
524.81462738   
535.44652335   
532.03906530   
543.87220909   
531.02664401   
533.42195860   
535.02768036   
535.88578691   
522.00213401   
522.36823973   
524.02719726   
522.54892252   
524.35020902   
527.96647875   
528.87840736   
531.08964924   
549.52855654   
538.25633301   
525.43746393   
528.35274450   
526.43182069   
529.00254010   
530.13594475   
551.18108856   
526.82119844   
528.50278416   
530.11100511   
530.43377915   
529.16744359   
533.27402785   
550.00374869   
533.43307757   
537.90156722   
525.67899126   
534.58158511   
522.64299677   
522.66754570   
526.05155414   
541.30736224   
538.79538714   
526.69058421   
529.90248201   
540.02274118   
527.30233462   
530.00945217   
540.27917876   
537.47806750   
533.84450819   
538.04318429   
526.51180015   
529.58445665   
536.17718010   
542.11167374   
541.17857395   
548.52332294   
530.19479230   
528.78205276   
528.29149682   
525.99343052   
528.24878993   
538.05318355   
526.77898229   
530.22980654   
523.38220307   
527.69043724   
527.98436647   
524.91155932   
528.39458719   
541.23010040   
530.56894830   
527.88173478   
541.75750267   
536.08623120   
523.71009466   
523.51721797   
523.08644863   
526.36533966   
538.83377569   
540.95393386   
534.20657655   
526.88466071   
526.20699326   
524.64339446   
527.02266628   
522.32960276   
524.12816063   
523.19689676   
526.55425280   
539.97847918   
530.47227784   
519.60026284   
518.76903622   
527.91836353   
518.78817395   
520.64890102   
522.69076333   
529.67791166   
525.99702813   
523.52225358   
531.73549811   
525.29093099   
533.38301213   
528.34151838   
518.60798413   
518.25413965   
520.36860610   
527.58491695   
519.93894405   
520.09044093   
522.06078558   
524.00722863   
528.25583216   
529.05654774   
524.31056289   
522.05540465   
524.66802618   
523.97301743   
528.03667888   
527.82486458   
530.15396807   
536.37457764   
531.08933753   
523.97171560   
525.28604291   
530.54151244   
533.89803351   
524.24844300   
537.15514556   
527.57000295   
534.24349308   
532.71035365   
523.61689128   
519.67184018   
526.70145075   
520.83107329   
526.93249001   
522.43482131   
537.05384006   
526.06115488   
535.77572526   
533.96920996   
521.40809063   
527.20113949   
523.83698121   
531.88150518   
517.11868825   
519.74040793   
525.31627317   
522.73864566   
519.90616660   
524.60514820   
525.00476836   
534.51800584   
526.58921807   
522.37365879   
530.63745098   
525.66833204   
532.47706350   
530.30438461   
525.86015340   
524.62255214   
531.09931049   
521.96685697   
524.85139670   
524.67417330   
523.04862203   
522.91354756   
528.38913116   
538.81995155   
524.10387496   
525.95494216   
531.45722462   
527.17795729   
531.81447713   
537.58219253   
546.16434377   
528.16878651   
531.41844756   
529.10209375   
525.94942641   
525.89120472   
528.72002440   
541.36784734   
526.70912838   
521.31198792   
524.46815665   
523.76730749   
520.89716071   
524.78737691   
519.23241753   
521.24619941   
530.13226364   
528.00702416   
522.56330931   
520.42571712   
518.39208240   
522.28954574   
520.26394093   
522.50740113   
530.39287479   
526.10746412   
526.35866924   
526.82780834   
519.99792287   
522.01400214   
521.67979407   
527.50988606   
525.22861493   
526.85061883   
525.95825978   
529.88763279   
522.15122244   
521.22263453   
523.12328946   
522.75056573   
523.60622518   
527.28943670   
527.32710757   
531.25209186   
524.24297179   
532.91533622   
524.44154184   
534.16101124   
520.43813229   
521.02553275   
532.18705558   
524.16025265   
527.00161590   
540.82182735   
547.47029440   
546.48829817   
528.04236092   
522.07510966   
522.30204422   
524.66174240   
523.02079665   
532.18898971   
523.41414170   
521.96639302   
523.81023441   
526.05579232   
547.26585336   
531.55225547   
546.81012890   
542.99480184   
535.77231343   
528.89693139   
538.00467160   
563.71366151   
528.36190159   
527.97120553   
537.45222787   
540.85614517   
538.89983953   
530.39959094   
535.96963058   
529.41024856   
531.25550378   
528.83077560   
528.90687266   
532.63173470   
532.34675013   
522.31342945   
525.14242037   
536.50916717   
530.61751080   
530.83821735   
530.99043790   
524.56670169   
532.36805928   
529.87158078   
543.27601190   
527.78878798   
529.58465734   
528.01431044   
525.57303588   
528.04717791   
522.52076512   
527.70008404   
522.66755383   
523.59969326   
523.50932789   
524.24931687   
523.25647549   
535.81849754   
522.01939419   
523.66245076   
538.78049054   
525.53326913   
530.13162794   
523.64074554   
544.02338411   
529.79328184   
528.78697722   
527.73470971   
537.07790564   
527.53374783   
553.61476609   
524.93837324   
524.22579216   
537.95467194   
528.82607390   
524.07176646   
523.62747554   
525.74464902   
521.75994342   
520.19270807   
533.13300943   
522.88954668   
529.73262415   
523.60936871   
532.06254671   
529.43431368   
524.96689300   
521.74695630   
525.31190060   
522.10547150   
522.78283710   
521.13881189   
525.36614220   
527.73115512   
525.87308114   
527.44871388   
526.59636400   
530.12468339   
526.67019712   
532.44597075   
527.86567702   
527.14897772   
518.35318005   
544.29610797   
521.32894181   
533.24499434   
531.23542813   
520.04445725   
520.34388817   
528.00973078   
531.86905772   
521.52156296   
530.86740059   
524.77463920   
524.28782442   
525.47322346   
523.46229976   
528.58356320   
526.69592475   
522.32760050   
525.17157441   
530.24376054   
523.39671343   
527.26808049   
521.16823421   
530.20227612   
522.10262316   
535.37028285   
520.29194371   
540.68831109   
523.24850892   
528.62670023   
525.07126004   
534.79456002   
523.01031194   
524.43781659   
519.74006051   
518.78513684   
519.78656281   
522.16372544   
531.42901933   
528.88622591   
521.01646071   
526.02000181   
520.32378357   
524.52391139   
518.54822089   
519.32408115   
516.99211095   
525.64391856   
527.44524869   
530.59218505   
521.37998124   
526.00511442   
527.87648449   
530.90869923   
523.60720935   
523.26106312   
524.76221104   
523.83913930   
528.05003076   
519.09278214   
533.89130387   
535.71556916   
519.50346273   
522.55121480   
523.33478644   
519.26874630   
534.00886119   
521.42371028   
534.73277525   
530.63086243   
521.47877172   
530.74545683   
520.63870133   
528.04481752   
521.40755126   
540.09963423   
522.15657689   
525.72897855   
539.84587935   
521.95897791   
524.67005801   
524.35162141   
521.73217807   
527.07209978   
550.25814243   
521.59360961   
540.07438453   
523.49058921   
524.46208879   
548.68200005   
524.64840649   
519.73564649   
523.36054310   
533.76895468   
525.00518785   
517.76981686   
522.29065556   
522.73384156   
518.43392957   
522.86080593   
540.79028043   
526.39332415   
521.30749624   
527.29648440   
523.29333106   
541.96558784   
522.51863489   
526.22247834   
535.10692450   
529.68299336   
525.85114727   
526.16593449   
525.17814764   
522.35421489   
529.71398758   
526.44168211   
524.95728985   
521.07771957   
517.60430367   
518.85943709   
519.21805790   
518.28233472   
530.41147372   
526.26960372   
522.78167751   
522.91365097   
533.74678564   
527.32335029   
550.71006471   
527.13182579   
538.41503582   
526.55609204   
529.94615045   
580.79421140   
525.26992852   
531.62860871   
523.89367631   
536.15562984   
525.54321839   
523.27033169   
534.80109181   
523.74875229   
529.91909207   
529.23712357   
533.47093732   
521.33415943   
526.17339341   
520.70801530   
524.51710948   
524.62633034   
525.94069870   
529.89926076   
541.20880567   
525.41753974   
526.11922032   
516.20352445   
520.54349178   
520.76363179   
517.28427208   
517.42642115   
517.94622084   
524.35549199   
523.42633106   
527.59438525   
518.78927846   
519.56486412   
520.66861117   
524.24157575   
518.81957077   
524.54641045   
528.84420640   
522.09253561   
523.93996274   
523.30314553   
543.43787204   
522.43567742   
522.16193844   
521.28057500   
536.17737829   
520.30041756   
530.30039275   
521.77568480   
530.19438702   
520.40828355   
524.76598317   
522.49526358   
518.89545331   
523.12290867   
531.29975932   
528.21748830   
527.00555124   
532.50600613   
522.58410264   
526.59842925   
531.44711683   
532.28043300   
540.28429512   
523.86911792   
536.29725927   
531.03735776   
525.52702668   
524.55122586   
529.64606055   
526.73770183   
527.12715427   
533.52832791   
538.98088868   
528.48175922   
526.50925456   
528.33572106   
529.00121958   
525.23630674   
524.16429965   
525.55318776   
541.92573473   
526.81517861   
524.61754263   
529.95594251   
528.01853504   
528.11300037   
525.74684849   
522.68983599   
530.72388474   
528.75676619   
540.01808886   
525.30407412   
533.92689096   
531.22579986   
532.44751883   
522.85132373   
521.56042925   
526.91013294   
525.10544161   
540.74319835   
522.75726808   
539.10731325   
526.19310418   
530.80975679   
530.39004317   
526.02129712   
525.49203494   
543.38799156   
533.37113905   
525.86499666   
530.59392219   
526.66555644   
528.81747721   
531.51304496   
526.03908322   
532.81223089   
529.88420337   
529.08136758   
532.11069526   
525.79901266   
522.84748627   
528.75304434   
533.80331979   
528.79058611   
527.61091073   
534.09569032   
524.19523588   
525.38652063   
521.79980789   
526.86709499   
530.12318462   
528.94352176   
528.40861702   
530.63684587   
522.62230400   
543.58010968   
524.56610966   
530.77831602   
548.71039699   
522.14926482   
528.93114326   
522.20004778   
531.09787674   
520.17747012   
528.11602204   
527.16782500   
516.94973004   
520.79791486   
524.57895542   
531.69882273   
521.65396567   
527.17256805   
532.11076276   
524.32660103   
520.36832453   
521.95914706   
521.41771271   
518.71258104   
524.51880410   
531.04085659   
526.85064348   
525.40368958   
534.85107763   
546.48247004   
540.08093096   
539.46627574   
526.34419510   
527.65212142   
527.47087486   
525.56880173   
536.60375030   
538.60912845   
536.54495561   
520.57494108   
521.62274656   
524.63760316   
522.43287780   
528.93598908   
521.88203395   
540.52802646   
525.03861719   
524.01713985   
536.71882154   
542.95545143   
539.31133317   
526.84646985   
524.38476769   
538.14239787   
520.75687445   
528.40610565   
523.73247754   
524.70515696   
529.42785292   
518.96962170   
536.48876532   
524.31285408   
539.34642423   
517.66244899   
520.39319771   
519.85009013   
517.09108572   
522.47222673   
519.74393483   
534.39261847   
527.67928622   
530.76753159   
518.34642790   
531.04355477   
531.18820171   
520.49245209   
541.67494028   
531.04784682   
533.41755731   
530.58133689   
522.47856865   
522.55798633   
517.23827251   
522.06500767   
530.90854584   
521.48030417   
522.02142102   
522.05697389   
526.33176703   
523.86840744   
520.48145724   
519.82668746   
519.60750120   
530.05472691   
527.54286761   
529.67287039   
524.34719774   
519.74466227   
529.69256178   
535.23573738   
532.62849113   
528.83449292   
529.99516964   
526.99469483   
523.77007682   
543.97843683   
529.53191792   
517.84588087   
531.16537258   
519.66545442   
532.74558853   
524.21876847   
522.05679128   
526.22752907   
523.32562487   
523.12518835   
524.46930255   
525.94154692   
528.65615003   
527.81781741   
524.18847854   
526.70430146   
533.25162276   
524.86898522   
531.19012864   
530.15327043   
534.17389011   
531.74095949   
527.37772032   
528.37619907   
535.28619704   
534.99370436   
552.70753883   
538.19926395   
538.14075324   
524.53331846   
528.81677514   
527.76646840   
527.47016676   
523.06200070   
531.91467252   
528.21796920   
527.27894949   
529.96776977   
532.86247831   
530.82186075   
529.49991002   
528.68108940   
528.23671545   
532.98845716   
528.92258752   
521.57234149   
521.42514586   
526.23586974   
525.10919389   
522.52936111   
523.24869142   
531.02073177   
536.79711720   
526.79864482   
530.20856894   
532.48383541   
527.25735802   
555.30163144   
543.95755392   
524.83438258   
523.87485192   
527.29141916   
533.51455178   
523.01236919   
522.59507273   
536.44573955   
531.03216594   
550.50975152   
524.15352972   
531.10362258   
534.69853906   
531.24935795   
523.27747790   
528.44178168   
548.53124364   
528.92685325   
526.20229470   
524.53321206   
533.54203682   
533.29461902   
526.84311855   
522.31964574   
528.46067275   
534.52489188   
530.56526284   
524.63082825   
530.00289919   
523.74415120   
531.99581058   
537.90216271   
535.53112380   
534.38299893   
520.89202343   
526.81970348   
525.20321669   
524.59337112   
527.51303344   
533.61317926   
534.15692090   
529.83542153   
534.52250612   
524.36417803   
523.77536764   
525.11773013   
523.25758842   
527.44405390   
534.45085214   
524.59314455   
524.78962185   
533.39703471   
528.63536750   
526.45676365   
528.68066426   
532.05126316   
536.58024737   
524.82828316   
535.15787777   
525.82465174   
530.78149559   
527.44869328   
524.92449222   
533.04587257   
531.45882848   
538.87451172   
528.84352834   
521.70106847   
551.33673164   
528.57970284   
525.23071522   
534.63997944   
527.13125777   
522.74073546   
530.41264343   
527.23512682   
521.83338013   
523.71623726   
517.95991068   
524.46024154   
520.72712908   
525.92916878   
526.11592614   
525.82272617   
523.02059849   
521.75611628   
525.11782771   
524.98340376   
521.61821134   
533.25360157   
534.59977406   
526.03841006   
522.37422648   
525.27479087   
523.10423390   
532.48202312   
522.69006202   
525.64260268   
529.74555795   
528.75988168   
527.86904524   
550.24022329   
527.63069853   
529.77508317   
548.26640410   
525.91174374   
529.87972365   
536.97365980   
540.86885957   
527.87866797   
530.07717248   
522.54702008   
533.81820541   
526.40209623   
520.55611807   
525.83477428   
522.08097800   
520.81934293   
523.46073041   
530.90425519   
530.44890513   
524.69883102   
525.50325097   
553.42991014   
527.42589169   
523.14006735   
523.25351257   
526.05471812   
536.72590277   
525.65268551   
530.80270711   
526.25128385   
521.07850210   
532.68819102   
528.43355362   
526.28673310   
543.08815834   
536.74637180   
521.40476858   
519.19639971   
534.91117240   
516.30767657   
520.45799020   
526.45756725   
519.32897259   
526.80772069   
532.75961359   
525.25329137   
515.67601064   
520.29626001   
516.60019625   
520.17854382   
521.17539050   
537.89685068   
516.10605797   
521.49976487   
519.63612395   
520.82529949   
527.67884590   
516.51601750   
530.57053924   
520.46970860   
527.37056569   
516.49511690   
523.44127165   
525.50095965   
517.70256024   
522.55978186   
519.41375743   
521.91989844   
535.25573483   
524.25417835   
533.62200386   
536.85118458   
524.41118507   
522.25974131   
532.67516450   
524.75628419   
536.07478528   
524.42740453   
533.40653802   
539.35323994   
526.31856441   
527.64012367   
529.53347056   
529.54936614   
540.55526971   
525.68988974   
529.26881067   
527.03352553   
530.14191112   
524.80918138   
527.75229530   
532.81730276   
524.12238976   
524.88258262   
520.33758027   
526.89613440   
521.03698437   
525.15086431   
517.80840929   
527.67690306   
529.59843272   
527.06518964   
520.92231245   
528.04548456   
521.86200264   
520.14725806   
519.21711898   
523.72204936   
521.56016842   
527.00125403   
536.04355321   
530.95363214   
529.97929470   
519.25981420   
520.53571898   
533.30303290   
525.23615207   
522.14530677   
532.43434916   
521.58137465   
520.08646539   
523.26625049   
523.94563902   
546.15430232   
520.61222495   
521.72941696   
520.05949147   
537.41495285   
520.23929733   
522.45813521   
520.07402163   
520.61566354   
525.03880953   
522.59585022   
528.58358430   
518.77821203   
542.64427955   
522.37121719   
521.46103174   
529.77660529   
528.58083998   
517.43573109   
524.24865617   
524.28708876   
526.20230323   
521.46749985   
524.00328076   
527.32406229   
532.39203471   
532.39840046   
523.80262220   
523.94575365   
535.52232964   
528.19863430   
524.39624124   
517.34699243   
520.47425753   
518.71484487   
531.32504043   
523.34542863   
520.39715273   
519.59398738   
526.10222474   
550.09237739   
526.53489912   
526.94146673   
520.39899288   
528.14319498   
523.85792027   
522.98930249   
524.37319231   
526.67614790   
525.43804133   
522.45768875   
522.06392716   
528.01695705   
537.99362511   
525.86050510   
538.58338860   
527.54354595   
528.54949081   
526.76317440   
528.08896141   
554.65093127   
541.09179710   
531.44275163   
527.72619200   
532.28307895   
542.85122004   
533.41072262   
528.46663608   
533.22557750   
529.28337663   
526.64341334   
544.54328863   
520.82895277   
526.05618179   
523.36845491   
532.46396359   
524.37771923   
531.40294121   
535.36488198   
523.06364049   
524.14651566   
527.05053712   
526.29959281   
528.91708386   
522.71128519   
522.82167881   
522.57946531   
526.03788908   
531.46109058   
532.86267551   
523.59444510   
527.14898808   
530.60215908   
531.76336556   
524.10534548   
