1040.88515886   
1039.79670700   
927.36246917   
870.98997411   
863.75115958   
811.41221416   
759.31790770   
685.11863882   
687.29725733   
686.59489325   
685.58870003   
667.01593889   
656.84883800   
646.76987282   
650.97641531   
652.01283428   
632.21599902   
626.06883839   
629.62300462   
625.93515629   
622.54555705   
617.31007424   
600.03047539   
597.61035791   
600.02291938   
591.70647445   
586.15668645   
581.40170131   
576.11284208   
572.62066506   
573.23053675   
562.89156608   
562.10098835   
559.51791978   
555.64429783   
551.38444110   
551.22759182   
551.15100534   
552.75089319   
551.33329838   
551.43581053   
551.61862336   
554.62411005   
554.21602718   
551.07872108   
555.34450214   
556.64785749   
555.66425224   
553.95157701   
556.90835264   
556.08155362   
555.97638033   
555.09873178   
556.55220845   
555.24716545   
551.36380965   
548.43006602   
548.19748009   
547.85632247   
547.27389363   
550.20273387   
547.04471874   
546.78515606   
547.36616153   
549.21797837   
542.59458031   
541.33662416   
543.00804529   
541.98017954   
543.87505918   
539.70685683   
536.03663098   
535.11972998   
536.89687850   
534.56289668   
534.14035419   
534.05184794   
535.01706099   
528.05431330   
527.90470684   
528.42284234   
523.59868547   
523.07096708   
523.20431407   
521.81304880   
526.08202581   
522.71734264   
517.37965056   
516.03998931   
521.22604112   
521.78331583   
525.66599816   
522.97183451   
522.68492807   
522.49604146   
520.04439781   
518.04195313   
520.24643387   
519.33813727   
518.28165616   
524.34420664   
515.91073156   
519.75190189   
519.50184280   
520.47915984   
517.95448690   
518.39024735   
517.03570025   
516.98172137   
517.16187062   
520.57717025   
521.26836991   
523.04788997   
525.79392485   
525.52394453   
524.37013648   
524.29271720   
525.06259599   
523.10102607   
521.02055335   
521.90941263   
521.75294720   
518.22353363   
517.37452306   
516.70160033   
516.21147988   
518.04043886   
522.50855721   
522.66249123   
520.19620696   
525.82694374   
522.40755849   
522.01922256   
521.12019594   
522.14933822   
519.14280312   
518.30861399   
517.57068179   
521.75826309   
521.24956342   
521.91826117   
527.38839129   
528.95810795   
521.99043505   
519.88108693   
522.64376991   
520.85141157   
517.94200851   
517.98153984   
518.41177442   
520.19186091   
519.58557799   
519.07123248   
525.33550293   
520.52822018   
522.37606610   
524.57331928   
522.82799931   
522.06652518   
520.70286571   
524.26525685   
522.95848156   
520.93370449   
520.29975413   
519.22327728   
519.00249497   
521.79949531   
519.06744701   
518.62553801   
520.49400734   
519.75465793   
518.95672695   
524.53022563   
527.98377329   
532.80432152   
523.15797868   
520.05089693   
520.95415884   
519.24809491   
518.53449339   
523.58429567   
524.34339162   
525.02456834   
526.48744340   
528.65122841   
523.93840196   
530.68176557   
534.07946996   
525.93945818   
523.58891673   
519.39959889   
521.20050362   
524.09859302   
524.25721681   
521.15790623   
520.82111607   
518.62952593   
519.72386490   
520.93409654   
520.70441635   
518.35846809   
520.28737079   
520.08132684   
519.83923031   
519.20746830   
522.74290135   
524.54591910   
523.52811547   
523.11986746   
521.13930475   
519.60429921   
520.57967454   
519.02818577   
519.38090785   
520.28457634   
519.71767400   
524.24052138   
519.83947803   
518.66853236   
519.47722795   
519.05385696   
518.07572230   
523.68412420   
521.76930790   
524.44897583   
521.23216479   
520.49629143   
516.30340416   
518.01969502   
517.21668635   
517.04294263   
520.49647202   
519.46960528   
522.29094771   
517.50073562   
516.58517914   
517.13790965   
521.27054519   
525.38904662   
523.03491255   
524.27693045   
523.43108835   
518.83449354   
519.65295136   
520.08180798   
521.99075736   
525.22172748   
521.45405718   
524.23579223   
522.63683390   
525.11737047   
525.49856149   
521.73919763   
522.14549304   
525.19608735   
524.88206318   
523.73611145   
524.42820955   
524.63409938   
521.69856483   
522.17331428   
519.43916697   
524.33793378   
520.85388865   
521.48203010   
522.30930221   
519.44485065   
521.92037288   
522.07924612   
521.00189821   
516.91888448   
516.83264710   
518.09876422   
518.79200649   
519.49893635   
520.87685661   
520.67330216   
519.19714150   
519.70098271   
524.44120029   
519.72088262   
518.07848150   
519.28109046   
520.42434518   
519.28530001   
516.24260970   
515.94222982   
516.47917025   
517.57975389   
525.30353274   
525.14115950   
518.51400156   
519.44108133   
519.58948017   
519.38413270   
519.65060594   
518.96798422   
522.17083663   
523.61583238   
521.16262091   
520.44382034   
520.43355027   
520.81431526   
518.31127067   
521.25565080   
519.53430495   
519.04201392   
523.87216774   
522.23822744   
517.92551157   
520.11141552   
518.03579145   
519.66030290   
518.92976120   
518.11835996   
517.50015807   
519.00515534   
518.84863303   
519.99391678   
520.28083319   
517.88553440   
522.57258188   
522.14018472   
524.14033908   
525.02458086   
520.17988226   
518.93977947   
523.62836340   
523.88602395   
522.77311999   
520.23139623   
519.20220275   
518.48636938   
516.41656944   
517.47966828   
516.77784120   
517.27460196   
517.20715946   
517.83370264   
517.90770184   
517.26864201   
520.06563509   
520.79316831   
516.20589311   
518.30373472   
520.06858682   
516.31190488   
519.04018297   
521.77744630   
520.45998012   
520.88829073   
520.88102674   
521.17328114   
522.54027577   
522.08482909   
520.79896222   
522.73725025   
522.72477485   
526.32541787   
523.22929324   
520.94584383   
523.35389035   
521.72360404   
524.50438716   
518.74625734   
517.60020213   
