7.61000000   47.39000000   46.68000000   -110.52000000   25.74838408   99.93928927   17.32289782   -0.19799904   
7.61000000   47.39000000   46.68000000   -110.52000000   25.72981486   99.93707084   17.33118517   -0.18796346   
7.61000000   47.39000000   46.68000000   -110.52000000   25.73060852   99.89696465   17.09575052   -0.24846994   
7.61000000   47.39000000   46.68000000   -110.52000000   25.75606133   99.87023198   17.24908456   -0.37219472   
7.61000000   47.39000000   46.68000000   -110.52000000   25.74353255   99.85825094   17.93888582   -0.35111709   
7.61000000   47.39000000   46.68000000   -110.52000000   25.74168275   99.83844283   17.23028613   -0.39771167   
7.61000000   47.39000000   46.68000000   -110.52000000   25.78602926   99.81374273   17.57779235   -0.37512401   
7.61000000   47.39000000   46.68000000   -110.52000000   25.79459055   99.77704605   16.20966075   -0.39812884   
7.61000000   47.39000000   46.68000000   -110.52000000   25.80149972   99.76982210   16.89051617   -0.36498173   
7.61000000   47.39000000   46.68000000   -110.52000000   25.80380108   99.76866372   16.66416566   -0.48174260   
7.61000000   47.39000000   46.68000000   -110.52000000   25.79209818   99.76715988   16.34938787   -0.47314380   
7.61000000   47.39000000   46.68000000   -110.52000000   25.75348706   99.75904218   15.74492566   -0.46363731   
7.61000000   47.39000000   46.68000000   -110.52000000   25.72749255   99.73881742   15.15152300   -0.51979991   
7.61000000   47.39000000   46.68000000   -110.52000000   25.76642915   99.73149775   15.53622659   -0.59333795   
7.61000000   47.39000000   46.68000000   -110.52000000   25.74890593   99.71407738   14.80535734   -0.85035523   
7.61000000   47.39000000   46.68000000   -110.52000000   25.72707840   99.72368661   14.59450334   -0.70367896   
7.61000000   47.39000000   46.68000000   -110.52000000   25.73898596   99.71418687   14.27356774   -0.58549219   
7.61000000   47.39000000   46.68000000   -110.52000000   25.74333061   99.72570294   14.23154704   -0.50567542   
7.61000000   47.39000000   46.68000000   -110.52000000   25.73692125   99.73180383   13.21607237   -0.64222171   
7.61000000   47.39000000   46.68000000   -110.52000000   25.73101269   99.72719159   12.86740609   -0.57138757   
7.61000000   47.39000000   46.68000000   -110.52000000   25.73819291   99.71303820   13.82551563   -0.55262902   
7.61000000   47.39000000   46.68000000   -110.52000000   25.75422007   99.73031042   13.14701368   -0.53740969   
7.61000000   47.39000000   46.68000000   -110.52000000   25.75996766   99.70426257   12.25287757   -0.57522553   
7.61000000   47.39000000   46.68000000   -110.52000000   25.75518331   99.71155653   12.34130595   -0.46732660   
7.61000000   47.39000000   46.68000000   -110.52000000   25.75465574   99.72179339   11.84035650   -0.47855962   
7.61000000   47.39000000   46.68000000   -110.52000000   25.79391692   99.70567731   11.75153734   -0.52493365   
7.61000000   47.39000000   46.68000000   -110.52000000   25.79712974   99.70529772   11.35684893   -0.42059968   
7.61000000   47.39000000   46.68000000   -110.52000000   25.79145887   99.70207740   11.40347337   -0.27164198   
7.61000000   47.39000000   46.68000000   -110.52000000   25.77164659   99.71245106   10.87101441   -0.20984614   
7.61000000   47.39000000   46.68000000   -110.52000000   25.77894968   99.71139284   10.68673098   -0.20802893   
7.61000000   47.39000000   46.68000000   -110.52000000   25.77976425   99.70281607   11.05039449   -0.14746935   
7.61000000   47.39000000   46.68000000   -110.52000000   25.76895568   99.71071155   9.60231463   -0.00608025   
7.61000000   47.39000000   46.68000000   -110.52000000   25.74080073   99.71091099   9.09779913   -0.16642803   
7.61000000   47.39000000   46.68000000   -110.52000000   25.74170034   99.72419253   8.60856059   -0.00405763   
7.61000000   47.39000000   46.68000000   -110.52000000   25.74353770   99.73994555   7.39780819   -0.02007944   
7.61000000   47.39000000   46.68000000   -110.52000000   25.75946140   99.70887236   7.22680456   0.22817768   
7.61000000   47.39000000   46.68000000   -110.52000000   25.75977192   99.71691104   7.64536506   0.15147767   
7.61000000   47.39000000   46.68000000   -110.52000000   25.74661579   99.71802376   7.53382625   0.14048613   
7.61000000   47.39000000   46.68000000   -110.52000000   25.77488690   99.72338737   7.24709373   0.15497273   
7.61000000   47.39000000   46.68000000   -110.52000000   25.74465593   99.72230123   7.53723188   0.14497523   
7.61000000   47.39000000   46.68000000   -110.52000000   25.74435330   99.71551670   7.67750927   0.18642229   
7.61000000   47.39000000   46.68000000   -110.52000000   25.74979421   99.70908590   7.67636202   0.16162250   
7.61000000   47.39000000   46.68000000   -110.52000000   25.73883054   99.75152603   7.67401191   0.22487433   
7.61000000   47.39000000   46.68000000   -110.52000000   25.74490624   99.74717790   7.36909692   0.36788577   
7.61000000   47.39000000   46.68000000   -110.52000000   25.73964484   99.72671709   7.66084972   0.27087969   
7.61000000   47.39000000   46.68000000   -110.52000000   25.77642772   99.71268218   7.03678371   0.16871496   
7.61000000   47.39000000   46.68000000   -110.52000000   25.76237878   99.74943950   7.40955366   0.47282339   
7.61000000   47.39000000   46.68000000   -110.52000000   25.71450916   99.73955646   7.63856093   0.43193623   
7.61000000   47.39000000   46.68000000   -110.52000000   25.74039561   99.71143068   7.63353332   0.48203411   
7.61000000   47.39000000   46.68000000   -110.52000000   25.75759256   99.72096282   8.23550057   0.54959879   
7.61000000   47.39000000   46.68000000   -110.52000000   25.74297066   99.71314467   7.86838194   0.48624194   
7.61000000   47.39000000   46.68000000   -110.52000000   25.74760032   99.71332741   8.58244668   0.34998941   
7.61000000   47.39000000   46.68000000   -110.52000000   25.72644153   99.72241925   7.97835179   0.26321081   
7.61000000   47.39000000   46.68000000   -110.52000000   25.73746848   99.70606541   8.42240492   0.23108321   
7.61000000   47.39000000   46.68000000   -110.52000000   25.74861528   99.70548241   7.75584600   0.22434680   
7.61000000   47.39000000   46.68000000   -110.52000000   25.77506488   99.73439656   6.69497047   0.02942972   
7.61000000   47.39000000   46.68000000   -110.52000000   25.76948708   99.71336792   6.54330183   -0.10998913   
7.61000000   47.39000000   46.68000000   -110.52000000   25.76569634   99.71772919   6.32710822   -0.20698709   
7.61000000   47.39000000   46.68000000   -110.52000000   25.76194335   99.74131475   6.23554106   -0.14814130   
7.61000000   47.39000000   46.68000000   -110.52000000   25.73513475   99.72770446   6.74485353   -0.13830358   
7.61000000   47.39000000   46.68000000   -110.52000000   25.72310257   99.72662338   6.50121328   -0.14914179   
7.61000000   47.39000000   46.68000000   -110.52000000   25.74271931   99.73214228   5.88593993   -0.32011876   
7.61000000   47.39000000   46.68000000   -110.52000000   25.73942272   99.71469224   5.96886497   -0.29462884   
7.61000000   47.39000000   46.68000000   -110.52000000   25.76680276   99.71021219   5.79344454   -0.31464993   
7.61000000   47.39000000   46.68000000   -110.52000000   25.73770662   99.70606937   6.59804780   -0.36822180   
7.61000000   47.39000000   46.68000000   -110.52000000   25.73095234   99.70699584   5.20544599   -0.44380061   
7.61000000   47.39000000   46.68000000   -110.52000000   25.74272092   99.71957481   4.78853623   -0.40339905   
7.61000000   47.39000000   46.68000000   -110.52000000   25.73448653   99.73428163   4.87530169   -0.35771633   
7.61000000   47.39000000   46.68000000   -110.52000000   25.75887618   99.73046303   5.23143114   -0.32979551   
7.61000000   47.39000000   46.68000000   -110.52000000   25.76983058   99.70930825   4.81675613   -0.25754489   
7.61000000   47.39000000   46.68000000   -110.52000000   25.75578396   99.70996108   4.63803079   -0.19940225   
7.61000000   47.39000000   46.68000000   -110.52000000   25.75665684   99.72099604   4.22985821   -0.07769730   
7.61000000   47.39000000   46.68000000   -110.52000000   25.73140321   99.72723165   3.88511346   -0.09723523   
7.61000000   47.39000000   46.68000000   -110.52000000   25.76167404   99.71225614   3.70624377   -0.13244730   
7.61000000   47.39000000   46.68000000   -110.52000000   25.74791384   99.75816258   3.39837233   -0.03056521   
7.61000000   47.39000000   46.68000000   -110.52000000   25.76473290   99.74985036   3.09989049   -0.19217887   
7.61000000   47.39000000   46.68000000   -110.52000000   25.78015126   99.74242809   2.16129187   -0.23588165   
7.61000000   47.39000000   46.68000000   -110.52000000   25.78002630   99.71969782   1.98767254   -0.34630950   
7.61000000   47.39000000   46.68000000   -110.52000000   25.75933588   99.73159518   2.54057388   -0.26855391   
7.61000000   47.39000000   46.68000000   -110.52000000   25.76927577   99.73175654   2.10428811   -0.37067034   
7.61000000   47.39000000   46.68000000   -110.52000000   25.77412533   99.73853861   1.12521819   -0.32198810   
7.61000000   47.39000000   46.68000000   -110.52000000   25.76260895   99.73387024   1.56273368   -0.44736475   
7.61000000   47.39000000   46.68000000   -110.52000000   25.76199098   99.73618097   1.70060493   -0.57581789   
7.61000000   47.39000000   46.68000000   -110.52000000   25.73994832   99.76485989   1.64636601   -0.47394571   
7.61000000   47.39000000   46.68000000   -110.52000000   25.73856113   99.75506675   1.59514440   -0.44721144   
7.61000000   47.39000000   46.68000000   -110.52000000   25.74881622   99.76950292   1.30905823   -0.42356730   
7.61000000   47.39000000   46.68000000   -110.52000000   25.74808180   99.76025785   1.40430120   -0.34240729   
7.61000000   47.39000000   46.68000000   -110.52000000   25.73415057   99.74800401   1.14110936   -0.49884024   
7.61000000   47.39000000   46.68000000   -110.52000000   25.72076296   99.74515127   1.06303746   -0.50885355   
7.61000000   47.39000000   46.68000000   -110.52000000   25.69576179   99.74016519   1.16338087   -0.60208301   
7.61000000   47.39000000   46.68000000   -110.52000000   25.69843602   99.74744211   1.18336994   -0.58024387   
7.61000000   47.39000000   46.68000000   -110.52000000   25.68661095   99.73448198   1.17949039   -0.46506535   
7.61000000   47.39000000   46.68000000   -110.52000000   25.69283640   99.74562559   1.08031666   -0.54040117   
7.61000000   47.39000000   46.68000000   -110.52000000   25.72511610   99.75824153   1.29557586   -0.58557018   
7.61000000   47.39000000   46.68000000   -110.52000000   25.72819528   99.73619729   1.87774956   -0.57561668   
7.61000000   47.39000000   46.68000000   -110.52000000   25.74944588   99.71465684   1.06927775   -0.63310648   
7.61000000   47.39000000   46.68000000   -110.52000000   25.73469242   99.71683413   1.20843793   -0.74409090   
7.61000000   47.39000000   46.68000000   -110.52000000   25.73242427   99.72146206   1.25982302   -0.62212877   
7.61000000   47.39000000   46.68000000   -110.52000000   25.73976602   99.74125207   1.35758372   -0.56331124   
7.61000000   47.39000000   46.68000000   -110.52000000   25.74467523   99.75400460   1.24013041   -0.65119431   
7.61000000   47.39000000   46.68000000   -110.52000000   25.70802858   99.74725166   1.31399468   -0.67370056   
7.61000000   47.39000000   46.68000000   -110.52000000   25.73460390   99.73213945   1.00085162   -0.70733742   
7.61000000   47.39000000   46.68000000   -110.52000000   25.74354144   99.70986380   1.22111659   -0.86114866   
7.61000000   47.39000000   46.68000000   -110.52000000   25.73125818   99.72885765   1.04501663   -0.97779812   
7.61000000   47.39000000   46.68000000   -110.52000000   25.73106363   99.70679183   1.10135900   -0.72213737   
7.61000000   47.39000000   46.68000000   -110.52000000   25.74898226   99.74208051   1.24785013   -0.68545463   
7.61000000   47.39000000   46.68000000   -110.52000000   25.74562366   99.74528281   1.20747226   -0.62688091   
7.61000000   47.39000000   46.68000000   -110.52000000   25.73941926   99.72673356   1.08075987   -0.73182986   
7.61000000   47.39000000   46.68000000   -110.52000000   25.72176590   99.74564118   1.24659307   -0.69156085   
7.61000000   47.39000000   46.68000000   -110.52000000   25.72632951   99.73929601   1.19375958   -0.74163128   
7.61000000   47.39000000   46.68000000   -110.52000000   25.76008856   99.72992550   1.14187724   -0.82666679   
7.61000000   47.39000000   46.68000000   -110.52000000   25.71340266   99.74881996   1.12501959   -0.82488714   
7.61000000   47.39000000   46.68000000   -110.52000000   25.71035900   99.72990094   1.25646438   -0.78329737   
7.61000000   47.39000000   46.68000000   -110.52000000   25.69426629   99.73209077   1.20583595   -0.89868530   
7.61000000   47.39000000   46.68000000   -110.52000000   25.69929638   99.73795866   1.09357962   -0.91700485   
7.61000000   47.39000000   46.68000000   -110.52000000   25.70855474   99.71181194   1.26868879   -0.72829062   
7.61000000   47.39000000   46.68000000   -110.52000000   25.69813711   99.73622687   1.45914720   -0.55950614   
7.61000000   47.39000000   46.68000000   -110.52000000   25.72933520   99.76053725   2.16745662   -0.53097514   
7.61000000   47.39000000   46.68000000   -110.52000000   25.74548730   99.75249566   1.73582858   -0.63425573   
7.61000000   47.39000000   46.68000000   -110.52000000   25.76102604   99.72056882   1.18740390   -0.75582489   
7.61000000   47.39000000   46.68000000   -110.52000000   25.76506834   99.72902160   1.12744760   -0.85610877   
7.61000000   47.39000000   46.68000000   -110.52000000   25.74995728   99.73034459   1.45472904   -0.79082156   
7.61000000   47.39000000   46.68000000   -110.52000000   25.74493997   99.74144098   1.15516766   -0.67542412   
7.61000000   47.39000000   46.68000000   -110.52000000   25.71777294   99.72839102   1.02913406   -0.75305396   
7.61000000   47.39000000   46.68000000   -110.52000000   25.73250831   99.72840733   1.18224708   -0.65251064   
7.61000000   47.39000000   46.68000000   -110.52000000   25.73842566   99.72137524   1.20475391   -0.67898857   
7.61000000   47.39000000   46.68000000   -110.52000000   25.74486958   99.72120205   1.21070552   -0.61427593   
7.61000000   47.39000000   46.68000000   -110.52000000   25.71415090   99.72395747   1.43893760   -0.64227783   
7.61000000   47.39000000   46.68000000   -110.52000000   25.72289679   99.73808952   1.75978259   -0.48574895   
7.61000000   47.39000000   46.68000000   -110.52000000   25.71756135   99.72873440   1.66824602   -0.66212737   
7.61000000   47.39000000   46.68000000   -110.52000000   25.71594633   99.72515355   1.76376126   -0.73999733   
7.61000000   47.39000000   46.68000000   -110.52000000   25.72366548   99.74335827   1.70050037   -0.77632572   
7.61000000   47.39000000   46.68000000   -110.52000000   25.75252154   99.71434130   1.28568814   -0.78100621   
7.61000000   47.39000000   46.68000000   -110.52000000   25.74713522   99.70404835   1.21905017   -0.85214368   
7.61000000   47.39000000   46.68000000   -110.52000000   25.75326695   99.72550531   1.08703193   -1.15189653   
7.61000000   47.39000000   46.68000000   -110.52000000   25.73875232   99.72369285   1.09368650   -1.02538573   
7.61000000   47.39000000   46.68000000   -110.52000000   25.73774609   99.71844241   1.22386206   -0.92088489   
7.61000000   47.39000000   46.68000000   -110.52000000   25.74136853   99.72711497   1.12882023   -0.84579223   
7.61000000   47.39000000   46.68000000   -110.52000000   25.75784799   99.73000892   1.34208970   -0.75555714   
7.61000000   47.39000000   46.68000000   -110.52000000   25.74110619   99.72492249   1.58247643   -0.78167658   
7.61000000   47.39000000   46.68000000   -110.52000000   25.71552120   99.73223103   1.65095573   -0.75690709   
7.61000000   47.39000000   46.68000000   -110.52000000   25.70914980   99.71208406   1.82248947   -0.71571500   
7.61000000   47.39000000   46.68000000   -110.52000000   25.71036718   99.72806507   1.84331679   -0.83396103   
7.61000000   47.39000000   46.68000000   -110.52000000   25.70818171   99.74744639   1.00002852   -0.81201001   
7.61000000   47.39000000   46.68000000   -110.52000000   25.71988206   99.72161832   1.17569427   -0.89353439   
7.61000000   47.39000000   46.68000000   -110.52000000   25.72057257   99.70474792   1.19609318   -0.85307279   
7.61000000   47.39000000   46.68000000   -110.52000000   25.72308753   99.73735300   1.62312503   -0.66399793   
7.61000000   47.39000000   46.68000000   -110.52000000   25.71332226   99.73585405   1.24348459   -0.63502512   
7.61000000   47.39000000   46.68000000   -110.52000000   25.74461179   99.73495162   1.22119638   -0.76812517   
7.61000000   47.39000000   46.68000000   -110.52000000   25.73913278   99.74036412   1.08001727   -0.82520983   
7.61000000   47.39000000   46.68000000   -110.52000000   25.74870418   99.73138291   1.59064800   -0.64800550   
7.61000000   47.39000000   46.68000000   -110.52000000   25.74075124   99.73380887   1.47452663   -0.68111795   
7.61000000   47.39000000   46.68000000   -110.52000000   25.72245576   99.72336774   1.15354714   -0.77451114   
7.61000000   47.39000000   46.68000000   -110.52000000   25.70614464   99.73734275   1.25276664   -0.74019443   
7.61000000   47.39000000   46.68000000   -110.52000000   25.71886305   99.74075836   1.54639234   -0.66207663   
7.61000000   47.39000000   46.68000000   -110.52000000   25.74425558   99.74802656   1.60725548   -0.76954582   
7.61000000   47.39000000   46.68000000   -110.52000000   25.70497078   99.72796193   1.58244791   -0.73650935   
7.61000000   47.39000000   46.68000000   -110.52000000   25.70179589   99.72532425   1.44774432   -0.66478879   
7.61000000   47.39000000   46.68000000   -110.52000000   25.74763546   99.72584318   1.65581839   -0.88417863   
7.61000000   47.39000000   46.68000000   -110.52000000   25.72439451   99.70518071   1.18694813   -0.87783111   
7.61000000   47.39000000   46.68000000   -110.52000000   25.72702134   99.74496329   1.31524779   -0.87405665   
7.61000000   47.39000000   46.68000000   -110.52000000   25.72973446   99.70176017   1.37077699   -0.79375077   
7.61000000   47.39000000   46.68000000   -110.52000000   25.74427728   99.72167006   1.26992766   -0.83695499   
7.61000000   47.39000000   46.68000000   -110.52000000   25.75491935   99.72535888   1.20646617   -1.01025077   
7.61000000   47.39000000   46.68000000   -110.52000000   25.74564351   99.71858200   1.05346577   -0.98249906   
7.61000000   47.39000000   46.68000000   -110.52000000   25.72015867   99.71875799   1.20642203   -0.94155311   
7.61000000   47.39000000   46.68000000   -110.52000000   25.72834945   99.72409790   1.28651046   -0.90189629   
7.61000000   47.39000000   46.68000000   -110.52000000   25.72362836   99.71669672   1.07778171   -0.63954063   
7.61000000   47.39000000   46.68000000   -110.52000000   25.75011575   99.74635633   1.20887560   -0.56627254   
7.61000000   47.39000000   46.68000000   -110.52000000   25.74450989   99.75623645   1.43856033   -0.44792487   
7.61000000   47.39000000   46.68000000   -110.52000000   25.72201493   99.75032178   1.51729348   -0.40114465   
7.61000000   47.39000000   46.68000000   -110.52000000   25.73622710   99.76171623   1.07090415   -0.50677334   
7.61000000   47.39000000   46.68000000   -110.52000000   25.75295389   99.76003690   1.46544766   -0.46789415   
7.61000000   47.39000000   46.68000000   -110.52000000   25.76014362   99.71308574   1.71323986   -0.35806747   
7.61000000   47.39000000   46.68000000   -110.52000000   25.77301210   99.71086950   1.45052317   -0.41178246   
7.61000000   47.39000000   46.68000000   -110.52000000   25.75179931   99.73213508   1.46247469   -0.27114290   
7.61000000   47.39000000   46.68000000   -110.52000000   25.74294067   99.74582267   1.44287154   -0.39213379   
7.61000000   47.39000000   46.68000000   -110.52000000   25.72460953   99.76327463   1.72172448   -0.29575717   
7.61000000   47.39000000   46.68000000   -110.52000000   25.71783570   99.75044649   1.55543844   -0.36697994   
7.61000000   47.39000000   46.68000000   -110.52000000   25.75100015   99.73945726   1.06951496   -0.40408943   
7.61000000   47.39000000   46.68000000   -110.52000000   25.75009068   99.76205027   1.25842038   -0.25752172   
7.61000000   47.39000000   46.68000000   -110.52000000   25.74498898   99.76837015   1.48729371   -0.27322455   
7.61000000   47.39000000   46.68000000   -110.52000000   25.73087548   99.76639028   1.84386454   -0.17590220   
7.61000000   47.39000000   46.68000000   -110.52000000   25.75302353   99.77962445   1.22505511   -0.13536985   
7.61000000   47.39000000   46.68000000   -110.52000000   25.75666264   99.76273982   2.06939219   -0.28542465   
7.61000000   47.39000000   46.68000000   -110.52000000   25.71175712   99.73855185   2.16481947   -0.35009049   
7.61000000   47.39000000   46.68000000   -110.52000000   25.67908834   99.73087424   1.53701850   -0.27077303   
7.61000000   47.39000000   46.68000000   -110.52000000   25.67253964   99.72339270   1.19655560   -0.21281521   
7.61000000   47.39000000   46.68000000   -110.52000000   25.69890206   99.72666280   1.71011792   -0.22127708   
7.61000000   47.39000000   46.68000000   -110.52000000   25.70153965   99.73012487   1.35414073   -0.25686612   
7.61000000   47.39000000   46.68000000   -110.52000000   25.70531644   99.76597302   1.07835105   -0.15950305   
7.61000000   47.39000000   46.68000000   -110.52000000   25.69456624   99.75508368   1.22509796   -0.00290626   
7.61000000   47.39000000   46.68000000   -110.52000000   25.70487203   99.76297266   1.38435743   0.02647555   
7.61000000   47.39000000   46.68000000   -110.52000000   25.71164984   99.77477766   1.55767112   -0.07974553   
7.61000000   47.39000000   46.68000000   -110.52000000   25.73747911   99.75521358   1.34307279   -0.16935125   
7.61000000   47.39000000   46.68000000   -110.52000000   25.71889162   99.75808769   1.64839641   -0.16565232   
7.61000000   47.39000000   46.68000000   -110.52000000   25.73986997   99.73915164   1.24698949   -0.31294843   
7.61000000   47.39000000   46.68000000   -110.52000000   25.72348939   99.73402463   1.65119448   -0.40822522   
7.61000000   47.39000000   46.68000000   -110.52000000   25.74263539   99.71709552   1.61016375   -0.55332382   
7.61000000   47.39000000   46.68000000   -110.52000000   25.74170097   99.72925805   1.33005820   -0.68977407   
7.61000000   47.39000000   46.68000000   -110.52000000   25.72238345   99.74400303   1.24083193   -0.71000884   
7.61000000   47.39000000   46.68000000   -110.52000000   25.73294868   99.75029141   1.39762064   -0.59192238   
7.61000000   47.39000000   46.68000000   -110.52000000   25.72758733   99.75536298   1.15250768   -0.71713891   
7.61000000   47.39000000   46.68000000   -110.52000000   25.75168520   99.74171051   1.03504203   -0.83024696   
7.61000000   47.39000000   46.68000000   -110.52000000   25.73421293   99.72979857   1.41971909   -0.68129234   
7.61000000   47.39000000   46.68000000   -110.52000000   25.72720028   99.72869259   1.86362350   -0.58420427   
7.61000000   47.39000000   46.68000000   -110.52000000   25.73960380   99.70648342   1.82208593   -0.54349905   
7.61000000   47.39000000   46.68000000   -110.52000000   25.74106499   99.71888373   2.10104621   -0.67369254   
7.61000000   47.39000000   46.68000000   -110.52000000   25.75789576   99.72247019   1.71232392   -0.69229019   
7.61000000   47.39000000   46.68000000   -110.52000000   25.75065456   99.71946439   1.34115544   -0.70677426   
7.61000000   47.39000000   46.68000000   -110.52000000   25.73806614   99.72401257   1.37434540   -0.67359661   
7.61000000   47.39000000   46.68000000   -110.52000000   25.74257354   99.71113237   1.05530505   -0.64810576   
7.61000000   47.39000000   46.68000000   -110.52000000   25.71472653   99.72273092   1.13826793   -0.83530665   
7.61000000   47.39000000   46.68000000   -110.52000000   25.72312951   99.74474679   1.23608454   -0.78614274   
7.61000000   47.39000000   46.68000000   -110.52000000   25.72429033   99.73809419   1.41189131   -0.56853105   
7.61000000   47.39000000   46.68000000   -110.52000000   25.72886594   99.74455046   1.42630389   -0.60306084   
7.61000000   47.39000000   46.68000000   -110.52000000   25.73593145   99.73957444   1.85709168   -0.71306849   
7.61000000   47.39000000   46.68000000   -110.52000000   25.74465451   99.73203487   1.53816087   -0.70446004   
7.61000000   47.39000000   46.68000000   -110.52000000   25.74685534   99.73213694   1.22771759   -0.54223622   
7.61000000   47.39000000   46.68000000   -110.52000000   25.72580357   99.71704075   1.07850805   -0.55834923   
7.61000000   47.39000000   46.68000000   -110.52000000   25.75043211   99.72011755   1.24518238   -0.70608932   
7.61000000   47.39000000   46.68000000   -110.52000000   25.72836690   99.74446525   1.06467956   -0.70434944   
7.61000000   47.39000000   46.68000000   -110.52000000   25.69456202   99.73734269   1.15043279   -0.75767243   
7.61000000   47.39000000   46.68000000   -110.52000000   25.71676494   99.75751183   1.20914132   -0.73201374   
7.61000000   47.39000000   46.68000000   -110.52000000   25.71020871   99.71263062   1.48372131   -0.59778008   
7.61000000   47.39000000   46.68000000   -110.52000000   25.72013979   99.70930018   1.03473529   -0.68764763   
7.61000000   47.39000000   46.68000000   -110.52000000   25.70388298   99.73506379   1.06301526   -0.66600515   
7.61000000   47.39000000   46.68000000   -110.52000000   25.72363128   99.74764434   1.16494187   -0.49757377   
7.61000000   47.39000000   46.68000000   -110.52000000   25.71329865   99.74946778   1.05563596   -0.39264029   
7.61000000   47.39000000   46.68000000   -110.52000000   25.72537037   99.73015149   1.20867112   -0.47361450   
7.61000000   47.39000000   46.68000000   -110.52000000   25.72495975   99.74955406   1.17261876   -0.63174839   
7.61000000   47.39000000   46.68000000   -110.52000000   25.74691446   99.74539622   1.26302164   -0.55143901   
7.61000000   47.39000000   46.68000000   -110.52000000   25.74715504   99.73130611   1.24695261   -0.37016155   
7.61000000   47.39000000   46.68000000   -110.52000000   25.76089342   99.72458568   1.06081404   -0.49661360   
7.61000000   47.39000000   46.68000000   -110.52000000   25.73635031   99.74464321   1.13347389   -0.58337784   
7.61000000   47.39000000   46.68000000   -110.52000000   25.73585293   99.73315082   1.16383511   -0.66677974   
7.61000000   47.39000000   46.68000000   -110.52000000   25.72529459   99.73826864   1.24169403   -0.68707895   
7.61000000   47.39000000   46.68000000   -110.52000000   25.71769549   99.74038189   1.30712393   -0.69888635   
7.61000000   47.39000000   46.68000000   -110.52000000   25.71058618   99.74932898   1.60717508   -0.77105006   
7.61000000   47.39000000   46.68000000   -110.52000000   25.73308342   99.75106253   1.69562386   -0.79308409   
7.61000000   47.39000000   46.68000000   -110.52000000   25.71497305   99.75151505   1.70650742   -0.71711665   
7.61000000   47.39000000   46.68000000   -110.52000000   25.72135310   99.74004896   1.93646590   -0.62728982   
7.61000000   47.39000000   46.68000000   -110.52000000   25.72771157   99.74350098   1.32446851   -0.56343232   
7.61000000   47.39000000   46.68000000   -110.52000000   25.72221485   99.72512589   1.63173885   -0.59930062   
7.61000000   47.39000000   46.68000000   -110.52000000   25.74895240   99.73626068   1.31424580   -0.56233496   
7.61000000   47.39000000   46.68000000   -110.52000000   25.74846900   99.72468665   1.90418081   -0.61393505   
7.61000000   47.39000000   46.68000000   -110.52000000   25.75286506   99.70783516   1.54617675   -0.62364246   
7.61000000   47.39000000   46.68000000   -110.52000000   25.72115971   99.71854416   1.38900583   -0.72189310   
7.61000000   47.39000000   46.68000000   -110.52000000   25.73134726   99.71047071   2.06850572   -0.67122026   
7.61000000   47.39000000   46.68000000   -110.52000000   25.73653494   99.73613300   1.93829178   -0.73013368   
7.61000000   47.39000000   46.68000000   -110.52000000   25.75564259   99.73547193   1.90742900   -0.69608812   
7.61000000   47.39000000   46.68000000   -110.52000000   25.75194942   99.70373702   1.91188577   -0.78863913   
7.61000000   47.39000000   46.68000000   -110.52000000   25.73609929   99.71790208   1.52084373   -0.76796043   
7.61000000   47.39000000   46.68000000   -110.52000000   25.74313765   99.71164229   1.50730618   -0.69361773   
7.61000000   47.39000000   46.68000000   -110.52000000   25.74397056   99.70972010   1.75405576   -0.54012592   
7.61000000   47.39000000   46.68000000   -110.52000000   25.71111576   99.72230732   2.11036454   -0.59313990   
7.61000000   47.39000000   46.68000000   -110.52000000   25.74197820   99.75237503   1.82623037   -0.57495932   
7.61000000   47.39000000   46.68000000   -110.52000000   25.75802078   99.75348613   1.70022581   -0.69410068   
7.61000000   47.39000000   46.68000000   -110.52000000   25.75227338   99.75106952   1.60068714   -0.83657161   
7.61000000   47.39000000   46.68000000   -110.52000000   25.74789306   99.71803309   1.46964883   -0.56089590   
7.61000000   47.39000000   46.68000000   -110.52000000   25.73962436   99.72900052   2.11029756   -0.45188328   
7.61000000   47.39000000   46.68000000   -110.52000000   25.73551263   99.73392303   1.48516315   -0.39030629   
7.61000000   47.39000000   46.68000000   -110.52000000   25.74728751   99.71773176   1.50564084   -0.31326703   
7.61000000   47.39000000   46.68000000   -110.52000000   25.74687764   99.74929509   1.36115418   -0.42709431   
7.61000000   47.39000000   46.68000000   -110.52000000   25.73988934   99.75552578   1.25260083   -0.43619716   
7.61000000   47.39000000   46.68000000   -110.52000000   25.74971750   99.72686344   1.63567842   -0.46932916   
7.61000000   47.39000000   46.68000000   -110.52000000   25.74264182   99.73570482   1.52401120   -0.52450746   
7.61000000   47.39000000   46.68000000   -110.52000000   25.70833318   99.75252432   1.72249382   -0.37897571   
7.61000000   47.39000000   46.68000000   -110.52000000   25.70471128   99.75985480   1.36599227   -0.34679988   
7.61000000   47.39000000   46.68000000   -110.52000000   25.70799392   99.75060665   1.57976813   -0.36396370   
7.61000000   47.39000000   46.68000000   -110.52000000   25.71006833   99.75286628   1.21890054   -0.35898192   
7.61000000   47.39000000   46.68000000   -110.52000000   25.71935081   99.74447663   1.12337784   -0.48813045   
7.61000000   47.39000000   46.68000000   -110.52000000   25.74071601   99.74451557   1.18983908   -0.46079439   
7.61000000   47.39000000   46.68000000   -110.52000000   25.71940461   99.73015010   1.62516868   -0.36388771   
7.61000000   47.39000000   46.68000000   -110.52000000   25.74122600   99.73651735   1.53612017   -0.38333345   
7.61000000   47.39000000   46.68000000   -110.52000000   25.71665649   99.74672431   1.52678563   -0.48521744   
7.61000000   47.39000000   46.68000000   -110.52000000   25.71174375   99.73053580   1.40095015   -0.33533751   
7.61000000   47.39000000   46.68000000   -110.52000000   25.73043805   99.73628330   1.50916709   -0.33055734   
7.61000000   47.39000000   46.68000000   -110.52000000   25.72704943   99.75344290   1.47493178   -0.26356752   
7.61000000   47.39000000   46.68000000   -110.52000000   25.72248434   99.72801356   1.83047915   -0.23038498   
7.61000000   47.39000000   46.68000000   -110.52000000   25.72149859   99.76359726   1.02371208   -0.16236501   
7.61000000   47.39000000   46.68000000   -110.52000000   25.74468439   99.75556063   1.24794234   -0.36421378   
7.61000000   47.39000000   46.68000000   -110.52000000   25.74735771   99.75143924   1.11022616   -0.36078691   
7.61000000   47.39000000   46.68000000   -110.52000000   25.72164884   99.75958782   1.25513411   -0.39199102   
7.61000000   47.39000000   46.68000000   -110.52000000   25.71892902   99.75107412   1.62597815   -0.38897353   
7.61000000   47.39000000   46.68000000   -110.52000000   25.73398113   99.75050476   1.17815545   -0.39841220   
7.61000000   47.39000000   46.68000000   -110.52000000   25.72817491   99.73837968   1.08382587   -0.39172806   
7.61000000   47.39000000   46.68000000   -110.52000000   25.72758932   99.74645644   1.16206744   -0.58991787   
7.61000000   47.39000000   46.68000000   -110.52000000   25.72883970   99.74239097   1.19328341   -0.68137312   
7.61000000   47.39000000   46.68000000   -110.52000000   25.76043727   99.74002366   1.81626967   -0.57670517   
7.61000000   47.39000000   46.68000000   -110.52000000   25.73632327   99.70993988   2.22272050   -0.51119744   
7.61000000   47.39000000   46.68000000   -110.52000000   25.72284076   99.71881662   1.23626613   -0.51708426   
7.61000000   47.39000000   46.68000000   -110.52000000   25.70771019   99.72279972   1.23512881   -0.51660185   
7.61000000   47.39000000   46.68000000   -110.52000000   25.72628281   99.72730599   1.42645273   -0.58796371   
7.61000000   47.39000000   46.68000000   -110.52000000   25.75152057   99.74809614   1.04580000   -0.53398053   
7.61000000   47.39000000   46.68000000   -110.52000000   25.73142214   99.75941737   1.02269336   -0.64869285   
7.61000000   47.39000000   46.68000000   -110.52000000   25.72596497   99.71854269   1.18702290   -0.80743866   
7.61000000   47.39000000   46.68000000   -110.52000000   25.71700164   99.73832300   1.59008282   -0.78588518   
7.61000000   47.39000000   46.68000000   -110.52000000   25.71626638   99.71865851   1.40848588   -0.77283694   
7.61000000   47.39000000   46.68000000   -110.52000000   25.75007787   99.73668537   1.55361175   -0.76590483   
7.61000000   47.39000000   46.68000000   -110.52000000   25.73244358   99.76247412   1.04962011   -0.64883850   
7.61000000   47.39000000   46.68000000   -110.52000000   25.72335831   99.71404066   1.20043483   -0.43881035   
7.61000000   47.39000000   46.68000000   -110.52000000   25.74830518   99.72766286   1.46653467   -0.42811744   
7.61000000   47.39000000   46.68000000   -110.52000000   25.74993895   99.74786746   1.22882168   -0.49525536   
7.61000000   47.39000000   46.68000000   -110.52000000   25.74303394   99.73523467   1.73824360   -0.37265183   
7.61000000   47.39000000   46.68000000   -110.52000000   25.74518478   99.75816106   1.17553494   -0.31980616   
7.61000000   47.39000000   46.68000000   -110.52000000   25.72804913   99.74947712   1.43909029   -0.42806278   
7.61000000   47.39000000   46.68000000   -110.52000000   25.75316860   99.75953138   1.57872498   -0.40510324   
7.61000000   47.39000000   46.68000000   -110.52000000   25.76274585   99.73251899   1.22123560   -0.43577587   
7.61000000   47.39000000   46.68000000   -110.52000000   25.73267971   99.75749727   1.19912648   -0.43897851   
7.61000000   47.39000000   46.68000000   -110.52000000   25.72376674   99.73319218   1.47151860   -0.47628622   
7.61000000   47.39000000   46.68000000   -110.52000000   25.72156459   99.74284537   1.10273142   -0.23265172   
7.61000000   47.39000000   46.68000000   -110.52000000   25.71432899   99.76779466   1.22755849   -0.26625508   
7.61000000   47.39000000   46.68000000   -110.52000000   25.71831266   99.76828996   1.06092485   -0.16771851   
7.61000000   47.39000000   46.68000000   -110.52000000   25.71698648   99.75198890   1.16545597   -0.25945320   
7.61000000   47.39000000   46.68000000   -110.52000000   25.71527381   99.75217298   1.02923673   -0.27257066   
7.61000000   47.39000000   46.68000000   -110.52000000   25.72600486   99.75012869   1.35619503   -0.38250108   
7.61000000   47.39000000   46.68000000   -110.52000000   25.71774208   99.72671471   1.01594143   -0.54237244   
7.61000000   47.39000000   46.68000000   -110.52000000   25.72450764   99.72139773   1.34546876   -0.41899985   
7.61000000   47.39000000   46.68000000   -110.52000000   25.73140184   99.72781528   1.53880942   -0.39914096   
7.61000000   47.39000000   46.68000000   -110.52000000   25.73077364   99.72319525   1.24415412   -0.55120383   
7.61000000   47.39000000   46.68000000   -110.52000000   25.72374616   99.71531710   1.92971015   -0.55468781   
7.61000000   47.39000000   46.68000000   -110.52000000   25.73850189   99.72300139   2.05225918   -0.62739261   
7.61000000   47.39000000   46.68000000   -110.52000000   25.70137327   99.72591790   1.53465931   -0.67189358   
7.61000000   47.39000000   46.68000000   -110.52000000   25.71356406   99.73046989   2.15690136   -0.65102170   
7.61000000   47.39000000   46.68000000   -110.52000000   25.72099402   99.72725074   1.37848985   -0.59666273   
7.61000000   47.39000000   46.68000000   -110.52000000   25.74351736   99.72735028   1.54290228   -0.64874835   
7.61000000   47.39000000   46.68000000   -110.52000000   25.76299807   99.73810801   1.74282875   -0.67306900   
7.61000000   47.39000000   46.68000000   -110.52000000   25.74968966   99.73105383   1.95733388   -0.74246559   
7.61000000   47.39000000   46.68000000   -110.52000000   25.74929470   99.71712050   1.54003617   -0.61876567   
7.61000000   47.39000000   46.68000000   -110.52000000   25.73871237   99.72004498   1.02788158   -0.50403513   
7.61000000   47.39000000   46.68000000   -110.52000000   25.73218243   99.73963080   1.63223175   -0.58145789   
7.61000000   47.39000000   46.68000000   -110.52000000   25.75353594   99.73134827   1.03090345   -0.56844681   
7.61000000   47.39000000   46.68000000   -110.52000000   25.74359762   99.73937903   1.18441909   -0.68576453   
7.61000000   47.39000000   46.68000000   -110.52000000   25.72672466   99.74846637   1.03839061   -0.65820671   
7.61000000   47.39000000   46.68000000   -110.52000000   25.72272008   99.74158093   1.23974002   -0.65329191   
7.61000000   47.39000000   46.68000000   -110.52000000   25.72465139   99.74514646   1.19738714   -0.67905764   
7.61000000   47.39000000   46.68000000   -110.52000000   25.74878928   99.73927984   1.03799669   -0.67938751   
7.61000000   47.39000000   46.68000000   -110.52000000   25.72343877   99.74140854   1.06774384   -0.78245774   
7.61000000   47.39000000   46.68000000   -110.52000000   25.71774536   99.74547800   1.12311165   -0.61550395   
7.61000000   47.39000000   46.68000000   -110.52000000   25.72010099   99.73769475   1.19596357   -0.61355380   
7.61000000   47.39000000   46.68000000   -110.52000000   25.73132738   99.71463036   1.14499167   -0.52197986   
7.61000000   47.39000000   46.68000000   -110.52000000   25.73236492   99.72388945   1.65318475   -0.44898048   
7.61000000   47.39000000   46.68000000   -110.52000000   25.73182512   99.73799201   1.19957116   -0.46372758   
7.61000000   47.39000000   46.68000000   -110.52000000   25.74502154   99.72903679   1.08122582   -0.46945790   
7.61000000   47.39000000   46.68000000   -110.52000000   25.72887818   99.72101320   1.36916327   -0.66030695   
7.61000000   47.39000000   46.68000000   -110.52000000   25.73906622   99.72856173   1.19666064   -0.67077200   
7.61000000   47.39000000   46.68000000   -110.52000000   25.75354031   99.74505525   1.02024636   -0.55289425   
7.61000000   47.39000000   46.68000000   -110.52000000   25.75443114   99.73915941   1.26877615   -0.50692048   
7.61000000   47.39000000   46.68000000   -110.52000000   25.75413211   99.73073811   1.23437937   -0.33522188   
7.61000000   47.39000000   46.68000000   -110.52000000   25.70087501   99.73922514   1.19830070   -0.30412870   
7.61000000   47.39000000   46.68000000   -110.52000000   25.71858959   99.76225544   1.46276343   -0.27579631   
7.61000000   47.39000000   46.68000000   -110.52000000   25.75035865   99.74717610   1.12474261   -0.27297876   
7.61000000   47.39000000   46.68000000   -110.52000000   25.75299911   99.76477764   1.03420287   -0.19320877   
7.61000000   47.39000000   46.68000000   -110.52000000   25.74173644   99.75762171   1.17609346   -0.02777903   
7.61000000   47.39000000   46.68000000   -110.52000000   25.71740192   99.75555755   1.25777193   -0.01804219   
7.61000000   47.39000000   46.68000000   -110.52000000   25.70555070   99.74644849   1.72088328   -0.05663563   
7.61000000   47.39000000   46.68000000   -110.52000000   25.71588631   99.73970834   1.19381120   0.00643077   
7.61000000   47.39000000   46.68000000   -110.52000000   25.69050320   99.73432499   1.01155646   -0.03779980   
7.61000000   47.39000000   46.68000000   -110.52000000   25.71787795   99.75649045   1.75460155   -0.09291964   
7.61000000   47.39000000   46.68000000   -110.52000000   25.72471692   99.74361309   1.62791003   -0.11638562   
7.61000000   47.39000000   46.68000000   -110.52000000   25.71165231   99.76568267   1.44017318   -0.14170349   
7.61000000   47.39000000   46.68000000   -110.52000000   25.72534758   99.74942507   1.75471014   -0.28697241   
7.61000000   47.39000000   46.68000000   -110.52000000   25.76493020   99.75477737   1.02010558   -0.38115975   
7.61000000   47.39000000   46.68000000   -110.52000000   25.73819051   99.76411450   1.06800931   -0.32863495   
7.61000000   47.39000000   46.68000000   -110.52000000   25.73823467   99.75049433   1.13756659   -0.44860327   
