1442.99675260   
1438.70983108   
1379.10999698   
1279.16937497   
1226.45913302   
1021.32731839   
933.38554770   
872.49494216   
826.32856597   
823.49472953   
786.29933623   
760.23831213   
707.25138810   
702.78751113   
689.21095119   
675.91612553   
672.35432144   
675.78086377   
669.12662864   
661.63706436   
621.35345245   
613.43521575   
610.46657559   
608.67484898   
607.31091689   
608.05747784   
605.31589212   
603.35692721   
603.23705119   
599.20720994   
600.56772904   
598.59195061   
597.02094955   
594.38477810   
591.88823040   
591.23386655   
589.18197689   
586.63795159   
585.81809495   
587.64844465   
587.93269644   
591.60012647   
586.65989838   
584.56126864   
588.11887992   
587.59467838   
588.22934875   
581.67284782   
576.90559040   
578.27733282   
574.90169483   
573.37948198   
573.51973024   
572.64708396   
570.97628422   
571.55320485   
575.15799981   
569.35112949   
568.89468404   
566.45513327   
567.23678505   
565.95099859   
563.43917528   
561.37388173   
562.28703804   
561.95540805   
559.43335417   
559.72272934   
555.84902843   
554.99719395   
555.26612602   
555.32352690   
554.64193258   
551.33283867   
547.57498703   
547.56009406   
546.43783763   
545.79875325   
544.29714327   
546.95138393   
545.15322454   
536.49046062   
535.60942011   
535.73223050   
524.65317088   
529.50956034   
520.45770758   
521.28761089   
520.07107982   
520.42560604   
519.83812050   
520.88339937   
519.22600373   
521.76545617   
522.36012629   
519.35701333   
520.24531736   
524.81375324   
522.11204401   
517.87927683   
517.19646385   
521.09622464   
520.11570915   
520.51650488   
521.38824368   
521.06938435   
519.63009083   
519.08296987   
521.70483044   
521.46335706   
519.78047314   
519.97581932   
519.68298386   
519.27003853   
517.50154496   
517.36037566   
523.14655758   
520.44664652   
518.38524589   
522.24309958   
523.76553345   
526.75864657   
524.42548460   
524.98329536   
524.05847954   
526.41432937   
526.32539635   
523.99040692   
521.99387614   
523.94259381   
523.53644966   
524.04191230   
523.92818904   
526.61381409   
526.19734146   
526.19271683   
525.49333740   
531.23474968   
526.29076770   
527.60318113   
534.82348691   
535.93173861   
534.91638144   
525.76293169   
523.21157027   
524.49295146   
518.88584055   
520.49208134   
519.82764046   
518.22502428   
520.37043887   
525.77617218   
525.97604514   
523.47804824   
527.86520608   
525.11302756   
520.63214466   
523.48113209   
521.00283839   
520.30684349   
521.96529484   
526.07438765   
527.94078333   
519.38136285   
519.94954727   
517.32688906   
516.20114295   
516.92922701   
523.46074621   
519.57795127   
519.50371049   
519.15401337   
523.43982716   
522.51410121   
523.00714412   
524.31742050   
524.08593776   
520.16282730   
522.47195715   
519.24771087   
516.95967769   
524.62445557   
522.80022580   
518.54409700   
520.26473766   
522.12305348   
522.71758481   
522.94860624   
526.95602147   
522.42290910   
517.96018504   
521.07212932   
520.82084038   
518.00923829   
518.64286221   
515.88209875   
516.97725756   
519.56515732   
522.05399975   
519.43060218   
522.41752332   
526.01347578   
523.68639238   
520.71458428   
520.33997843   
520.12153546   
517.10270552   
519.65854439   
520.10697040   
518.43481694   
521.26400369   
520.80991190   
520.19326129   
520.35378176   
519.07029178   
518.90873073   
521.34620601   
523.85293651   
522.99322038   
522.21116997   
523.35919633   
522.66912517   
524.29010642   
519.83171696   
521.64908482   
521.95145452   
518.76757260   
519.00882408   
517.12965903   
516.19952414   
521.38322857   
523.08428176   
521.56669356   
524.65353066   
520.22704243   
529.65980956   
525.46995485   
521.23347017   
519.91376898   
517.91415577   
518.84123179   
522.62748049   
518.61369718   
518.09254111   
516.52116517   
516.87446321   
517.84518277   
517.32577908   
519.75637632   
520.28691243   
520.84202356   
520.89815068   
522.09911426   
524.70712575   
525.73091397   
528.47884438   
534.43685212   
532.35103425   
532.21077750   
528.03230641   
529.08719093   
528.67158122   
525.44703549   
523.83192215   
525.25549881   
522.23692061   
520.86874540   
521.66585096   
520.04523292   
520.00513298   
519.28973646   
524.11053297   
520.96056150   
520.32351174   
518.46094322   
516.33761380   
518.22012717   
516.70975919   
517.37467429   
519.11178402   
518.53107737   
519.67139321   
517.79958954   
518.34273334   
520.63488892   
519.55101050   
525.63444696   
519.46693041   
517.40622165   
519.77808166   
521.32995710   
522.69095981   
520.28692204   
522.72028666   
522.66492799   
521.64267726   
524.03484303   
526.74220190   
526.77786533   
524.10898966   
524.58074198   
523.68031955   
519.44630101   
516.56876464   
516.37148018   
517.56983760   
519.72195160   
517.32011217   
518.87676701   
519.53401595   
521.76317985   
518.65865887   
518.34023973   
519.65708491   
520.47956170   
520.37269847   
522.10402667   
516.73191812   
519.69796055   
524.36614845   
519.96621892   
516.74920608   
519.17268555   
523.19637283   
523.46394320   
520.21443695   
519.19187911   
521.64451193   
523.33826452   
523.51610464   
521.48807088   
521.78375046   
519.59377497   
517.54675841   
517.24848913   
519.37764087   
516.34395737   
517.47572686   
516.91559589   
520.16820547   
519.03421192   
524.46267983   
521.54672596   
518.81878932   
519.06208951   
519.25424012   
520.97895924   
524.46947642   
522.93825996   
520.39726468   
521.22037344   
522.75084094   
516.95645868   
517.00299085   
518.37552592   
520.76280082   
519.46511651   
522.22389967   
522.06336802   
521.00841637   
524.68972562   
522.47156994   
520.00847808   
520.44862414   
518.68987725   
523.81471663   
519.80382707   
519.32844760   
520.57887511   
520.53657935   
518.51046332   
519.27414054   
520.83650750   
521.31112041   
519.75846609   
519.30804432   
520.43087805   
519.48658952   
520.92882528   
521.43216995   
521.92755848   
523.83698443   
525.33012874   
526.46634631   
523.31844229   
524.03323174   
523.00619088   
520.42283791   
520.75590063   
527.03133353   
526.53776102   
525.11918824   
526.07904861   
524.97053694   
527.47698664   
523.99384007   
526.17628779   
526.06139941   
524.20926950   
523.64272816   
522.91993995   
521.31540172   
520.32452836   
521.52536550   
522.19627010   
522.33700294   
