1442.99675260   
1447.24457107   
1438.70983108   
1558.14480679   
1379.10999698   
1409.91720727   
1279.16937497   
1226.45913302   
1021.32731839   
1098.95237879   
1061.23226983   
1036.58835241   
1072.51050001   
933.38554770   
872.49494216   
903.03711964   
826.32856597   
823.49472953   
833.01820003   
786.29933623   
821.07766127   
760.23831213   
707.25138810   
733.82435836   
702.78751113   
689.21095119   
675.91612553   
672.35432144   
696.62222739   
685.57358486   
681.26999784   
710.42769477   
678.00357254   
699.14678061   
689.17280666   
698.39023654   
708.73877821   
698.46566039   
697.10396834   
675.13282373   
683.94338484   
675.78086377   
669.12662864   
661.63706436   
675.10280244   
621.35345245   
631.26775998   
630.30617487   
633.22875893   
613.43521575   
610.46657559   
620.76543679   
624.17582456   
624.52004161   
636.58505855   
615.93329000   
617.85225789   
620.20102380   
608.67484898   
611.79210774   
607.31091689   
608.05747784   
627.19333650   
631.95280531   
610.18280499   
631.08046206   
617.79227121   
628.79524001   
629.65465387   
605.31589212   
609.07055532   
603.35692721   
603.23705119   
604.47414713   
599.20720994   
600.56772904   
598.59195061   
610.06479287   
601.89675763   
597.02094955   
594.38477810   
599.45470660   
591.88823040   
607.04516713   
591.23386655   
599.72227490   
589.18197689   
586.63795159   
595.41433703   
614.62772006   
585.81809495   
590.13792780   
590.65956784   
587.64844465   
592.14990137   
598.98313054   
595.68938206   
600.15989208   
600.62087602   
587.93269644   
591.60012647   
586.65989838   
584.56126864   
593.95258108   
588.11887992   
587.59467838   
588.22934875   
596.65967310   
581.67284782   
584.01424505   
589.32933259   
576.90559040   
580.23688052   
579.88533870   
578.27733282   
592.30214268   
574.90169483   
573.37948198   
576.53111489   
573.51973024   
574.72626847   
572.64708396   
570.97628422   
572.26452785   
571.55320485   
581.05685927   
584.05540322   
572.34424688   
595.00741142   
575.15799981   
569.35112949   
568.89468404   
573.15754238   
566.45513327   
577.26547234   
587.20367160   
580.78948402   
572.09401944   
581.92376984   
567.23678505   
578.16617114   
574.09461233   
565.95099859   
569.91948223   
563.43917528   
565.77437770   
572.21453995   
566.95286189   
575.95869617   
567.89957519   
568.56287932   
561.37388173   
565.66103881   
562.28703804   
561.95540805   
573.41629680   
566.53915125   
559.43335417   
559.72272934   
555.84902843   
559.25722658   
562.40579907   
566.53962655   
559.70133487   
554.99719395   
555.26612602   
555.32352690   
577.54095216   
559.89454907   
554.64193258   
551.33283867   
559.99730173   
547.57498703   
547.56009406   
553.45372787   
553.04948635   
546.43783763   
550.39503568   
572.34898435   
555.09837015   
551.85867539   
552.05384953   
553.19303633   
549.08388228   
550.06944150   
545.79875325   
550.35301164   
544.29714327   
548.92081707   
546.95138393   
557.90520419   
545.15322454   
536.49046062   
535.60942011   
551.11464177   
566.39018450   
550.35147382   
541.21335936   
535.73223050   
524.65317088   
529.50956034   
520.45770758   
523.87379575   
523.39351461   
525.88055783   
524.48979280   
526.76417819   
537.01920542   
525.43937615   
527.68975230   
521.28761089   
521.69805988   
531.19042199   
530.46698807   
538.12883280   
530.92189172   
520.07107982   
520.99876840   
522.28952727   
520.78750607   
520.42560604   
525.53450152   
537.26728041   
519.83812050   
527.24565998   
520.88339937   
519.22600373   
523.57006658   
521.76545617   
522.55628703   
529.02376024   
522.36012629   
524.98571390   
540.40960380   
529.18356503   
519.35701333   
526.57777664   
520.24531736   
525.02311431   
524.81375324   
532.21153044   
537.33609152   
522.11204401   
531.99373317   
537.80231593   
517.87927683   
517.19646385   
520.63467743   
524.95883941   
529.47225698   
523.28894474   
521.09622464   
522.84122736   
522.28043844   
520.11570915   
520.51650488   
560.44598995   
531.78689331   
542.01026915   
534.29054167   
527.46121690   
521.38824368   
521.06938435   
532.49852221   
538.80400384   
519.63009083   
519.08296987   
540.61145648   
519.28588156   
528.43742928   
523.41553095   
521.70483044   
531.10622168   
522.59840483   
522.61172312   
551.74443434   
521.46335706   
526.63864524   
527.95275788   
530.38519859   
527.87445429   
519.78047314   
527.97595550   
519.97581932   
519.68298386   
523.00363079   
523.58148848   
521.85577219   
521.20688878   
532.42777650   
526.95856018   
525.84985982   
519.27003853   
523.60753088   
522.30728216   
517.50154496   
520.58637984   
521.39046481   
519.87300018   
530.46839624   
529.30016959   
517.36037566   
526.33692235   
525.59322371   
518.34422352   
526.21340642   
521.38102976   
535.95805250   
525.55217429   
529.19717961   
523.14655758   
529.15139927   
520.44664652   
533.97395529   
526.34599562   
518.38524589   
526.73176651   
522.24309958   
523.76553345   
539.31202157   
527.79498663   
530.18685855   
529.70874390   
547.20692422   
527.64621105   
526.75864657   
524.42548460   
524.98329536   
536.30637286   
544.28480426   
531.03759790   
525.17938290   
536.14295589   
529.18728228   
532.49428168   
566.10156083   
542.86091050   
524.05847954   
530.99847493   
532.06710946   
526.27549723   
553.42858791   
535.99105109   
530.04252797   
526.41432937   
526.32539635   
531.40749075   
532.64934399   
543.16472302   
540.27063259   
534.01844425   
529.76718681   
523.99040692   
521.99387614   
523.66196503   
523.94259381   
537.55911351   
525.05266105   
523.53644966   
538.43547816   
544.26940083   
529.00265997   
524.04191230   
534.99033506   
531.07353737   
523.92818904   
535.33889052   
526.61381409   
531.56942250   
533.58044323   
526.19734146   
528.72037479   
526.19271683   
535.21353622   
545.66590137   
540.45683084   
534.32791535   
533.53086312   
541.95530635   
525.49333740   
527.55538506   
527.91984766   
531.46326539   
532.90887420   
533.68930041   
534.62831742   
528.69746920   
531.92618339   
542.05577642   
535.79810499   
535.23842349   
544.78632978   
531.71411298   
541.62944824   
530.51442484   
531.32711062   
545.13614468   
535.78526220   
531.15105489   
534.68119938   
537.84680064   
527.48981496   
529.17576746   
531.23474968   
543.47462333   
526.29076770   
530.44905245   
532.96080081   
527.60318113   
543.15290458   
534.82348691   
549.83889782   
537.11243040   
546.09102351   
547.55255461   
537.45793604   
535.93173861   
534.91638144   
525.76293169   
523.21157027   
524.49295146   
530.53686816   
532.06882763   
518.88584055   
520.49208134   
521.51218462   
526.85080362   
542.21992038   
524.54014824   
523.36368376   
519.82764046   
518.22502428   
530.93875674   
529.69294019   
533.34951909   
520.37043887   
525.77617218   
525.97604514   
530.76012540   
523.47804824   
537.33737140   
527.86520608   
525.11302756   
532.60894802   
520.63214466   
525.13244790   
526.60577963   
528.82890482   
523.48113209   
521.00283839   
525.23819361   
535.23742480   
520.30684349   
527.10274927   
534.70016052   
530.44712408   
521.87713788   
521.96529484   
526.44385345   
526.86692721   
528.91848811   
538.94001179   
523.50203962   
527.97400415   
526.07438765   
527.94078333   
519.38136285   
523.53254846   
523.69109445   
523.66419616   
523.65938501   
522.93699290   
519.94954727   
517.32688906   
526.82715672   
520.28688323   
519.48797271   
524.30626138   
523.69744874   
518.93637208   
524.43773793   
519.64463253   
524.80332357   
534.98122036   
530.80163612   
522.72744686   
527.12089406   
522.10740187   
522.22012399   
522.23703474   
520.50548259   
529.13780543   
519.99557592   
530.97277332   
522.41259464   
531.44205473   
524.70544929   
521.84135747   
516.20114295   
521.80364891   
523.50030271   
516.92922701   
536.55762649   
523.46074621   
543.43231730   
539.73691170   
530.72638224   
539.36121064   
525.42222615   
519.57795127   
519.50371049   
527.27905780   
523.62280819   
525.94231119   
519.15401337   
521.57937388   
520.10309951   
526.24734064   
527.49169324   
522.48101245   
533.83092104   
528.88497658   
523.14594561   
523.43982716   
527.44437340   
531.04662688   
522.51410121   
525.47975850   
526.93075291   
523.00714412   
532.60389147   
531.21765912   
535.51528757   
524.31742050   
529.21320888   
530.52949409   
524.08593776   
531.27081846   
526.32946965   
520.16282730   
522.47195715   
526.69350939   
519.24771087   
528.04284109   
525.52668626   
516.95967769   
525.85398843   
523.25159651   
524.05439283   
524.62445557   
522.80022580   
530.61006092   
518.54409700   
525.51025194   
522.65613357   
521.56567445   
523.46034645   
526.77991006   
523.80438330   
520.26473766   
522.12305348   
522.71758481   
522.94860624   
526.95602147   
535.17323486   
522.42290910   
524.99947221   
529.65450161   
526.64760741   
547.27777694   
532.74880083   
524.12296651   
517.96018504   
531.05713251   
524.79868404   
529.26093597   
523.40435422   
521.07212932   
520.82084038   
518.00923829   
518.64286221   
519.54633807   
524.52313001   
526.31386319   
534.12938233   
525.25478101   
521.98512323   
515.88209875   
523.02022529   
518.77090757   
524.41987402   
519.40469756   
516.97725756   
527.52075599   
521.92624693   
524.04837999   
523.28356879   
527.63466809   
527.31606607   
526.74985265   
531.50430836   
519.56515732   
529.05385367   
528.03747585   
522.05399975   
519.43060218   
522.41752332   
526.01347578   
523.68639238   
541.16022643   
520.71458428   
527.57617700   
533.53889499   
527.85560966   
520.33997843   
520.12153546   
517.10270552   
525.87300468   
519.65854439   
522.88749111   
522.63821759   
525.38522304   
531.61938774   
520.10697040   
532.09102169   
533.16022532   
527.13234994   
526.71304526   
525.94308891   
538.15450774   
540.25455884   
529.88515799   
528.00000579   
518.43481694   
521.26400369   
525.92360474   
530.76963977   
524.91539641   
526.70139939   
526.33898280   
520.80991190   
520.19326129   
522.48027797   
528.11803867   
520.35378176   
525.98256256   
525.68203125   
525.17682858   
519.07029178   
523.45535625   
525.21903245   
518.90873073   
520.45039757   
521.34620601   
524.59067098   
529.39215683   
523.85293651   
522.99322038   
534.80981570   
530.45959745   
526.82241484   
529.00948121   
537.66996970   
522.21116997   
526.09254094   
529.61521522   
523.35919633   
522.66912517   
524.29010642   
528.18866139   
519.83171696   
521.64908482   
521.95145452   
522.71208563   
518.76757260   
519.00882408   
520.57615757   
517.12965903   
521.65157172   
524.44285548   
542.39711135   
522.97994970   
521.39442979   
526.64034269   
520.85168125   
521.33619723   
523.80661420   
523.91038591   
524.53096884   
516.19952414   
525.74140785   
523.78364848   
520.94638170   
528.63424206   
522.60430417   
520.44739397   
531.34865686   
530.51983670   
530.50603407   
519.38907342   
533.43009962   
527.49185459   
525.95437923   
520.29763264   
525.58244977   
526.36931338   
524.41224100   
529.25222459   
521.26572329   
524.42621605   
519.10496523   
521.38322857   
531.65869742   
527.08920245   
523.08428176   
530.55921806   
535.20006789   
521.56669356   
524.65353066   
520.22704243   
525.78238972   
531.54603595   
529.65980956   
525.46995485   
521.23347017   
522.76012415   
519.91376898   
526.95327527   
527.95160883   
536.11482249   
530.68342536   
525.23298874   
520.25461944   
536.63969412   
523.91848804   
517.91415577   
520.95604935   
525.51791156   
523.86473245   
518.84123179   
525.38113436   
522.62748049   
527.53225466   
529.04000023   
518.61369718   
523.77326608   
522.87517435   
526.88295831   
518.09254111   
523.42959336   
516.52116517   
521.89693680   
518.04498605   
523.07223822   
520.16977016   
521.64250141   
522.39437146   
522.97715197   
516.87446321   
521.29227679   
520.69077424   
517.84518277   
521.82031097   
519.82268498   
517.32577908   
526.06264660   
523.00793255   
524.82125607   
524.82042398   
521.67995939   
519.75637632   
527.26058906   
525.46418470   
523.70837983   
522.29235584   
520.28691243   
520.84202356   
533.26764398   
524.36032048   
520.89815068   
532.79150629   
529.29388669   
522.09911426   
528.47317641   
524.70712575   
525.73091397   
527.39527169   
533.18896905   
528.47884438   
540.01003634   
536.57626116   
532.07779349   
536.91973485   
533.83061703   
534.54663629   
530.95369173   
534.43685212   
532.35103425   
547.78556690   
538.33561001   
532.21077750   
528.03230641   
529.08719093   
541.47635133   
534.08686908   
528.67158122   
533.91543550   
525.44703549   
523.83192215   
525.25549881   
533.73779881   
522.23692061   
520.86874540   
521.66585096   
536.79186400   
520.04523292   
520.37028644   
520.00513298   
523.10827773   
521.85776487   
525.67330406   
524.64102963   
525.76668108   
533.76477652   
529.51314678   
525.10919447   
536.18440258   
523.08219403   
525.60556787   
523.59998734   
529.39413765   
533.64352892   
519.28973646   
521.81514504   
524.11053297   
520.96056150   
529.48521681   
530.01328433   
530.90151733   
520.32351174   
524.60051323   
529.31063229   
525.06466798   
524.71284370   
518.46094322   
516.33761380   
526.34781224   
518.22012717   
521.26377592   
520.56576542   
522.99174023   
544.25256917   
520.57832485   
526.23764420   
527.35905512   
521.66978244   
516.70975919   
529.52154520   
517.37467429   
523.08049984   
532.97728806   
518.26239305   
519.11178402   
534.06563445   
522.86044362   
527.23231638   
519.60910464   
529.34269128   
526.61123529   
546.61750995   
546.61666389   
562.54540794   
521.22145246   
518.53107737   
530.81003151   
523.54757760   
519.67139321   
517.79958954   
534.40434655   
518.34273334   
519.69480058   
520.63488892   
522.48527894   
519.55101050   
544.01075929   
521.35607415   
525.63444696   
519.46693041   
522.48506467   
553.24941165   
525.32393542   
535.08891992   
526.79306623   
517.40622165   
536.15584401   
529.12068226   
552.39569632   
522.10103287   
520.29965181   
532.94157979   
532.93956486   
521.11210802   
524.01360593   
526.37369806   
535.00142675   
519.50532673   
530.99312466   
525.21510646   
528.71490153   
532.14542063   
534.86677977   
521.98922999   
523.26845323   
540.84634064   
519.77808166   
527.44283939   
526.65888233   
521.59259250   
521.32995710   
530.25161282   
533.78867246   
522.69095981   
534.32470276   
520.28692204   
522.72028666   
529.73652781   
529.26534844   
534.00423040   
528.18693670   
538.89693427   
522.66492799   
524.03956152   
521.64267726   
524.03484303   
532.84394331   
524.45841286   
529.20032553   
527.88062663   
526.74220190   
533.77657557   
526.77786533   
534.23191147   
542.63312617   
539.84253599   
544.77204848   
530.89141069   
535.19227322   
535.93169937   
530.75073311   
529.30017075   
549.10967654   
524.10898966   
528.11322503   
528.53710442   
524.58074198   
531.79611359   
527.69729134   
528.75578155   
532.67865063   
537.92989351   
523.68031955   
528.05600815   
519.44630101   
526.51055970   
530.01732323   
529.12650293   
530.69590144   
524.28867282   
539.98585329   
516.56876464   
518.21963100   
524.54634768   
521.09231829   
529.95545079   
530.70248592   
517.59679776   
530.02551190   
522.16500113   
523.71890286   
531.50301808   
534.03589341   
523.06417334   
522.98825121   
516.37148018   
522.80004906   
525.02883861   
524.66522389   
525.21071065   
523.64871723   
520.31353340   
524.69146570   
517.56983760   
525.50701475   
524.42621197   
519.72195160   
528.40603775   
526.93504745   
523.73022358   
530.50828903   
525.12501679   
517.32011217   
518.87676701   
533.42696997   
521.22788668   
523.72448324   
524.09970561   
519.79244543   
530.11233992   
527.44412045   
529.31357176   
519.53401595   
527.68882949   
523.15505892   
523.92350386   
521.76317985   
518.65865887   
530.18595251   
518.34023973   
519.49560718   
519.99326506   
527.00889586   
519.65708491   
520.47956170   
520.37269847   
536.15221606   
556.48978189   
522.10402667   
516.73191812   
528.79832059   
522.51403609   
519.26069726   
517.99123808   
520.61303110   
519.77066671   
526.64053096   
518.71639743   
531.15939428   
523.47215057   
522.66510992   
524.81202251   
520.78958169   
528.78894927   
533.80532036   
522.25107181   
519.69796055   
520.22249862   
522.57160084   
524.36614845   
519.96621892   
525.20606445   
523.71352734   
528.66754394   
527.42841027   
527.77868730   
530.68840205   
520.62626473   
516.74920608   
518.48288852   
524.53798760   
534.51997938   
520.48242638   
523.57751683   
521.01070103   
520.64630732   
525.84904279   
528.12909446   
519.17268555   
530.30520003   
539.69927045   
527.92782289   
522.67609792   
523.19637283   
532.98802774   
523.46394320   
520.21443695   
519.19187911   
521.64451193   
528.02953274   
525.50455341   
523.05042996   
530.06068733   
530.55135723   
523.33826452   
528.96637606   
528.08807679   
523.51610464   
539.54857007   
521.48807088   
521.78375046   
531.29979661   
534.51953601   
519.59377497   
539.07175914   
535.46327180   
517.54675841   
520.71905204   
517.24848913   
524.10891296   
519.04965454   
523.60968959   
532.24949537   
523.83513419   
525.73530369   
519.37764087   
534.66619423   
516.34395737   
517.47572686   
519.98670552   
518.74655736   
521.10198310   
525.41704639   
522.98633920   
534.69932131   
528.11165503   
519.79157647   
520.21327650   
526.53054320   
524.24218624   
519.22440482   
526.21211434   
524.32982046   
527.36154410   
516.91559589   
524.57363842   
527.84631284   
534.11375502   
521.35788997   
519.79932748   
522.47869838   
534.23292528   
526.69088140   
551.26232164   
519.72154964   
527.54134160   
520.16820547   
530.90894393   
530.65070628   
538.15779503   
521.99046865   
536.53424876   
524.69459268   
538.76229445   
530.19009259   
519.03421192   
533.29787124   
523.20086251   
528.59938114   
542.94043918   
524.46267983   
531.85898035   
547.61232063   
533.12029143   
529.92127573   
547.86410194   
537.34879767   
521.54672596   
518.81878932   
519.06208951   
528.01564833   
522.64943174   
523.09785947   
529.68792764   
525.27354997   
519.25424012   
542.61649864   
535.65593338   
529.83530148   
530.24527065   
520.97895924   
524.46947642   
533.24544295   
522.93825996   
537.91415736   
520.39726468   
526.45108298   
525.81111844   
521.22037344   
523.18776847   
529.50265189   
528.14861022   
524.83738878   
521.43501869   
522.75084094   
526.24032269   
516.95645868   
517.00299085   
526.63421316   
521.17483856   
518.37552592   
531.27871153   
519.70067365   
523.95402684   
520.76280082   
527.42435313   
519.46511651   
522.22389967   
522.06336802   
542.38476697   
528.45693301   
521.00841637   
524.68972562   
528.21873467   
535.83878930   
528.42665749   
539.25106680   
532.98214249   
534.05053039   
522.47156994   
525.18674221   
520.00847808   
558.96390087   
545.77147715   
527.33427073   
528.08531106   
526.59490483   
534.48199355   
520.44862414   
526.24232968   
532.10736862   
528.19114588   
518.68987725   
520.42670782   
530.79956343   
529.88870336   
532.84486231   
535.56288477   
533.73959126   
523.81471663   
519.80382707   
526.78054100   
523.98682202   
519.32844760   
521.95873020   
526.22354216   
530.44868229   
520.57887511   
530.99498823   
520.53657935   
518.51046332   
519.27414054   
528.86110489   
525.38125070   
524.23754442   
524.33506129   
522.01458256   
520.83650750   
523.87026485   
521.31112041   
522.94261614   
527.82998221   
519.75846609   
541.17239473   
523.72333331   
537.52472355   
529.08540822   
521.71144377   
523.32088635   
519.30804432   
520.43087805   
526.27496065   
526.95126139   
525.21170889   
519.48658952   
533.78694260   
522.70987461   
526.72960350   
521.54131193   
525.54863509   
531.09914198   
520.92882528   
524.96069465   
535.15875416   
521.43216995   
521.92755848   
522.00352794   
533.75826071   
522.84071820   
523.83698443   
525.33012874   
529.50281919   
526.46634631   
523.31844229   
530.26122602   
525.54596961   
524.03323174   
526.22352339   
523.00619088   
520.42283791   
527.01332023   
523.03372093   
524.15603227   
520.75590063   
528.34101437   
523.15024668   
537.93501417   
523.87115492   
527.03133353   
532.76594087   
539.86787870   
526.53776102   
528.77279487   
525.11918824   
530.31494116   
533.61574739   
530.11839673   
526.81643021   
526.07904861   
529.38102432   
524.97053694   
548.22910599   
532.90177733   
529.61986589   
527.47698664   
529.86467791   
523.99384007   
526.79919752   
532.97053755   
525.60114482   
526.17628779   
526.06139941   
524.20926950   
539.45927762   
531.02102361   
533.94617916   
533.57361216   
523.64272816   
526.47550464   
534.51453187   
531.05544827   
534.88199124   
530.55314463   
524.99196750   
522.91993995   
523.82417406   
527.18093967   
525.13483656   
525.41856568   
529.30109791   
526.33775028   
521.31540172   
538.25087404   
520.32452836   
528.47296898   
521.52536550   
536.46589309   
529.23485250   
522.19627010   
527.68701012   
522.33700294   
530.70515869   
