5.39000000   170.87000000   22.19000000   43.41000000   25.45383177   99.87422143   23.17090118   0.08509933   
5.39000000   170.87000000   22.19000000   43.41000000   25.46421037   99.87711493   23.26827885   0.06653791   
5.39000000   170.87000000   22.19000000   43.41000000   25.45286115   99.86411000   22.23094886   0.17640856   
5.39000000   170.87000000   22.19000000   43.41000000   25.47493437   99.84722994   21.78927726   0.19134060   
5.39000000   170.87000000   22.19000000   43.41000000   25.47071643   99.82204129   21.70562782   0.20607341   
5.39000000   170.87000000   22.19000000   43.41000000   25.53710649   99.79124304   21.68426667   0.15519826   
5.39000000   170.87000000   22.19000000   43.41000000   25.56691987   99.79098294   21.48042775   0.40624787   
5.39000000   170.87000000   22.19000000   43.41000000   25.57727439   99.78509084   20.61175651   0.54503873   
5.39000000   170.87000000   22.19000000   43.41000000   25.59898669   99.79481159   20.20666237   0.70143234   
5.39000000   170.87000000   22.19000000   43.41000000   25.65386144   99.83460367   19.93547079   0.58726889   
5.39000000   170.87000000   22.19000000   43.41000000   25.67899384   99.83095729   19.66180187   0.54789335   
5.39000000   170.87000000   22.19000000   43.41000000   25.65220481   99.79159892   19.41865876   0.48155297   
5.39000000   170.87000000   22.19000000   43.41000000   25.68257133   99.78037488   19.20545098   0.52895313   
5.39000000   170.87000000   22.19000000   43.41000000   25.68370727   99.76591057   19.49308414   0.45928106   
5.39000000   170.87000000   22.19000000   43.41000000   25.68339702   99.76681863   19.14780277   0.57320072   
5.39000000   170.87000000   22.19000000   43.41000000   25.69323549   99.75535200   20.18172523   0.70148173   
5.39000000   170.87000000   22.19000000   43.41000000   25.69339239   99.74732807   20.06611325   0.65890611   
5.39000000   170.87000000   22.19000000   43.41000000   25.67376522   99.71796855   20.58496714   0.69808113   
5.39000000   170.87000000   22.19000000   43.41000000   25.68683628   99.72999907   20.67513133   0.70021489   
5.39000000   170.87000000   22.19000000   43.41000000   25.69890236   99.72636165   20.37377939   0.60451720   
5.39000000   170.87000000   22.19000000   43.41000000   25.75339530   99.71409013   19.87658466   0.62069312   
5.39000000   170.87000000   22.19000000   43.41000000   25.78722807   99.70138659   19.79209898   0.54551411   
5.39000000   170.87000000   22.19000000   43.41000000   25.79266937   99.70003152   19.68052467   0.43532474   
5.39000000   170.87000000   22.19000000   43.41000000   25.78111872   99.70007508   19.28873637   0.55135356   
5.39000000   170.87000000   22.19000000   43.41000000   25.79123021   99.71119831   19.12250474   0.67337415   
5.39000000   170.87000000   22.19000000   43.41000000   25.78986048   99.71498598   18.99884856   0.68990669   
5.39000000   170.87000000   22.19000000   43.41000000   25.79702424   99.71229932   18.35219379   0.71731271   
5.39000000   170.87000000   22.19000000   43.41000000   25.78245489   99.72688440   17.92587621   0.91765424   
5.39000000   170.87000000   22.19000000   43.41000000   25.78301635   99.73429381   17.30448261   0.89718307   
5.39000000   170.87000000   22.19000000   43.41000000   25.77886764   99.72929862   17.07901782   0.83713373   
5.39000000   170.87000000   22.19000000   43.41000000   25.78823193   99.72467169   17.42430829   0.89097100   
5.39000000   170.87000000   22.19000000   43.41000000   25.78072457   99.71144820   17.75559496   0.92975671   
5.39000000   170.87000000   22.19000000   43.41000000   25.77616196   99.71429208   17.46431718   0.83616965   
5.39000000   170.87000000   22.19000000   43.41000000   25.75494304   99.70222352   16.82559513   0.81279658   
5.39000000   170.87000000   22.19000000   43.41000000   25.76106995   99.71529295   16.67982465   0.87388882   
5.39000000   170.87000000   22.19000000   43.41000000   25.75569356   99.70236464   16.38237855   0.84775127   
5.39000000   170.87000000   22.19000000   43.41000000   25.76311895   99.71458362   15.92151462   0.90857598   
5.39000000   170.87000000   22.19000000   43.41000000   25.75876877   99.71642705   15.70076154   0.87222131   
5.39000000   170.87000000   22.19000000   43.41000000   25.76179661   99.70052002   15.59765897   0.88587409   
5.39000000   170.87000000   22.19000000   43.41000000   25.78547646   99.70077677   15.57819453   0.80627506   
5.39000000   170.87000000   22.19000000   43.41000000   25.78013758   99.71542386   15.44490778   0.74176864   
5.39000000   170.87000000   22.19000000   43.41000000   25.76756811   99.72519093   15.26187605   0.59427039   
5.39000000   170.87000000   22.19000000   43.41000000   25.75365163   99.70761720   14.77179063   0.54773590   
5.39000000   170.87000000   22.19000000   43.41000000   25.75219584   99.70791718   14.95618463   0.76792227   
5.39000000   170.87000000   22.19000000   43.41000000   25.73652329   99.70801808   14.92073528   0.74190667   
5.39000000   170.87000000   22.19000000   43.41000000   25.74088791   99.73772639   14.56436861   0.83584356   
5.39000000   170.87000000   22.19000000   43.41000000   25.72252721   99.73351484   13.85168743   0.95020328   
5.39000000   170.87000000   22.19000000   43.41000000   25.72609989   99.73491502   13.22618090   1.02232618   
5.39000000   170.87000000   22.19000000   43.41000000   25.73562139   99.71989379   12.52311653   1.01402048   
5.39000000   170.87000000   22.19000000   43.41000000   25.74949586   99.72709091   12.34402580   1.06756107   
5.39000000   170.87000000   22.19000000   43.41000000   25.76453608   99.72601238   11.58466697   0.95678879   
5.39000000   170.87000000   22.19000000   43.41000000   25.75503672   99.72731105   11.09550096   1.01942715   
5.39000000   170.87000000   22.19000000   43.41000000   25.75718745   99.73320731   11.40930888   0.90655667   
5.39000000   170.87000000   22.19000000   43.41000000   25.74350846   99.72557019   11.71255317   0.98249777   
5.39000000   170.87000000   22.19000000   43.41000000   25.74023293   99.71754208   11.37689732   0.65955719   
5.39000000   170.87000000   22.19000000   43.41000000   25.77445133   99.73408019   10.96622877   0.61119832   
5.39000000   170.87000000   22.19000000   43.41000000   25.78971236   99.73301492   10.57347262   0.60927543   
5.39000000   170.87000000   22.19000000   43.41000000   25.76855286   99.72353294   10.41434964   0.66837491   
5.39000000   170.87000000   22.19000000   43.41000000   25.73705825   99.73135076   11.00920747   0.83030258   
5.39000000   170.87000000   22.19000000   43.41000000   25.73956419   99.72212321   10.18537307   0.92241551   
5.39000000   170.87000000   22.19000000   43.41000000   25.74698641   99.73460531   10.23189124   0.90740800   
5.39000000   170.87000000   22.19000000   43.41000000   25.73877300   99.73051043   10.03305879   0.87937366   
5.39000000   170.87000000   22.19000000   43.41000000   25.72316855   99.73613384   9.17152301   0.88150663   
5.39000000   170.87000000   22.19000000   43.41000000   25.73105681   99.73043465   8.85816522   0.81610641   
5.39000000   170.87000000   22.19000000   43.41000000   25.73369527   99.73653800   8.38456769   0.90451205   
5.39000000   170.87000000   22.19000000   43.41000000   25.73026627   99.72798150   8.52613427   0.90246918   
5.39000000   170.87000000   22.19000000   43.41000000   25.74330103   99.74214001   8.61918244   0.73910745   
5.39000000   170.87000000   22.19000000   43.41000000   25.76112331   99.74161948   8.49961509   0.56180787   
5.39000000   170.87000000   22.19000000   43.41000000   25.74823822   99.72109797   8.03750186   0.49042898   
5.39000000   170.87000000   22.19000000   43.41000000   25.74780013   99.73810817   7.79955360   0.45035768   
5.39000000   170.87000000   22.19000000   43.41000000   25.76332205   99.75059436   7.10297073   0.50297526   
5.39000000   170.87000000   22.19000000   43.41000000   25.76605953   99.71866400   7.42958655   0.41675363   
5.39000000   170.87000000   22.19000000   43.41000000   25.77119692   99.72759153   6.57189319   0.47743293   
5.39000000   170.87000000   22.19000000   43.41000000   25.73318431   99.74968618   6.92638447   0.29055920   
5.39000000   170.87000000   22.19000000   43.41000000   25.72540521   99.73642109   6.71501792   0.34057272   
5.39000000   170.87000000   22.19000000   43.41000000   25.73526933   99.71936359   6.13267367   0.37916875   
5.39000000   170.87000000   22.19000000   43.41000000   25.73826821   99.71910497   6.03783315   0.33528617   
5.39000000   170.87000000   22.19000000   43.41000000   25.74493722   99.73761820   5.89205807   0.33913949   
5.39000000   170.87000000   22.19000000   43.41000000   25.73003985   99.71812311   5.48156719   0.23646468   
5.39000000   170.87000000   22.19000000   43.41000000   25.70522593   99.70902488   4.30113934   0.15602226   
5.39000000   170.87000000   22.19000000   43.41000000   25.69625870   99.71393614   3.83233435   0.08418417   
5.39000000   170.87000000   22.19000000   43.41000000   25.71174228   99.75390433   4.16029068   0.13943100   
5.39000000   170.87000000   22.19000000   43.41000000   25.75387039   99.73586619   3.02033310   0.19818569   
5.39000000   170.87000000   22.19000000   43.41000000   25.77213843   99.74680351   2.41645669   -0.06704152   
5.39000000   170.87000000   22.19000000   43.41000000   25.74528763   99.74614872   1.96205846   -0.20296410   
5.39000000   170.87000000   22.19000000   43.41000000   25.71808144   99.77019503   2.42577902   -0.06507996   
5.39000000   170.87000000   22.19000000   43.41000000   25.72411045   99.76538618   1.21300948   0.05278759   
5.39000000   170.87000000   22.19000000   43.41000000   25.72483171   99.75703297   1.32949878   -0.14833520   
5.39000000   170.87000000   22.19000000   43.41000000   25.72061550   99.75209114   1.42070930   -0.36609010   
5.39000000   170.87000000   22.19000000   43.41000000   25.73349227   99.76909306   1.15970884   -0.30561412   
5.39000000   170.87000000   22.19000000   43.41000000   25.70647109   99.75706875   1.16163848   -0.46262704   
5.39000000   170.87000000   22.19000000   43.41000000   25.71173243   99.76585770   1.21019507   -0.39831194   
5.39000000   170.87000000   22.19000000   43.41000000   25.72333356   99.74219454   1.30514034   -0.32742326   
5.39000000   170.87000000   22.19000000   43.41000000   25.74618883   99.73799301   1.39734667   -0.24645860   
5.39000000   170.87000000   22.19000000   43.41000000   25.74900237   99.74317487   1.37423558   -0.27540751   
5.39000000   170.87000000   22.19000000   43.41000000   25.72680103   99.73819836   1.53913498   -0.30137212   
5.39000000   170.87000000   22.19000000   43.41000000   25.74483732   99.73981016   1.32477781   -0.35263689   
5.39000000   170.87000000   22.19000000   43.41000000   25.76538927   99.73397203   1.13461900   -0.39127900   
5.39000000   170.87000000   22.19000000   43.41000000   25.75791962   99.73496743   1.50496349   -0.34112604   
5.39000000   170.87000000   22.19000000   43.41000000   25.74090994   99.74168695   1.04093019   -0.36566305   
5.39000000   170.87000000   22.19000000   43.41000000   25.72837711   99.74886755   1.21184346   -0.21885445   
5.39000000   170.87000000   22.19000000   43.41000000   25.73804917   99.75572677   1.13228348   -0.06737748   
5.39000000   170.87000000   22.19000000   43.41000000   25.70695282   99.75885164   1.09792470   -0.10799432   
5.39000000   170.87000000   22.19000000   43.41000000   25.70906211   99.77369390   1.11525542   -0.23580349   
5.39000000   170.87000000   22.19000000   43.41000000   25.69710033   99.75916043   1.22673440   -0.30746602   
5.39000000   170.87000000   22.19000000   43.41000000   25.70515065   99.76893202   1.17746944   -0.31526443   
5.39000000   170.87000000   22.19000000   43.41000000   25.72638156   99.75168286   1.51380592   -0.32695516   
5.39000000   170.87000000   22.19000000   43.41000000   25.72311599   99.75851162   1.07999194   -0.45499522   
5.39000000   170.87000000   22.19000000   43.41000000   25.70601634   99.76611356   1.14293631   -0.47060308   
5.39000000   170.87000000   22.19000000   43.41000000   25.73518866   99.75642546   1.69736847   -0.60407035   
5.39000000   170.87000000   22.19000000   43.41000000   25.73712577   99.73568538   1.65675814   -0.52041144   
5.39000000   170.87000000   22.19000000   43.41000000   25.72552057   99.74983870   1.33989179   -0.54627762   
5.39000000   170.87000000   22.19000000   43.41000000   25.72730250   99.72050921   1.25125844   -0.56941476   
5.39000000   170.87000000   22.19000000   43.41000000   25.72880636   99.73091039   1.33745856   -0.65512493   
5.39000000   170.87000000   22.19000000   43.41000000   25.74311523   99.74232069   1.09749754   -0.66852832   
5.39000000   170.87000000   22.19000000   43.41000000   25.74409212   99.74242370   1.09191593   -0.67942742   
5.39000000   170.87000000   22.19000000   43.41000000   25.76933733   99.71735233   1.17199989   -0.75805799   
5.39000000   170.87000000   22.19000000   43.41000000   25.73790009   99.71601883   1.63470592   -0.71971039   
5.39000000   170.87000000   22.19000000   43.41000000   25.73223238   99.71595406   1.10662474   -0.78926247   
5.39000000   170.87000000   22.19000000   43.41000000   25.75558983   99.72369581   1.51243360   -0.77258684   
5.39000000   170.87000000   22.19000000   43.41000000   25.72780435   99.72901754   1.48187582   -0.95467221   
5.39000000   170.87000000   22.19000000   43.41000000   25.75910540   99.70436678   1.38445860   -1.01606048   
5.39000000   170.87000000   22.19000000   43.41000000   25.75392983   99.72101530   1.26912679   -1.05818454   
5.39000000   170.87000000   22.19000000   43.41000000   25.70227038   99.71666605   1.15394803   -0.98791875   
5.39000000   170.87000000   22.19000000   43.41000000   25.72310481   99.70917907   1.18325949   -1.22406980   
5.39000000   170.87000000   22.19000000   43.41000000   25.74960811   99.70214832   1.12486983   -1.31517443   
5.39000000   170.87000000   22.19000000   43.41000000   25.73761048   99.71652550   1.15677382   -1.32408922   
5.39000000   170.87000000   22.19000000   43.41000000   25.74449388   99.70734459   1.00447818   -1.30513706   
5.39000000   170.87000000   22.19000000   43.41000000   25.75856769   99.71631909   1.11876286   -1.12201899   
5.39000000   170.87000000   22.19000000   43.41000000   25.73474973   99.72194187   1.72136742   -1.09782252   
5.39000000   170.87000000   22.19000000   43.41000000   25.72449828   99.73887726   1.20083663   -1.08481651   
5.39000000   170.87000000   22.19000000   43.41000000   25.71481164   99.72373287   1.04664531   -1.09730675   
5.39000000   170.87000000   22.19000000   43.41000000   25.74313084   99.73289168   1.07166357   -1.21828448   
5.39000000   170.87000000   22.19000000   43.41000000   25.74045269   99.71212169   1.42765388   -1.25792521   
5.39000000   170.87000000   22.19000000   43.41000000   25.73272720   99.72110992   1.32791878   -1.18293729   
5.39000000   170.87000000   22.19000000   43.41000000   25.75908390   99.73891134   1.19587691   -1.19500013   
5.39000000   170.87000000   22.19000000   43.41000000   25.76072007   99.71806138   1.06199812   -1.30392381   
5.39000000   170.87000000   22.19000000   43.41000000   25.75012356   99.72736228   1.39688913   -1.29673277   
5.39000000   170.87000000   22.19000000   43.41000000   25.74786249   99.71783497   1.57975553   -1.21427827   
5.39000000   170.87000000   22.19000000   43.41000000   25.73389153   99.71739489   1.67298112   -1.21461449   
5.39000000   170.87000000   22.19000000   43.41000000   25.74352733   99.70393377   2.31582785   -1.26196247   
5.39000000   170.87000000   22.19000000   43.41000000   25.71683735   99.70015226   2.04198414   -1.25400732   
5.39000000   170.87000000   22.19000000   43.41000000   25.72278651   99.71777834   2.19945101   -1.23448174   
5.39000000   170.87000000   22.19000000   43.41000000   25.72525319   99.70422553   1.09913801   -1.35266259   
5.39000000   170.87000000   22.19000000   43.41000000   25.75200686   99.71955832   1.19585228   -1.23891187   
5.39000000   170.87000000   22.19000000   43.41000000   25.74181185   99.73908084   1.47749883   -1.02136084   
5.39000000   170.87000000   22.19000000   43.41000000   25.74515012   99.72874835   1.00578616   -0.90257390   
5.39000000   170.87000000   22.19000000   43.41000000   25.75702796   99.71351459   1.18967159   -0.91550511   
5.39000000   170.87000000   22.19000000   43.41000000   25.74171264   99.71986961   1.15743760   -0.94704737   
5.39000000   170.87000000   22.19000000   43.41000000   25.74340239   99.72762151   1.13805940   -0.98295217   
5.39000000   170.87000000   22.19000000   43.41000000   25.74581884   99.74730633   1.14458803   -0.82786786   
5.39000000   170.87000000   22.19000000   43.41000000   25.76158402   99.72532677   1.92143941   -0.82860796   
5.39000000   170.87000000   22.19000000   43.41000000   25.75548259   99.73670744   1.92607166   -0.88131463   
5.39000000   170.87000000   22.19000000   43.41000000   25.73884864   99.72363542   1.80579318   -0.81799842   
5.39000000   170.87000000   22.19000000   43.41000000   25.76429620   99.70806757   1.87993590   -0.61621043   
5.39000000   170.87000000   22.19000000   43.41000000   25.74208008   99.70965095   1.86843793   -0.71387662   
5.39000000   170.87000000   22.19000000   43.41000000   25.72429003   99.72366173   1.51771239   -0.70057029   
5.39000000   170.87000000   22.19000000   43.41000000   25.76182392   99.73672404   1.67924288   -0.72784357   
5.39000000   170.87000000   22.19000000   43.41000000   25.76404769   99.73599219   1.10151388   -0.77297201   
5.39000000   170.87000000   22.19000000   43.41000000   25.73159035   99.73936681   1.32878368   -0.73771743   
5.39000000   170.87000000   22.19000000   43.41000000   25.72960404   99.72201879   1.80878476   -0.59068468   
5.39000000   170.87000000   22.19000000   43.41000000   25.73135586   99.70559636   1.84844898   -0.68540444   
5.39000000   170.87000000   22.19000000   43.41000000   25.71691306   99.70641526   2.02128656   -0.81778425   
5.39000000   170.87000000   22.19000000   43.41000000   25.72886185   99.71433825   1.04672139   -0.73008904   
5.39000000   170.87000000   22.19000000   43.41000000   25.72635194   99.72656695   1.46693431   -0.64002892   
5.39000000   170.87000000   22.19000000   43.41000000   25.72041497   99.73797514   1.12643801   -0.59501131   
5.39000000   170.87000000   22.19000000   43.41000000   25.73012392   99.74679009   1.13620521   -0.54915964   
5.39000000   170.87000000   22.19000000   43.41000000   25.72481670   99.73024546   1.07777930   -0.78815659   
5.39000000   170.87000000   22.19000000   43.41000000   25.70390233   99.73387460   1.62189164   -0.64779774   
5.39000000   170.87000000   22.19000000   43.41000000   25.72427217   99.73632036   1.31080609   -0.57938748   
5.39000000   170.87000000   22.19000000   43.41000000   25.73261179   99.73841389   1.55665958   -0.66929971   
5.39000000   170.87000000   22.19000000   43.41000000   25.74276908   99.72713168   1.65422437   -0.63539575   
5.39000000   170.87000000   22.19000000   43.41000000   25.74371440   99.72017799   2.04784235   -0.76995481   
5.39000000   170.87000000   22.19000000   43.41000000   25.73111029   99.73623269   1.85145641   -0.69015861   
5.39000000   170.87000000   22.19000000   43.41000000   25.75257213   99.72445361   2.03420578   -0.69752759   
5.39000000   170.87000000   22.19000000   43.41000000   25.74764451   99.71634377   2.08509908   -0.64355810   
5.39000000   170.87000000   22.19000000   43.41000000   25.73653158   99.74143692   1.87012869   -0.69632996   
5.39000000   170.87000000   22.19000000   43.41000000   25.72170806   99.71921335   1.56368704   -0.70834906   
5.39000000   170.87000000   22.19000000   43.41000000   25.75199208   99.75108790   1.73698502   -0.71159544   
5.39000000   170.87000000   22.19000000   43.41000000   25.73036473   99.71106427   1.17318690   -0.81689879   
5.39000000   170.87000000   22.19000000   43.41000000   25.73108823   99.73552764   1.03719610   -0.81509982   
5.39000000   170.87000000   22.19000000   43.41000000   25.72347662   99.73507225   1.78879258   -0.74581378   
5.39000000   170.87000000   22.19000000   43.41000000   25.69375366   99.73143550   1.02495959   -0.66424276   
5.39000000   170.87000000   22.19000000   43.41000000   25.71591873   99.72576594   1.07804824   -0.63554019   
5.39000000   170.87000000   22.19000000   43.41000000   25.72120160   99.74478553   1.38275603   -0.59571065   
5.39000000   170.87000000   22.19000000   43.41000000   25.71599278   99.70916213   1.16090951   -0.78795714   
5.39000000   170.87000000   22.19000000   43.41000000   25.70949929   99.72397537   1.32352452   -0.75050393   
5.39000000   170.87000000   22.19000000   43.41000000   25.71517879   99.72534974   1.48914548   -0.74348748   
5.39000000   170.87000000   22.19000000   43.41000000   25.72607743   99.75436698   1.48995281   -0.84228401   
5.39000000   170.87000000   22.19000000   43.41000000   25.72378042   99.74641389   1.70047010   -0.79307041   
5.39000000   170.87000000   22.19000000   43.41000000   25.73274116   99.72514281   1.01747549   -0.76463270   
5.39000000   170.87000000   22.19000000   43.41000000   25.72756838   99.71875532   1.33297519   -0.58830234   
5.39000000   170.87000000   22.19000000   43.41000000   25.72944280   99.71849715   1.55112142   -0.50493967   
5.39000000   170.87000000   22.19000000   43.41000000   25.73470098   99.72864436   1.15396187   -0.50581851   
5.39000000   170.87000000   22.19000000   43.41000000   25.75256693   99.73330452   1.07939559   -0.71260232   
5.39000000   170.87000000   22.19000000   43.41000000   25.73834894   99.74151189   1.23355927   -0.50101373   
5.39000000   170.87000000   22.19000000   43.41000000   25.71888688   99.74667224   1.02581222   -0.48625668   
5.39000000   170.87000000   22.19000000   43.41000000   25.73858569   99.74088785   1.62656303   -0.57930199   
5.39000000   170.87000000   22.19000000   43.41000000   25.74964925   99.72224270   1.45492997   -0.75994763   
5.39000000   170.87000000   22.19000000   43.41000000   25.74002046   99.72190806   1.43249421   -0.67873757   
5.39000000   170.87000000   22.19000000   43.41000000   25.72619479   99.73222791   2.08686500   -0.63876446   
5.39000000   170.87000000   22.19000000   43.41000000   25.72868346   99.73789233   1.98168307   -0.85998290   
5.39000000   170.87000000   22.19000000   43.41000000   25.71568933   99.74570677   1.59546266   -0.77733449   
5.39000000   170.87000000   22.19000000   43.41000000   25.74772589   99.72598614   1.42166060   -0.70026827   
5.39000000   170.87000000   22.19000000   43.41000000   25.75723724   99.72743376   1.02859452   -0.50418638   
5.39000000   170.87000000   22.19000000   43.41000000   25.74260995   99.74802631   1.25416951   -0.51107414   
5.39000000   170.87000000   22.19000000   43.41000000   25.74240375   99.73957950   1.02599891   -0.56864307   
5.39000000   170.87000000   22.19000000   43.41000000   25.73431431   99.72404769   1.72916547   -0.58478187   
5.39000000   170.87000000   22.19000000   43.41000000   25.74093328   99.74642918   1.66853075   -0.48420371   
5.39000000   170.87000000   22.19000000   43.41000000   25.74857614   99.73027324   1.19521073   -0.43517287   
5.39000000   170.87000000   22.19000000   43.41000000   25.74979584   99.75392341   1.23384889   -0.28096527   
5.39000000   170.87000000   22.19000000   43.41000000   25.73050038   99.75831424   1.71900255   -0.34700351   
5.39000000   170.87000000   22.19000000   43.41000000   25.72943390   99.73967696   1.59788614   -0.40507695   
5.39000000   170.87000000   22.19000000   43.41000000   25.74149352   99.74226880   1.48426318   -0.30114176   
5.39000000   170.87000000   22.19000000   43.41000000   25.72784027   99.73917252   1.27407170   -0.42654030   
5.39000000   170.87000000   22.19000000   43.41000000   25.72345979   99.73930047   1.38149572   -0.38351694   
5.39000000   170.87000000   22.19000000   43.41000000   25.70066559   99.73201228   1.08563951   -0.28220381   
5.39000000   170.87000000   22.19000000   43.41000000   25.70141103   99.73335130   1.44478389   -0.23748779   
5.39000000   170.87000000   22.19000000   43.41000000   25.69204255   99.73710564   1.11310811   -0.21747490   
5.39000000   170.87000000   22.19000000   43.41000000   25.71367577   99.74310528   1.80812765   -0.16354737   
5.39000000   170.87000000   22.19000000   43.41000000   25.72646868   99.73897875   2.13814828   -0.11614579   
5.39000000   170.87000000   22.19000000   43.41000000   25.73321991   99.72658856   1.69565952   -0.18179448   
5.39000000   170.87000000   22.19000000   43.41000000   25.74979451   99.74773176   2.06302660   -0.24064056   
5.39000000   170.87000000   22.19000000   43.41000000   25.73022763   99.74467285   1.58539851   -0.26748405   
5.39000000   170.87000000   22.19000000   43.41000000   25.72817059   99.76438606   1.36198986   -0.34507410   
5.39000000   170.87000000   22.19000000   43.41000000   25.74132260   99.74972923   1.74313826   -0.55344774   
5.39000000   170.87000000   22.19000000   43.41000000   25.72837537   99.72994295   1.41572397   -0.50504400   
5.39000000   170.87000000   22.19000000   43.41000000   25.72380212   99.73147095   1.39540197   -0.45444354   
5.39000000   170.87000000   22.19000000   43.41000000   25.72723562   99.73172427   1.04367356   -0.37327821   
5.39000000   170.87000000   22.19000000   43.41000000   25.71512399   99.73822182   1.22478213   -0.42611178   
5.39000000   170.87000000   22.19000000   43.41000000   25.70115423   99.73370140   1.24287293   -0.46787802   
5.39000000   170.87000000   22.19000000   43.41000000   25.70362439   99.72617072   1.72054007   -0.38273727   
5.39000000   170.87000000   22.19000000   43.41000000   25.71736121   99.71687994   1.56974225   -0.50063087   
5.39000000   170.87000000   22.19000000   43.41000000   25.71631077   99.73202550   1.80684459   -0.69461460   
5.39000000   170.87000000   22.19000000   43.41000000   25.71684052   99.72311483   1.74028917   -0.45736663   
5.39000000   170.87000000   22.19000000   43.41000000   25.69688346   99.73303616   1.87776905   -0.62317385   
5.39000000   170.87000000   22.19000000   43.41000000   25.71973746   99.75748457   2.01675291   -0.49703004   
5.39000000   170.87000000   22.19000000   43.41000000   25.70310526   99.73144338   1.50109944   -0.36797462   
5.39000000   170.87000000   22.19000000   43.41000000   25.72338416   99.73259298   1.74717821   -0.37258653   
5.39000000   170.87000000   22.19000000   43.41000000   25.73856237   99.75693125   1.13454011   -0.41457733   
5.39000000   170.87000000   22.19000000   43.41000000   25.74328784   99.75356543   1.23492684   -0.49216782   
5.39000000   170.87000000   22.19000000   43.41000000   25.73023088   99.74844890   1.90769262   -0.41511764   
5.39000000   170.87000000   22.19000000   43.41000000   25.73023765   99.73044729   1.68457907   -0.53966438   
5.39000000   170.87000000   22.19000000   43.41000000   25.74003987   99.72417630   1.11913284   -0.53656547   
5.39000000   170.87000000   22.19000000   43.41000000   25.72653183   99.73567891   1.09600432   -0.42399358   
5.39000000   170.87000000   22.19000000   43.41000000   25.73404403   99.73754131   1.19312661   -0.40727598   
5.39000000   170.87000000   22.19000000   43.41000000   25.71288720   99.75216594   1.02739585   -0.50455020   
5.39000000   170.87000000   22.19000000   43.41000000   25.72957904   99.72303727   1.04224713   -0.49231171   
5.39000000   170.87000000   22.19000000   43.41000000   25.74016479   99.73443332   1.30644759   -0.61982409   
5.39000000   170.87000000   22.19000000   43.41000000   25.72947817   99.73126788   1.25652725   -0.75278663   
5.39000000   170.87000000   22.19000000   43.41000000   25.74526466   99.72851512   1.47208836   -0.76136685   
5.39000000   170.87000000   22.19000000   43.41000000   25.73278622   99.73858817   1.47942862   -0.81381739   
5.39000000   170.87000000   22.19000000   43.41000000   25.75432447   99.72996604   1.60729891   -0.80634961   
5.39000000   170.87000000   22.19000000   43.41000000   25.75523945   99.72059330   1.99845951   -0.81090776   
5.39000000   170.87000000   22.19000000   43.41000000   25.74433881   99.70678901   1.98921113   -0.94251702   
5.39000000   170.87000000   22.19000000   43.41000000   25.74974123   99.72460106   2.05284793   -1.06994310   
5.39000000   170.87000000   22.19000000   43.41000000   25.75278424   99.73947307   2.61923100   -0.98407112   
5.39000000   170.87000000   22.19000000   43.41000000   25.71067066   99.71040876   1.98282764   -1.03937922   
5.39000000   170.87000000   22.19000000   43.41000000   25.70622273   99.72515719   1.28047076   -1.11496621   
5.39000000   170.87000000   22.19000000   43.41000000   25.72157042   99.73773995   1.05815360   -1.21905701   
5.39000000   170.87000000   22.19000000   43.41000000   25.70154526   99.72122409   1.03916576   -1.18434534   
5.39000000   170.87000000   22.19000000   43.41000000   25.75173666   99.73245103   1.31919532   -1.20831433   
5.39000000   170.87000000   22.19000000   43.41000000   25.72436683   99.72043128   1.55882039   -1.11224253   
5.39000000   170.87000000   22.19000000   43.41000000   25.71512573   99.72464121   1.21672779   -1.06965208   
5.39000000   170.87000000   22.19000000   43.41000000   25.72497471   99.71218465   1.35858051   -0.98864487   
5.39000000   170.87000000   22.19000000   43.41000000   25.74413168   99.71581618   1.37051260   -0.97099261   
5.39000000   170.87000000   22.19000000   43.41000000   25.72870418   99.72893024   1.10947033   -1.03471826   
5.39000000   170.87000000   22.19000000   43.41000000   25.76283847   99.73508429   1.15652566   -0.91006153   
5.39000000   170.87000000   22.19000000   43.41000000   25.73149468   99.72802751   1.69416436   -0.75171215   
5.39000000   170.87000000   22.19000000   43.41000000   25.75718563   99.72243321   1.17083699   -0.82732096   
5.39000000   170.87000000   22.19000000   43.41000000   25.73906820   99.72489948   1.69738710   -0.60113492   
5.39000000   170.87000000   22.19000000   43.41000000   25.76730321   99.73365047   1.64806874   -0.64487952   
5.39000000   170.87000000   22.19000000   43.41000000   25.75183581   99.74053860   1.44933975   -0.59855304   
5.39000000   170.87000000   22.19000000   43.41000000   25.74326918   99.72580258   1.67098416   -0.46436613   
5.39000000   170.87000000   22.19000000   43.41000000   25.71326455   99.75084298   1.24920925   -0.48957453   
5.39000000   170.87000000   22.19000000   43.41000000   25.73482407   99.73297450   1.09036526   -0.59047962   
5.39000000   170.87000000   22.19000000   43.41000000   25.72456686   99.75810210   1.03156839   -0.57553155   
5.39000000   170.87000000   22.19000000   43.41000000   25.73072862   99.74199224   1.14372629   -0.67836349   
5.39000000   170.87000000   22.19000000   43.41000000   25.73673730   99.72916638   1.19094460   -0.74604489   
5.39000000   170.87000000   22.19000000   43.41000000   25.73982614   99.74661690   1.16931530   -0.86750811   
5.39000000   170.87000000   22.19000000   43.41000000   25.71875898   99.72651461   1.15821246   -0.71232826   
5.39000000   170.87000000   22.19000000   43.41000000   25.72615296   99.73621352   1.26090864   -0.66798466   
5.39000000   170.87000000   22.19000000   43.41000000   25.74115954   99.74586092   1.19051211   -0.72730739   
5.39000000   170.87000000   22.19000000   43.41000000   25.73441456   99.75267368   1.24567003   -0.65439950   
5.39000000   170.87000000   22.19000000   43.41000000   25.72067166   99.74584432   1.32163149   -0.63116111   
5.39000000   170.87000000   22.19000000   43.41000000   25.73210275   99.74006859   1.65409092   -0.68044071   
5.39000000   170.87000000   22.19000000   43.41000000   25.71998623   99.74828572   1.62249097   -0.83092748   
5.39000000   170.87000000   22.19000000   43.41000000   25.74475098   99.74775668   1.06337638   -0.78972517   
5.39000000   170.87000000   22.19000000   43.41000000   25.74358515   99.74707407   1.20534785   -0.68147923   
5.39000000   170.87000000   22.19000000   43.41000000   25.71929134   99.71890399   1.29679967   -0.55075016   
5.39000000   170.87000000   22.19000000   43.41000000   25.72529981   99.75158335   1.64782523   -0.58097433   
5.39000000   170.87000000   22.19000000   43.41000000   25.73757677   99.74548325   1.83028758   -0.49846691   
5.39000000   170.87000000   22.19000000   43.41000000   25.74803477   99.73501252   1.49378603   -0.62489401   
5.39000000   170.87000000   22.19000000   43.41000000   25.74439950   99.73406306   2.17006298   -0.73551576   
5.39000000   170.87000000   22.19000000   43.41000000   25.74094644   99.72442174   1.30938525   -0.92109412   
5.39000000   170.87000000   22.19000000   43.41000000   25.75512153   99.73007795   1.02132554   -1.02377186   
5.39000000   170.87000000   22.19000000   43.41000000   25.75622112   99.73004007   1.67992262   -0.99830534   
5.39000000   170.87000000   22.19000000   43.41000000   25.71337877   99.72205483   1.34486525   -1.02669367   
5.39000000   170.87000000   22.19000000   43.41000000   25.70847034   99.70267870   1.20880690   -1.08289606   
5.39000000   170.87000000   22.19000000   43.41000000   25.72461729   99.72652319   1.32342508   -1.05422888   
5.39000000   170.87000000   22.19000000   43.41000000   25.71462743   99.72305526   1.36422173   -0.90890292   
5.39000000   170.87000000   22.19000000   43.41000000   25.71807693   99.73105184   1.28693020   -0.88590148   
5.39000000   170.87000000   22.19000000   43.41000000   25.71668701   99.71633770   1.07376242   -0.89067309   
5.39000000   170.87000000   22.19000000   43.41000000   25.72391904   99.73164470   1.12596956   -0.70310318   
5.39000000   170.87000000   22.19000000   43.41000000   25.72593041   99.73565314   1.02969105   -0.67765825   
5.39000000   170.87000000   22.19000000   43.41000000   25.72144775   99.72361728   1.13390839   -0.66875984   
5.39000000   170.87000000   22.19000000   43.41000000   25.72659112   99.74274235   1.62063689   -0.63872320   
5.39000000   170.87000000   22.19000000   43.41000000   25.74061994   99.72761123   1.10250695   -0.53732525   
5.39000000   170.87000000   22.19000000   43.41000000   25.72144981   99.76214955   1.16880050   -0.49662503   
5.39000000   170.87000000   22.19000000   43.41000000   25.72223715   99.75155675   1.56100361   -0.41106569   
5.39000000   170.87000000   22.19000000   43.41000000   25.74416861   99.75903849   1.45347019   -0.44545702   
5.39000000   170.87000000   22.19000000   43.41000000   25.71233132   99.74364027   1.17711947   -0.38211179   
5.39000000   170.87000000   22.19000000   43.41000000   25.71561810   99.73137512   1.10609634   -0.33641977   
5.39000000   170.87000000   22.19000000   43.41000000   25.72494638   99.72195668   1.21199322   -0.36470168   
5.39000000   170.87000000   22.19000000   43.41000000   25.70480013   99.73839463   1.60996568   -0.42643407   
5.39000000   170.87000000   22.19000000   43.41000000   25.69932238   99.75763279   1.21306784   -0.48292631   
5.39000000   170.87000000   22.19000000   43.41000000   25.69541316   99.74712131   1.16370732   -0.44479832   
5.39000000   170.87000000   22.19000000   43.41000000   25.72431690   99.74495765   1.04548230   -0.39310662   
5.39000000   170.87000000   22.19000000   43.41000000   25.74501493   99.72138963   1.08352233   -0.50152768   
5.39000000   170.87000000   22.19000000   43.41000000   25.73157603   99.70884255   1.59528287   -0.43988643   
5.39000000   170.87000000   22.19000000   43.41000000   25.72351247   99.72726847   1.69120033   -0.51384069   
5.39000000   170.87000000   22.19000000   43.41000000   25.71974836   99.73468066   1.16264029   -0.62710852   
5.39000000   170.87000000   22.19000000   43.41000000   25.73418763   99.73177094   1.61653496   -0.62015417   
5.39000000   170.87000000   22.19000000   43.41000000   25.71991675   99.73140625   1.83486504   -0.45010020   
5.39000000   170.87000000   22.19000000   43.41000000   25.73934986   99.70733360   1.26384629   -0.50041357   
5.39000000   170.87000000   22.19000000   43.41000000   25.73983985   99.72108594   1.23808822   -0.38842573   
5.39000000   170.87000000   22.19000000   43.41000000   25.73908925   99.72647431   1.08869694   -0.33720997   
5.39000000   170.87000000   22.19000000   43.41000000   25.72984750   99.73894289   1.95653216   -0.26563336   
5.39000000   170.87000000   22.19000000   43.41000000   25.75521596   99.73552276   1.71173646   -0.30730173   
5.39000000   170.87000000   22.19000000   43.41000000   25.70316554   99.72673832   1.34746029   -0.39668510   
5.39000000   170.87000000   22.19000000   43.41000000   25.70406864   99.74293083   1.31589029   -0.39002504   
5.39000000   170.87000000   22.19000000   43.41000000   25.69426963   99.74774041   1.18778766   -0.43507012   
5.39000000   170.87000000   22.19000000   43.41000000   25.70235306   99.74334975   1.06578394   -0.53622801   
5.39000000   170.87000000   22.19000000   43.41000000   25.71634216   99.72343592   1.20739798   -0.66069034   
5.39000000   170.87000000   22.19000000   43.41000000   25.72341405   99.73359961   1.11923191   -0.61516163   
5.39000000   170.87000000   22.19000000   43.41000000   25.71312762   99.75143960   1.02683378   -0.61508043   
5.39000000   170.87000000   22.19000000   43.41000000   25.71852671   99.74074333   1.06178450   -0.49034362   
5.39000000   170.87000000   22.19000000   43.41000000   25.72547044   99.72264509   1.17856207   -0.55568906   
5.39000000   170.87000000   22.19000000   43.41000000   25.71614038   99.74995429   1.20287768   -0.51841165   
5.39000000   170.87000000   22.19000000   43.41000000   25.70260268   99.75621635   1.10382027   -0.45706307   
5.39000000   170.87000000   22.19000000   43.41000000   25.69974816   99.74572712   1.12942759   -0.51262922   
5.39000000   170.87000000   22.19000000   43.41000000   25.71400565   99.75928754   1.36668324   -0.60247952   
5.39000000   170.87000000   22.19000000   43.41000000   25.74755830   99.76389579   1.23906159   -0.53455021   
5.39000000   170.87000000   22.19000000   43.41000000   25.74034930   99.76201190   1.09272323   -0.47432121   
5.39000000   170.87000000   22.19000000   43.41000000   25.73240176   99.73614350   1.64665940   -0.48661029   
5.39000000   170.87000000   22.19000000   43.41000000   25.72080153   99.74226664   1.54226351   -0.46126260   
5.39000000   170.87000000   22.19000000   43.41000000   25.70299431   99.72117072   1.21414439   -0.50612155   
5.39000000   170.87000000   22.19000000   43.41000000   25.70468384   99.71654502   1.27561923   -0.52677058   
5.39000000   170.87000000   22.19000000   43.41000000   25.70670117   99.73225796   1.66441816   -0.45828871   
5.39000000   170.87000000   22.19000000   43.41000000   25.71388862   99.72685100   1.52240467   -0.39360436   
5.39000000   170.87000000   22.19000000   43.41000000   25.72308719   99.72237738   1.41327800   -0.46566715   
5.39000000   170.87000000   22.19000000   43.41000000   25.70606621   99.73168557   1.36407392   -0.54122904   
5.39000000   170.87000000   22.19000000   43.41000000   25.72106671   99.75288782   1.09140296   -0.48353028   
5.39000000   170.87000000   22.19000000   43.41000000   25.72691774   99.73806905   1.10510186   -0.34621493   
5.39000000   170.87000000   22.19000000   43.41000000   25.73878448   99.73264838   1.15694286   -0.32397890   
5.39000000   170.87000000   22.19000000   43.41000000   25.75546312   99.74725515   1.00622624   -0.33186734   
5.39000000   170.87000000   22.19000000   43.41000000   25.71604698   99.74396827   1.40374481   -0.39645512   
5.39000000   170.87000000   22.19000000   43.41000000   25.73563965   99.75905969   1.52478352   -0.48596275   
5.39000000   170.87000000   22.19000000   43.41000000   25.72726382   99.75864472   1.68276556   -0.56160694   
5.39000000   170.87000000   22.19000000   43.41000000   25.75339768   99.73225259   1.45813077   -0.51729429   
5.39000000   170.87000000   22.19000000   43.41000000   25.75462434   99.73026728   2.23601487   -0.55004455   
5.39000000   170.87000000   22.19000000   43.41000000   25.73863943   99.75463564   1.66831691   -0.60605348   
5.39000000   170.87000000   22.19000000   43.41000000   25.72063884   99.76507114   1.17713402   -0.57200347   
5.39000000   170.87000000   22.19000000   43.41000000   25.71874827   99.73125089   1.27634927   -0.59116811   
5.39000000   170.87000000   22.19000000   43.41000000   25.71720840   99.72249416   1.21896691   -0.45613199   
5.39000000   170.87000000   22.19000000   43.41000000   25.70493205   99.71999392   1.04630599   -0.34966213   
5.39000000   170.87000000   22.19000000   43.41000000   25.71287693   99.71989017   1.15115063   -0.45301720   
5.39000000   170.87000000   22.19000000   43.41000000   25.71755265   99.73442288   1.50947349   -0.45870713   
5.39000000   170.87000000   22.19000000   43.41000000   25.70904512   99.76161385   1.13204676   -0.57257465   
5.39000000   170.87000000   22.19000000   43.41000000   25.71153695   99.75803225   1.16973784   -0.66054131   
5.39000000   170.87000000   22.19000000   43.41000000   25.72499705   99.75445117   1.24358950   -0.63969983   
5.39000000   170.87000000   22.19000000   43.41000000   25.72905649   99.73330174   1.50900390   -0.51821226   
5.39000000   170.87000000   22.19000000   43.41000000   25.72614810   99.75166407   1.56334573   -0.47387958   
5.39000000   170.87000000   22.19000000   43.41000000   25.71505969   99.73089525   1.62632443   -0.57737664   
5.39000000   170.87000000   22.19000000   43.41000000   25.75502437   99.74759396   1.01776894   -0.51928103   
5.39000000   170.87000000   22.19000000   43.41000000   25.71182414   99.76207959   1.17914977   -0.43662732   
5.39000000   170.87000000   22.19000000   43.41000000   25.72477832   99.75279975   1.56707003   -0.44654623   
5.39000000   170.87000000   22.19000000   43.41000000   25.73223334   99.74345956   1.38738084   -0.32606939   
5.39000000   170.87000000   22.19000000   43.41000000   25.73374655   99.73679070   1.56609465   -0.24924183   
5.39000000   170.87000000   22.19000000   43.41000000   25.73301589   99.73098206   1.25249852   -0.22331329   
5.39000000   170.87000000   22.19000000   43.41000000   25.71577575   99.73566158   1.37975311   -0.14768246   
5.39000000   170.87000000   22.19000000   43.41000000   25.70977447   99.73535044   1.75462719   -0.19924313   
5.39000000   170.87000000   22.19000000   43.41000000   25.70193164   99.75045841   1.87577861   -0.12165012   
5.39000000   170.87000000   22.19000000   43.41000000   25.69749693   99.74157510   1.84029384   -0.17213654   
5.39000000   170.87000000   22.19000000   43.41000000   25.73379865   99.73944808   2.09193191   -0.24461717   
5.39000000   170.87000000   22.19000000   43.41000000   25.72513388   99.73115906   1.39299703   -0.06342775   
5.39000000   170.87000000   22.19000000   43.41000000   25.72612160   99.73225789   1.45258192   -0.09040854   
5.39000000   170.87000000   22.19000000   43.41000000   25.73214073   99.73540820   1.52068054   -0.22227797   
5.39000000   170.87000000   22.19000000   43.41000000   25.72791747   99.74776162   1.26197534   -0.16527488   
5.39000000   170.87000000   22.19000000   43.41000000   25.73491144   99.71744339   2.11437822   -0.21793364   
5.39000000   170.87000000   22.19000000   43.41000000   25.73594122   99.75373839   2.72310311   -0.19007686   
5.39000000   170.87000000   22.19000000   43.41000000   25.73856014   99.74372931   2.63893732   -0.16013912   
5.39000000   170.87000000   22.19000000   43.41000000   25.71933778   99.75310535   2.70654286   -0.19053874   
5.39000000   170.87000000   22.19000000   43.41000000   25.74927341   99.75919561   1.72037911   -0.08517987   
5.39000000   170.87000000   22.19000000   43.41000000   25.72057125   99.73122654   2.37424664   -0.04367674   
5.39000000   170.87000000   22.19000000   43.41000000   25.72339599   99.75437456   2.15564258   -0.00053744   
5.39000000   170.87000000   22.19000000   43.41000000   25.74073486   99.75106104   1.93148959   0.06045324   
5.39000000   170.87000000   22.19000000   43.41000000   25.74209037   99.73397554   1.98165168   -0.02241539   
5.39000000   170.87000000   22.19000000   43.41000000   25.73411026   99.74757528   1.95044517   -0.00555754   
5.39000000   170.87000000   22.19000000   43.41000000   25.71215396   99.76560802   1.54809901   0.08217117   
5.39000000   170.87000000   22.19000000   43.41000000   25.71362473   99.75260744   1.50533094   0.07279825   
5.39000000   170.87000000   22.19000000   43.41000000   25.73690576   99.75677366   1.43227830   -0.15138437   
5.39000000   170.87000000   22.19000000   43.41000000   25.70962018   99.74090386   1.70859833   -0.26397920   
5.39000000   170.87000000   22.19000000   43.41000000   25.70407528   99.74940374   1.42838077   -0.20881529   
5.39000000   170.87000000   22.19000000   43.41000000   25.70285713   99.74745941   1.66286499   -0.27791163   
5.39000000   170.87000000   22.19000000   43.41000000   25.72047177   99.74664070   2.20043329   -0.31684296   
