7.73000000   314.91000000   68.71000000   -112.40000000   25.74204600   99.74254407   10.70468127   0.46312920   
7.73000000   314.91000000   68.71000000   -112.40000000   25.74852822   99.71642689   10.84374729   0.33583350   
7.73000000   314.91000000   68.71000000   -112.40000000   25.74822128   99.71948764   9.50643089   0.32418402   
7.73000000   314.91000000   68.71000000   -112.40000000   25.76727826   99.71101179   9.43551947   0.19926296   
7.73000000   314.91000000   68.71000000   -112.40000000   25.73024968   99.72006125   8.90791253   0.07220138   
7.73000000   314.91000000   68.71000000   -112.40000000   25.73210034   99.72441507   8.42487937   0.10116099   
7.73000000   314.91000000   68.71000000   -112.40000000   25.73933665   99.72334032   7.93055835   -0.07984624   
7.73000000   314.91000000   68.71000000   -112.40000000   25.76289450   99.72343921   7.99848859   0.03672505   
7.73000000   314.91000000   68.71000000   -112.40000000   25.77256420   99.73231405   7.69637731   0.03941763   
7.73000000   314.91000000   68.71000000   -112.40000000   25.76445864   99.70402410   7.01705453   0.09614202   
7.73000000   314.91000000   68.71000000   -112.40000000   25.77223055   99.71764293   6.52252633   0.05858303   
7.73000000   314.91000000   68.71000000   -112.40000000   25.75461158   99.70925296   6.66983091   0.01575770   
7.73000000   314.91000000   68.71000000   -112.40000000   25.75212059   99.73916150   6.21273405   0.06134332   
7.73000000   314.91000000   68.71000000   -112.40000000   25.75996152   99.73004143   4.91226509   0.00649999   
7.73000000   314.91000000   68.71000000   -112.40000000   25.73338528   99.73198409   4.27607259   -0.05376182   
7.73000000   314.91000000   68.71000000   -112.40000000   25.74364973   99.73437961   4.02999673   -0.14395811   
7.73000000   314.91000000   68.71000000   -112.40000000   25.74046646   99.72536613   3.76081969   -0.12234827   
7.73000000   314.91000000   68.71000000   -112.40000000   25.74054070   99.71505816   3.62577696   -0.06363859   
7.73000000   314.91000000   68.71000000   -112.40000000   25.72523850   99.71008424   3.90387270   -0.23248906   
7.73000000   314.91000000   68.71000000   -112.40000000   25.73328577   99.70914869   3.40912894   -0.11979731   
7.73000000   314.91000000   68.71000000   -112.40000000   25.74365746   99.71390373   2.79729698   -0.08397651   
7.73000000   314.91000000   68.71000000   -112.40000000   25.73883055   99.71984058   2.74136420   0.03809876   
7.73000000   314.91000000   68.71000000   -112.40000000   25.74206561   99.72365587   2.24543574   -0.10695939   
7.73000000   314.91000000   68.71000000   -112.40000000   25.74994121   99.73713222   2.07446385   -0.29266183   
7.73000000   314.91000000   68.71000000   -112.40000000   25.71733112   99.72296560   1.72762199   -0.44410710   
7.73000000   314.91000000   68.71000000   -112.40000000   25.71601371   99.73787311   1.45947943   -0.49268426   
7.73000000   314.91000000   68.71000000   -112.40000000   25.71698562   99.74800505   1.49686950   -0.52118240   
7.73000000   314.91000000   68.71000000   -112.40000000   25.74326712   99.74406639   1.86582004   -0.48714608   
7.73000000   314.91000000   68.71000000   -112.40000000   25.74957803   99.72126147   2.09632660   -0.59459692   
7.73000000   314.91000000   68.71000000   -112.40000000   25.72857548   99.72058414   1.72509980   -0.56615869   
7.73000000   314.91000000   68.71000000   -112.40000000   25.73852948   99.74254120   1.39377775   -0.49464519   
7.73000000   314.91000000   68.71000000   -112.40000000   25.72924191   99.73592027   1.37155027   -0.46573377   
7.73000000   314.91000000   68.71000000   -112.40000000   25.73453673   99.74539397   1.55505747   -0.34131217   
7.73000000   314.91000000   68.71000000   -112.40000000   25.72930976   99.74424365   1.13232132   -0.30093872   
7.73000000   314.91000000   68.71000000   -112.40000000   25.74145953   99.74616669   1.02196865   -0.42083044   
7.73000000   314.91000000   68.71000000   -112.40000000   25.72479668   99.73523158   1.03332765   -0.36820307   
7.73000000   314.91000000   68.71000000   -112.40000000   25.71457679   99.71605397   1.25375198   -0.39060349   
7.73000000   314.91000000   68.71000000   -112.40000000   25.72156144   99.72917918   1.06893875   -0.29183040   
7.73000000   314.91000000   68.71000000   -112.40000000   25.70030332   99.76655176   1.01311472   -0.07561515   
7.73000000   314.91000000   68.71000000   -112.40000000   25.72222318   99.76521607   1.36782019   -0.11095824   
7.73000000   314.91000000   68.71000000   -112.40000000   25.72653929   99.78245629   1.04361829   0.04928016   
7.73000000   314.91000000   68.71000000   -112.40000000   25.72770590   99.78016632   1.56896357   0.04432321   
7.73000000   314.91000000   68.71000000   -112.40000000   25.70422791   99.75413974   1.95535168   0.12331232   
7.73000000   314.91000000   68.71000000   -112.40000000   25.69435859   99.75655975   1.39187761   0.11949248   
7.73000000   314.91000000   68.71000000   -112.40000000   25.69200596   99.77616675   1.36320790   -0.02197637   
7.73000000   314.91000000   68.71000000   -112.40000000   25.71039840   99.76828436   1.25215685   -0.13026691   
7.73000000   314.91000000   68.71000000   -112.40000000   25.71255001   99.75485299   1.15975564   -0.15594195   
7.73000000   314.91000000   68.71000000   -112.40000000   25.72855964   99.74794845   1.35379764   -0.10946034   
7.73000000   314.91000000   68.71000000   -112.40000000   25.72670598   99.73406769   1.31911991   -0.03505092   
7.73000000   314.91000000   68.71000000   -112.40000000   25.72460526   99.74253526   1.31214604   0.01613612   
7.73000000   314.91000000   68.71000000   -112.40000000   25.72167316   99.74155686   2.14033563   0.01363694   
7.73000000   314.91000000   68.71000000   -112.40000000   25.73979755   99.75964712   1.83620652   0.04047496   
7.73000000   314.91000000   68.71000000   -112.40000000   25.71860174   99.77694502   1.61083665   0.00666049   
7.73000000   314.91000000   68.71000000   -112.40000000   25.69361536   99.77840054   1.31832257   -0.01800053   
7.73000000   314.91000000   68.71000000   -112.40000000   25.68667803   99.77223443   1.23001036   -0.00811993   
7.73000000   314.91000000   68.71000000   -112.40000000   25.69001944   99.75379897   1.23070437   -0.07749957   
7.73000000   314.91000000   68.71000000   -112.40000000   25.70058273   99.74880806   1.15420720   -0.02904940   
7.73000000   314.91000000   68.71000000   -112.40000000   25.72146538   99.75449064   1.93114349   -0.11332796   
7.73000000   314.91000000   68.71000000   -112.40000000   25.69985669   99.74530815   2.15493848   -0.27205360   
7.73000000   314.91000000   68.71000000   -112.40000000   25.68950682   99.74995550   1.57394361   -0.21593853   
7.73000000   314.91000000   68.71000000   -112.40000000   25.69415090   99.73213483   1.66776315   -0.34323845   
7.73000000   314.91000000   68.71000000   -112.40000000   25.73703097   99.75171759   1.92018002   -0.35013950   
7.73000000   314.91000000   68.71000000   -112.40000000   25.69902602   99.74680149   1.83316355   -0.19334915   
7.73000000   314.91000000   68.71000000   -112.40000000   25.70874002   99.77282309   2.15793065   -0.08410939   
7.73000000   314.91000000   68.71000000   -112.40000000   25.71786553   99.77541688   2.07948635   -0.12818459   
7.73000000   314.91000000   68.71000000   -112.40000000   25.72165196   99.74926373   2.68729304   -0.28224251   
7.73000000   314.91000000   68.71000000   -112.40000000   25.70994678   99.72802290   2.50537800   -0.33108648   
7.73000000   314.91000000   68.71000000   -112.40000000   25.70388645   99.73475691   2.30827263   -0.33732579   
7.73000000   314.91000000   68.71000000   -112.40000000   25.72892427   99.72363322   2.40775051   -0.41482208   
7.73000000   314.91000000   68.71000000   -112.40000000   25.73498573   99.71654075   1.82375907   -0.38675616   
7.73000000   314.91000000   68.71000000   -112.40000000   25.71380503   99.72399819   1.94437131   -0.34362666   
7.73000000   314.91000000   68.71000000   -112.40000000   25.69926918   99.72960415   1.48569565   -0.36815701   
7.73000000   314.91000000   68.71000000   -112.40000000   25.71673651   99.71636279   1.09322612   -0.28302168   
7.73000000   314.91000000   68.71000000   -112.40000000   25.74094203   99.73264998   1.75909956   0.05657989   
7.73000000   314.91000000   68.71000000   -112.40000000   25.75230674   99.74814209   1.71914358   0.00958925   
7.73000000   314.91000000   68.71000000   -112.40000000   25.76565082   99.75909833   1.56894230   -0.22834137   
7.73000000   314.91000000   68.71000000   -112.40000000   25.77173111   99.72997552   2.04191881   -0.12196523   
7.73000000   314.91000000   68.71000000   -112.40000000   25.76206323   99.76593847   2.42519565   -0.06223757   
7.73000000   314.91000000   68.71000000   -112.40000000   25.76029103   99.75511795   2.44858863   0.00812265   
7.73000000   314.91000000   68.71000000   -112.40000000   25.75677882   99.73994890   1.84268406   -0.06900073   
7.73000000   314.91000000   68.71000000   -112.40000000   25.75502834   99.76875204   1.95445100   -0.07421546   
7.73000000   314.91000000   68.71000000   -112.40000000   25.72101969   99.77145279   1.90902378   -0.17778355   
7.73000000   314.91000000   68.71000000   -112.40000000   25.75543476   99.74598504   2.03246954   -0.21773981   
7.73000000   314.91000000   68.71000000   -112.40000000   25.72565663   99.74421266   2.44261928   -0.39248838   
7.73000000   314.91000000   68.71000000   -112.40000000   25.74031197   99.74568743   2.13298414   -0.35824734   
7.73000000   314.91000000   68.71000000   -112.40000000   25.70740508   99.74140855   1.64874033   -0.38642311   
7.73000000   314.91000000   68.71000000   -112.40000000   25.70462016   99.73971461   1.45441335   -0.45411731   
7.73000000   314.91000000   68.71000000   -112.40000000   25.70392096   99.73655533   1.51327760   -0.64471374   
7.73000000   314.91000000   68.71000000   -112.40000000   25.70751342   99.72289578   1.49882511   -0.51279480   
7.73000000   314.91000000   68.71000000   -112.40000000   25.71626853   99.74641447   1.51734545   -0.49037593   
7.73000000   314.91000000   68.71000000   -112.40000000   25.73653019   99.74651816   1.64861427   -0.39018908   
7.73000000   314.91000000   68.71000000   -112.40000000   25.72618498   99.73499509   1.26192660   -0.50680999   
7.73000000   314.91000000   68.71000000   -112.40000000   25.74094454   99.72255763   1.15797446   -0.66570498   
7.73000000   314.91000000   68.71000000   -112.40000000   25.73950892   99.71142626   1.30064741   -0.67695855   
7.73000000   314.91000000   68.71000000   -112.40000000   25.73054791   99.72503021   1.13015496   -0.55484992   
7.73000000   314.91000000   68.71000000   -112.40000000   25.72638042   99.73078165   1.58347333   -0.47183054   
7.73000000   314.91000000   68.71000000   -112.40000000   25.72423490   99.72885269   1.39919396   -0.64555434   
7.73000000   314.91000000   68.71000000   -112.40000000   25.73763670   99.73106363   1.68336953   -0.77909893   
7.73000000   314.91000000   68.71000000   -112.40000000   25.72936398   99.71741963   1.17357594   -0.72415107   
7.73000000   314.91000000   68.71000000   -112.40000000   25.71336069   99.72945107   1.16426674   -0.83261777   
7.73000000   314.91000000   68.71000000   -112.40000000   25.72523364   99.71424366   1.01658541   -0.72787011   
7.73000000   314.91000000   68.71000000   -112.40000000   25.72984372   99.73270922   1.33121039   -0.49929915   
7.73000000   314.91000000   68.71000000   -112.40000000   25.73910410   99.72477284   1.28326848   -0.41577245   
7.73000000   314.91000000   68.71000000   -112.40000000   25.73296343   99.73129989   1.54535485   -0.38005780   
7.73000000   314.91000000   68.71000000   -112.40000000   25.73866403   99.74951831   1.41621873   -0.35977714   
7.73000000   314.91000000   68.71000000   -112.40000000   25.73108795   99.71007539   2.09129769   -0.39657223   
7.73000000   314.91000000   68.71000000   -112.40000000   25.72681453   99.71570739   2.35513271   -0.25922088   
7.73000000   314.91000000   68.71000000   -112.40000000   25.72845344   99.72488318   2.31355461   -0.14576943   
7.73000000   314.91000000   68.71000000   -112.40000000   25.73024356   99.73585807   2.16128447   -0.12439081   
7.73000000   314.91000000   68.71000000   -112.40000000   25.70160256   99.74237622   1.49774065   -0.19098584   
7.73000000   314.91000000   68.71000000   -112.40000000   25.69432689   99.75589184   1.59898792   -0.40162695   
7.73000000   314.91000000   68.71000000   -112.40000000   25.69609618   99.75785874   1.15441758   -0.28922574   
7.73000000   314.91000000   68.71000000   -112.40000000   25.72411945   99.72789265   1.56526862   -0.25539457   
7.73000000   314.91000000   68.71000000   -112.40000000   25.73633335   99.75020227   1.51715146   -0.18968640   
7.73000000   314.91000000   68.71000000   -112.40000000   25.70194361   99.73637194   2.21076465   -0.15282853   
7.73000000   314.91000000   68.71000000   -112.40000000   25.74141223   99.72898956   2.19022106   -0.15660335   
7.73000000   314.91000000   68.71000000   -112.40000000   25.73995213   99.71628967   1.55799377   -0.10856948   
7.73000000   314.91000000   68.71000000   -112.40000000   25.73290619   99.72755632   1.19595498   -0.03961893   
7.73000000   314.91000000   68.71000000   -112.40000000   25.75195105   99.74395430   1.09317931   0.07756555   
7.73000000   314.91000000   68.71000000   -112.40000000   25.75608161   99.74730088   1.02454313   0.11004568   
7.73000000   314.91000000   68.71000000   -112.40000000   25.72429333   99.75885474   1.41718795   0.07417691   
7.73000000   314.91000000   68.71000000   -112.40000000   25.71650626   99.75995798   1.21698873   0.08092717   
7.73000000   314.91000000   68.71000000   -112.40000000   25.72049521   99.76203975   1.23996060   0.12047069   
7.73000000   314.91000000   68.71000000   -112.40000000   25.71315708   99.77036276   2.04531718   0.08917657   
7.73000000   314.91000000   68.71000000   -112.40000000   25.72210339   99.77504648   1.96680211   0.12909826   
7.73000000   314.91000000   68.71000000   -112.40000000   25.71714736   99.78038936   1.92423318   0.15329857   
7.73000000   314.91000000   68.71000000   -112.40000000   25.71462018   99.76806589   1.20355929   0.20711272   
7.73000000   314.91000000   68.71000000   -112.40000000   25.71857149   99.75435161   1.10409755   0.01932647   
7.73000000   314.91000000   68.71000000   -112.40000000   25.73051391   99.75129914   1.56217242   0.08144985   
7.73000000   314.91000000   68.71000000   -112.40000000   25.69040141   99.74892551   1.26733245   0.15801794   
7.73000000   314.91000000   68.71000000   -112.40000000   25.70465518   99.72638409   1.76985128   0.11861137   
7.73000000   314.91000000   68.71000000   -112.40000000   25.72645733   99.73981671   1.95043397   0.10237776   
7.73000000   314.91000000   68.71000000   -112.40000000   25.71996302   99.74472630   1.68279816   -0.03197803   
7.73000000   314.91000000   68.71000000   -112.40000000   25.73318132   99.72274765   1.25244470   -0.13726830   
7.73000000   314.91000000   68.71000000   -112.40000000   25.72626878   99.74419241   1.15488557   -0.00855890   
7.73000000   314.91000000   68.71000000   -112.40000000   25.73401732   99.76625334   1.66929435   -0.02100149   
7.73000000   314.91000000   68.71000000   -112.40000000   25.73721304   99.74277350   1.05705207   -0.08587229   
7.73000000   314.91000000   68.71000000   -112.40000000   25.72459062   99.74274995   1.29499302   -0.10050191   
7.73000000   314.91000000   68.71000000   -112.40000000   25.73179011   99.74653729   1.87301758   -0.00825591   
7.73000000   314.91000000   68.71000000   -112.40000000   25.74104631   99.75637092   1.29788736   -0.00240688   
7.73000000   314.91000000   68.71000000   -112.40000000   25.72778999   99.76600748   1.31379980   0.00107958   
7.73000000   314.91000000   68.71000000   -112.40000000   25.73481304   99.77909645   1.56152311   -0.02780901   
7.73000000   314.91000000   68.71000000   -112.40000000   25.73404751   99.76426954   1.03730935   -0.11030803   
7.73000000   314.91000000   68.71000000   -112.40000000   25.73928962   99.78277192   1.01493479   -0.08455005   
7.73000000   314.91000000   68.71000000   -112.40000000   25.72720238   99.77390078   1.20650058   -0.13049316   
7.73000000   314.91000000   68.71000000   -112.40000000   25.72969499   99.76462794   1.52490545   -0.14458208   
7.73000000   314.91000000   68.71000000   -112.40000000   25.73392693   99.75264734   1.52524557   -0.20439802   
7.73000000   314.91000000   68.71000000   -112.40000000   25.73735750   99.74303219   1.64175266   -0.05874981   
7.73000000   314.91000000   68.71000000   -112.40000000   25.72767147   99.76586977   1.14948315   -0.00548611   
7.73000000   314.91000000   68.71000000   -112.40000000   25.72334283   99.75616753   1.17133366   -0.01896633   
7.73000000   314.91000000   68.71000000   -112.40000000   25.70328956   99.76127482   1.09912919   -0.11630164   
7.73000000   314.91000000   68.71000000   -112.40000000   25.71505555   99.77517772   1.00560948   -0.04500550   
7.73000000   314.91000000   68.71000000   -112.40000000   25.71315661   99.73753135   1.71968809   0.06087338   
7.73000000   314.91000000   68.71000000   -112.40000000   25.70514621   99.76150114   1.65283600   0.15160957   
7.73000000   314.91000000   68.71000000   -112.40000000   25.72303313   99.77862411   1.13504365   0.19113533   
7.73000000   314.91000000   68.71000000   -112.40000000   25.71775271   99.75992981   1.30498447   0.19523645   
7.73000000   314.91000000   68.71000000   -112.40000000   25.72799812   99.76174805   1.01866200   0.01388740   
7.73000000   314.91000000   68.71000000   -112.40000000   25.70197072   99.77558599   1.02275212   -0.13404220   
7.73000000   314.91000000   68.71000000   -112.40000000   25.70627561   99.76602626   1.25372916   -0.00505975   
7.73000000   314.91000000   68.71000000   -112.40000000   25.71927315   99.74207108   1.40805441   -0.17133458   
7.73000000   314.91000000   68.71000000   -112.40000000   25.73541342   99.73593071   1.36959580   -0.22205680   
7.73000000   314.91000000   68.71000000   -112.40000000   25.72207046   99.75067355   1.43219920   -0.18491441   
7.73000000   314.91000000   68.71000000   -112.40000000   25.72274064   99.76882978   1.20706265   -0.05918020   
7.73000000   314.91000000   68.71000000   -112.40000000   25.70960400   99.77337102   1.02012891   -0.12538398   
7.73000000   314.91000000   68.71000000   -112.40000000   25.71996361   99.76902107   1.29424472   -0.13382561   
7.73000000   314.91000000   68.71000000   -112.40000000   25.72882799   99.74319226   1.19742047   -0.13159765   
7.73000000   314.91000000   68.71000000   -112.40000000   25.72266408   99.74963778   1.12022837   -0.20036662   
7.73000000   314.91000000   68.71000000   -112.40000000   25.72903066   99.75210364   1.12900018   -0.28066573   
7.73000000   314.91000000   68.71000000   -112.40000000   25.72185675   99.74709009   1.23974614   -0.16428660   
7.73000000   314.91000000   68.71000000   -112.40000000   25.73274414   99.73236845   1.33834852   -0.16515759   
7.73000000   314.91000000   68.71000000   -112.40000000   25.74475182   99.75949729   1.04921199   -0.19082358   
7.73000000   314.91000000   68.71000000   -112.40000000   25.74253254   99.75461339   1.41820350   -0.25366144   
7.73000000   314.91000000   68.71000000   -112.40000000   25.73072140   99.75704015   1.66462338   -0.19881728   
7.73000000   314.91000000   68.71000000   -112.40000000   25.71834880   99.75031279   1.15749784   -0.25567764   
7.73000000   314.91000000   68.71000000   -112.40000000   25.70801010   99.76541156   1.11815295   -0.21277048   
7.73000000   314.91000000   68.71000000   -112.40000000   25.71257416   99.74885207   1.54413533   -0.45288782   
7.73000000   314.91000000   68.71000000   -112.40000000   25.71622069   99.75325876   1.04630402   -0.40474682   
7.73000000   314.91000000   68.71000000   -112.40000000   25.74578053   99.77154128   1.17464666   -0.37600417   
7.73000000   314.91000000   68.71000000   -112.40000000   25.75377296   99.76316006   1.00235421   -0.44485591   
7.73000000   314.91000000   68.71000000   -112.40000000   25.74919674   99.75599249   1.51896951   -0.32542163   
7.73000000   314.91000000   68.71000000   -112.40000000   25.73019555   99.76580643   1.12284948   -0.42035459   
7.73000000   314.91000000   68.71000000   -112.40000000   25.75202847   99.74309331   1.07145142   -0.34589951   
7.73000000   314.91000000   68.71000000   -112.40000000   25.72607357   99.74878838   1.23327013   -0.16263602   
7.73000000   314.91000000   68.71000000   -112.40000000   25.74838409   99.75995630   1.10137508   -0.02715704   
7.73000000   314.91000000   68.71000000   -112.40000000   25.72909916   99.75104273   1.31470549   0.02814339   
7.73000000   314.91000000   68.71000000   -112.40000000   25.72227255   99.74435650   1.37238341   0.08404671   
7.73000000   314.91000000   68.71000000   -112.40000000   25.69208233   99.74643595   1.20642551   -0.12630122   
7.73000000   314.91000000   68.71000000   -112.40000000   25.69016652   99.74414875   1.07981448   -0.12363336   
7.73000000   314.91000000   68.71000000   -112.40000000   25.69931823   99.74842626   1.04647396   -0.24097253   
7.73000000   314.91000000   68.71000000   -112.40000000   25.70322074   99.73779089   1.59021143   -0.22797109   
7.73000000   314.91000000   68.71000000   -112.40000000   25.72837312   99.76487065   1.10844423   -0.07535941   
7.73000000   314.91000000   68.71000000   -112.40000000   25.71694864   99.75821611   1.00720436   -0.16543774   
7.73000000   314.91000000   68.71000000   -112.40000000   25.71564504   99.74275628   1.23597021   -0.23269441   
7.73000000   314.91000000   68.71000000   -112.40000000   25.72138732   99.72417447   1.64202388   -0.29001803   
7.73000000   314.91000000   68.71000000   -112.40000000   25.73232166   99.74914018   1.47412046   -0.27440493   
7.73000000   314.91000000   68.71000000   -112.40000000   25.72776424   99.75274235   2.14515310   -0.24384650   
7.73000000   314.91000000   68.71000000   -112.40000000   25.70765039   99.75129244   2.15881462   -0.15708264   
7.73000000   314.91000000   68.71000000   -112.40000000   25.71277100   99.73419297   1.24619759   -0.19495583   
7.73000000   314.91000000   68.71000000   -112.40000000   25.72305117   99.73669981   1.02471250   -0.25217983   
7.73000000   314.91000000   68.71000000   -112.40000000   25.71648780   99.73955905   1.28131220   -0.17381966   
7.73000000   314.91000000   68.71000000   -112.40000000   25.71288995   99.75832092   1.74246456   -0.11127227   
7.73000000   314.91000000   68.71000000   -112.40000000   25.72220613   99.75647495   1.37032900   -0.15537502   
7.73000000   314.91000000   68.71000000   -112.40000000   25.72081438   99.76336568   1.44296958   -0.15161157   
7.73000000   314.91000000   68.71000000   -112.40000000   25.70970584   99.75106718   1.48480227   -0.31298823   
7.73000000   314.91000000   68.71000000   -112.40000000   25.72152401   99.75290823   1.86275957   -0.20294979   
7.73000000   314.91000000   68.71000000   -112.40000000   25.74567382   99.77328937   1.37784639   -0.21654305   
7.73000000   314.91000000   68.71000000   -112.40000000   25.77226648   99.75225870   1.24165559   -0.18099704   
7.73000000   314.91000000   68.71000000   -112.40000000   25.74247414   99.75917840   1.58892682   -0.29521603   
7.73000000   314.91000000   68.71000000   -112.40000000   25.72458105   99.74354400   1.20183618   -0.19504676   
7.73000000   314.91000000   68.71000000   -112.40000000   25.73016272   99.73654549   1.12549929   -0.37085870   
7.73000000   314.91000000   68.71000000   -112.40000000   25.70708444   99.74678842   1.18813205   -0.29784636   
7.73000000   314.91000000   68.71000000   -112.40000000   25.74219690   99.76215668   1.21383330   -0.22712722   
7.73000000   314.91000000   68.71000000   -112.40000000   25.72708989   99.73740828   1.76441049   -0.27557725   
7.73000000   314.91000000   68.71000000   -112.40000000   25.74794092   99.72445565   1.48651035   -0.19980490   
7.73000000   314.91000000   68.71000000   -112.40000000   25.74423093   99.76911731   1.68148656   -0.12655261   
7.73000000   314.91000000   68.71000000   -112.40000000   25.70516192   99.76284932   1.69873798   -0.20596026   
7.73000000   314.91000000   68.71000000   -112.40000000   25.72868914   99.76467637   1.99939427   -0.29936040   
7.73000000   314.91000000   68.71000000   -112.40000000   25.72379883   99.75651786   2.24234156   -0.19937023   
7.73000000   314.91000000   68.71000000   -112.40000000   25.74274452   99.74560461   1.78656199   -0.27791688   
7.73000000   314.91000000   68.71000000   -112.40000000   25.72843453   99.74923739   2.29043686   -0.32301695   
7.73000000   314.91000000   68.71000000   -112.40000000   25.72666981   99.73143100   2.67693731   -0.15309541   
7.73000000   314.91000000   68.71000000   -112.40000000   25.72378890   99.73363686   2.94962389   -0.07714414   
7.73000000   314.91000000   68.71000000   -112.40000000   25.71832965   99.73452596   3.40915484   -0.06336072   
7.73000000   314.91000000   68.71000000   -112.40000000   25.73504796   99.74383209   2.62808661   -0.07878727   
7.73000000   314.91000000   68.71000000   -112.40000000   25.72470348   99.74640288   2.60999297   -0.11559562   
7.73000000   314.91000000   68.71000000   -112.40000000   25.70620105   99.75571221   2.08693878   -0.09559288   
7.73000000   314.91000000   68.71000000   -112.40000000   25.71137172   99.76409246   1.74046980   -0.02034081   
7.73000000   314.91000000   68.71000000   -112.40000000   25.70449595   99.75529023   1.57985213   -0.25433862   
7.73000000   314.91000000   68.71000000   -112.40000000   25.72494825   99.73807708   1.12722750   -0.31231139   
7.73000000   314.91000000   68.71000000   -112.40000000   25.73684886   99.72536773   1.10649843   -0.26973137   
7.73000000   314.91000000   68.71000000   -112.40000000   25.70721135   99.74683755   1.30189025   -0.20127851   
7.73000000   314.91000000   68.71000000   -112.40000000   25.69816440   99.74719708   1.21473517   -0.12432127   
7.73000000   314.91000000   68.71000000   -112.40000000   25.71320310   99.75551976   1.02458651   0.00735114   
7.73000000   314.91000000   68.71000000   -112.40000000   25.68276041   99.77306016   1.39092060   0.10532335   
7.73000000   314.91000000   68.71000000   -112.40000000   25.69426876   99.75142615   1.36691906   0.03725225   
7.73000000   314.91000000   68.71000000   -112.40000000   25.71758158   99.76266644   1.13908588   0.06879979   
7.73000000   314.91000000   68.71000000   -112.40000000   25.73092538   99.75563634   1.42379429   0.07125089   
7.73000000   314.91000000   68.71000000   -112.40000000   25.72361809   99.76565596   1.19418703   -0.02244460   
7.73000000   314.91000000   68.71000000   -112.40000000   25.72476916   99.75161326   1.02124453   -0.10513319   
7.73000000   314.91000000   68.71000000   -112.40000000   25.73569569   99.76832267   1.35525717   -0.01019184   
7.73000000   314.91000000   68.71000000   -112.40000000   25.72871325   99.74520768   1.60756292   -0.18374317   
7.73000000   314.91000000   68.71000000   -112.40000000   25.73447427   99.75293710   1.23442741   -0.29032035   
7.73000000   314.91000000   68.71000000   -112.40000000   25.73913984   99.74110576   1.04388053   -0.31126805   
7.73000000   314.91000000   68.71000000   -112.40000000   25.71190080   99.74387751   1.45629267   -0.31207719   
7.73000000   314.91000000   68.71000000   -112.40000000   25.69433897   99.75637929   1.16815835   -0.22968710   
7.73000000   314.91000000   68.71000000   -112.40000000   25.71452308   99.75233204   1.35511878   -0.31335651   
7.73000000   314.91000000   68.71000000   -112.40000000   25.73435943   99.74137803   1.96582811   -0.38907207   
7.73000000   314.91000000   68.71000000   -112.40000000   25.73428747   99.74103618   2.14014167   -0.45730132   
7.73000000   314.91000000   68.71000000   -112.40000000   25.72931068   99.73558317   1.28394051   -0.32804968   
7.73000000   314.91000000   68.71000000   -112.40000000   25.73818856   99.75596675   1.01860405   -0.39300731   
7.73000000   314.91000000   68.71000000   -112.40000000   25.75067389   99.74593541   1.70313591   -0.34878315   
7.73000000   314.91000000   68.71000000   -112.40000000   25.73409231   99.75351308   1.85523918   -0.28125114   
7.73000000   314.91000000   68.71000000   -112.40000000   25.74231243   99.76295798   1.43625587   -0.15092012   
7.73000000   314.91000000   68.71000000   -112.40000000   25.71471967   99.76368379   1.13902687   -0.00166429   
7.73000000   314.91000000   68.71000000   -112.40000000   25.70693768   99.74803080   1.55013890   -0.15351984   
7.73000000   314.91000000   68.71000000   -112.40000000   25.71047102   99.74476044   1.14906823   -0.21835859   
7.73000000   314.91000000   68.71000000   -112.40000000   25.72264475   99.72599146   1.18732281   -0.11820533   
7.73000000   314.91000000   68.71000000   -112.40000000   25.72938876   99.72458852   1.60368668   -0.08896434   
7.73000000   314.91000000   68.71000000   -112.40000000   25.72817398   99.72227535   1.98625556   -0.28899989   
7.73000000   314.91000000   68.71000000   -112.40000000   25.73237867   99.72831956   1.43124196   -0.25653943   
7.73000000   314.91000000   68.71000000   -112.40000000   25.74095944   99.74423661   1.62332211   -0.31912128   
7.73000000   314.91000000   68.71000000   -112.40000000   25.72197256   99.74212211   1.31797824   -0.29015588   
7.73000000   314.91000000   68.71000000   -112.40000000   25.72852829   99.76583580   1.18633281   -0.52813737   
7.73000000   314.91000000   68.71000000   -112.40000000   25.73251538   99.74718087   1.36033131   -0.38455650   
7.73000000   314.91000000   68.71000000   -112.40000000   25.71130042   99.74442140   1.00368322   -0.19626171   
7.73000000   314.91000000   68.71000000   -112.40000000   25.73301875   99.74818749   1.04815982   -0.11967703   
7.73000000   314.91000000   68.71000000   -112.40000000   25.72461183   99.73201943   1.20575138   -0.18922791   
7.73000000   314.91000000   68.71000000   -112.40000000   25.73356507   99.73454150   1.50374949   -0.23081425   
7.73000000   314.91000000   68.71000000   -112.40000000   25.74322439   99.73315929   1.01409443   -0.25590593   
7.73000000   314.91000000   68.71000000   -112.40000000   25.72346622   99.75334605   1.14612156   -0.33672279   
7.73000000   314.91000000   68.71000000   -112.40000000   25.72359881   99.77037186   1.06640801   -0.34561201   
7.73000000   314.91000000   68.71000000   -112.40000000   25.71562706   99.77209503   1.04851396   -0.34077981   
7.73000000   314.91000000   68.71000000   -112.40000000   25.73184855   99.75313756   1.51925010   -0.43013613   
7.73000000   314.91000000   68.71000000   -112.40000000   25.74807331   99.74549300   1.88021290   -0.42586204   
7.73000000   314.91000000   68.71000000   -112.40000000   25.73235565   99.74344074   2.47042861   -0.49004623   
7.73000000   314.91000000   68.71000000   -112.40000000   25.71849413   99.73003025   2.92145741   -0.40821160   
7.73000000   314.91000000   68.71000000   -112.40000000   25.73747218   99.72853481   2.61019315   -0.26155178   
7.73000000   314.91000000   68.71000000   -112.40000000   25.71998713   99.76702707   2.26810588   -0.14607791   
7.73000000   314.91000000   68.71000000   -112.40000000   25.74265197   99.73744873   2.17203330   -0.10022428   
7.73000000   314.91000000   68.71000000   -112.40000000   25.70413141   99.72239277   1.68332227   -0.21110837   
7.73000000   314.91000000   68.71000000   -112.40000000   25.69980113   99.73464660   1.57395030   -0.22284773   
7.73000000   314.91000000   68.71000000   -112.40000000   25.70750518   99.74415950   1.56577361   -0.23456364   
7.73000000   314.91000000   68.71000000   -112.40000000   25.71558594   99.74775027   1.17266950   -0.18034403   
7.73000000   314.91000000   68.71000000   -112.40000000   25.72771213   99.75277341   1.07583692   -0.22981052   
7.73000000   314.91000000   68.71000000   -112.40000000   25.73362732   99.76421866   1.08349935   -0.19992671   
7.73000000   314.91000000   68.71000000   -112.40000000   25.72065604   99.75039380   1.32647305   -0.27346677   
7.73000000   314.91000000   68.71000000   -112.40000000   25.71599847   99.75059190   1.16272598   -0.14782358   
7.73000000   314.91000000   68.71000000   -112.40000000   25.71091081   99.74679009   1.75318142   -0.07630386   
7.73000000   314.91000000   68.71000000   -112.40000000   25.73076602   99.74993596   1.27770497   -0.04316413   
7.73000000   314.91000000   68.71000000   -112.40000000   25.73791911   99.75611741   1.41504147   -0.05902532   
7.73000000   314.91000000   68.71000000   -112.40000000   25.73375563   99.75382789   1.53525714   -0.09739628   
7.73000000   314.91000000   68.71000000   -112.40000000   25.75023835   99.75708104   1.48552147   -0.01667705   
7.73000000   314.91000000   68.71000000   -112.40000000   25.71980603   99.76003152   1.48842787   -0.08755164   
7.73000000   314.91000000   68.71000000   -112.40000000   25.72524109   99.74891717   1.33954722   -0.24119661   
7.73000000   314.91000000   68.71000000   -112.40000000   25.72490750   99.74672647   1.91277325   -0.13285130   
7.73000000   314.91000000   68.71000000   -112.40000000   25.73294176   99.74042812   1.11935773   0.00467888   
7.73000000   314.91000000   68.71000000   -112.40000000   25.72529630   99.73457166   1.40858830   -0.05193223   
7.73000000   314.91000000   68.71000000   -112.40000000   25.71234072   99.73514838   2.01789618   -0.23552171   
7.73000000   314.91000000   68.71000000   -112.40000000   25.72490571   99.72607694   1.82260632   -0.17791820   
7.73000000   314.91000000   68.71000000   -112.40000000   25.71333288   99.73761671   1.85985522   -0.14928881   
7.73000000   314.91000000   68.71000000   -112.40000000   25.70525703   99.72192740   1.24017752   -0.21329731   
7.73000000   314.91000000   68.71000000   -112.40000000   25.74146010   99.70905076   1.50099394   -0.28039887   
7.73000000   314.91000000   68.71000000   -112.40000000   25.73473538   99.72183097   1.68325642   -0.42280988   
7.73000000   314.91000000   68.71000000   -112.40000000   25.73537962   99.74126041   2.02599440   -0.39058264   
7.73000000   314.91000000   68.71000000   -112.40000000   25.73034347   99.74403951   2.04807815   -0.40636369   
7.73000000   314.91000000   68.71000000   -112.40000000   25.71345850   99.75187342   1.68015398   -0.55653579   
7.73000000   314.91000000   68.71000000   -112.40000000   25.71211456   99.75250691   1.53918747   -0.46725183   
7.73000000   314.91000000   68.71000000   -112.40000000   25.70573153   99.74615077   2.18268081   -0.29959802   
7.73000000   314.91000000   68.71000000   -112.40000000   25.73240640   99.75871528   1.63602013   -0.41468719   
7.73000000   314.91000000   68.71000000   -112.40000000   25.72345019   99.74999991   1.65473099   -0.40196417   
7.73000000   314.91000000   68.71000000   -112.40000000   25.73016801   99.73313668   1.57708813   -0.49477948   
7.73000000   314.91000000   68.71000000   -112.40000000   25.71114531   99.73392165   1.33607448   -0.41943075   
7.73000000   314.91000000   68.71000000   -112.40000000   25.72877372   99.75293572   1.65335253   -0.44229259   
7.73000000   314.91000000   68.71000000   -112.40000000   25.73302036   99.73497075   1.60028964   -0.41031237   
7.73000000   314.91000000   68.71000000   -112.40000000   25.73165635   99.75022171   1.23874133   -0.34574314   
7.73000000   314.91000000   68.71000000   -112.40000000   25.73345933   99.74639495   1.00813186   -0.34255747   
7.73000000   314.91000000   68.71000000   -112.40000000   25.73044179   99.74036000   1.01303902   -0.49177452   
7.73000000   314.91000000   68.71000000   -112.40000000   25.73641128   99.73801553   1.17579273   -0.58484295   
7.73000000   314.91000000   68.71000000   -112.40000000   25.73247370   99.72370238   1.32587403   -0.52815504   
7.73000000   314.91000000   68.71000000   -112.40000000   25.73986582   99.71939649   1.21191956   -0.52864015   
7.73000000   314.91000000   68.71000000   -112.40000000   25.74585923   99.73155678   1.63286848   -0.48393734   
7.73000000   314.91000000   68.71000000   -112.40000000   25.73887515   99.72174459   2.54889253   -0.37970547   
7.73000000   314.91000000   68.71000000   -112.40000000   25.73783026   99.73044331   2.52171476   -0.46744430   
7.73000000   314.91000000   68.71000000   -112.40000000   25.74613665   99.71728552   2.15377694   -0.52034892   
7.73000000   314.91000000   68.71000000   -112.40000000   25.71960499   99.72891404   2.16533322   -0.65342563   
7.73000000   314.91000000   68.71000000   -112.40000000   25.72077543   99.71440828   2.18843912   -0.71023314   
7.73000000   314.91000000   68.71000000   -112.40000000   25.70085507   99.74593867   1.57046492   -0.79094991   
7.73000000   314.91000000   68.71000000   -112.40000000   25.71638975   99.76464411   1.22972916   -0.87181601   
7.73000000   314.91000000   68.71000000   -112.40000000   25.70021541   99.73062681   1.77289232   -0.75886387   
7.73000000   314.91000000   68.71000000   -112.40000000   25.69056686   99.74710503   1.59801908   -0.61658643   
7.73000000   314.91000000   68.71000000   -112.40000000   25.69344204   99.72429150   1.82487980   -0.70083139   
7.73000000   314.91000000   68.71000000   -112.40000000   25.69833529   99.72915734   1.51830950   -0.67156551   
7.73000000   314.91000000   68.71000000   -112.40000000   25.72676684   99.73157377   1.69023296   -0.82687256   
7.73000000   314.91000000   68.71000000   -112.40000000   25.73898646   99.74043779   1.23691919   -0.74953682   
7.73000000   314.91000000   68.71000000   -112.40000000   25.70809436   99.72081146   1.18240263   -0.73589665   
7.73000000   314.91000000   68.71000000   -112.40000000   25.69614028   99.72895856   1.08269284   -0.53718185   
7.73000000   314.91000000   68.71000000   -112.40000000   25.71283242   99.73731801   1.07201858   -0.40873735   
7.73000000   314.91000000   68.71000000   -112.40000000   25.72549276   99.74169074   1.15353337   -0.40037799   
7.73000000   314.91000000   68.71000000   -112.40000000   25.73479984   99.74628248   1.52961162   -0.31600218   
7.73000000   314.91000000   68.71000000   -112.40000000   25.74899593   99.73478320   1.65936799   -0.30749717   
7.73000000   314.91000000   68.71000000   -112.40000000   25.74060359   99.73570755   1.52167021   -0.24367616   
7.73000000   314.91000000   68.71000000   -112.40000000   25.72797304   99.73034564   1.26055842   -0.36415901   
7.73000000   314.91000000   68.71000000   -112.40000000   25.70972317   99.73775661   1.90882843   -0.44543495   
7.73000000   314.91000000   68.71000000   -112.40000000   25.75128652   99.71109498   1.98392632   -0.41253683   
7.73000000   314.91000000   68.71000000   -112.40000000   25.72915850   99.70642493   1.97336169   -0.31267305   
7.73000000   314.91000000   68.71000000   -112.40000000   25.74375678   99.70354909   1.76496964   -0.40779940   
7.73000000   314.91000000   68.71000000   -112.40000000   25.73953548   99.72613986   1.46474841   -0.34490004   
7.73000000   314.91000000   68.71000000   -112.40000000   25.75547774   99.71240954   1.73770302   -0.38788967   
7.73000000   314.91000000   68.71000000   -112.40000000   25.73466312   99.74311431   1.99126050   -0.27238943   
7.73000000   314.91000000   68.71000000   -112.40000000   25.73070719   99.76322144   1.81110167   -0.42766279   
7.73000000   314.91000000   68.71000000   -112.40000000   25.72445377   99.72106765   1.17848561   -0.39443568   
7.73000000   314.91000000   68.71000000   -112.40000000   25.71567934   99.72836260   1.01942124   -0.28704355   
7.73000000   314.91000000   68.71000000   -112.40000000   25.71154252   99.73405772   1.17773821   -0.26655672   
7.73000000   314.91000000   68.71000000   -112.40000000   25.72801239   99.74190091   1.51028719   -0.32272026   
7.73000000   314.91000000   68.71000000   -112.40000000   25.71367906   99.75868689   1.61487631   -0.25597565   
7.73000000   314.91000000   68.71000000   -112.40000000   25.71775093   99.74329237   1.39273094   -0.41395603   
7.73000000   314.91000000   68.71000000   -112.40000000   25.72101940   99.72519220   1.33862753   -0.43334710   
7.73000000   314.91000000   68.71000000   -112.40000000   25.70682494   99.74699190   1.12950459   -0.30650390   
7.73000000   314.91000000   68.71000000   -112.40000000   25.70890613   99.76540106   1.40027426   -0.39427146   
7.73000000   314.91000000   68.71000000   -112.40000000   25.73405040   99.76080481   1.84141744   -0.44068961   
7.73000000   314.91000000   68.71000000   -112.40000000   25.75925130   99.73693769   2.01896799   -0.46601420   
7.73000000   314.91000000   68.71000000   -112.40000000   25.71949076   99.76574227   1.46505262   -0.40757881   
7.73000000   314.91000000   68.71000000   -112.40000000   25.69455870   99.75659009   1.04770929   -0.37052975   
7.73000000   314.91000000   68.71000000   -112.40000000   25.72035356   99.74871394   1.16235823   -0.23159124   
7.73000000   314.91000000   68.71000000   -112.40000000   25.73870914   99.76242502   1.14226213   -0.26086733   
7.73000000   314.91000000   68.71000000   -112.40000000   25.71239575   99.76451198   1.08478561   -0.29107028   
7.73000000   314.91000000   68.71000000   -112.40000000   25.71718790   99.75074295   1.01868059   -0.43417931   
7.73000000   314.91000000   68.71000000   -112.40000000   25.73793793   99.74445397   1.21581811   -0.32856931   
7.73000000   314.91000000   68.71000000   -112.40000000   25.73378678   99.76459119   1.14000324   -0.34480527   
7.73000000   314.91000000   68.71000000   -112.40000000   25.74765404   99.74830549   1.08553834   -0.34515050   
7.73000000   314.91000000   68.71000000   -112.40000000   25.72001982   99.74603868   1.04618557   -0.46666722   
7.73000000   314.91000000   68.71000000   -112.40000000   25.74104956   99.74268723   1.54831710   -0.48280979   
7.73000000   314.91000000   68.71000000   -112.40000000   25.73411800   99.75408102   1.66210247   -0.50183082   
7.73000000   314.91000000   68.71000000   -112.40000000   25.73069665   99.74006197   1.82401233   -0.55408173   
7.73000000   314.91000000   68.71000000   -112.40000000   25.75932104   99.72437385   1.10093496   -0.65357405   
7.73000000   314.91000000   68.71000000   -112.40000000   25.73338622   99.72514658   1.25671276   -0.69056692   
7.73000000   314.91000000   68.71000000   -112.40000000   25.73760369   99.73217038   1.33548540   -0.67745394   
7.73000000   314.91000000   68.71000000   -112.40000000   25.73870191   99.73617744   1.22821122   -0.55940397   
7.73000000   314.91000000   68.71000000   -112.40000000   25.73349538   99.74576977   1.12407035   -0.55809203   
7.73000000   314.91000000   68.71000000   -112.40000000   25.71565931   99.74034345   1.39290970   -0.52813462   
7.73000000   314.91000000   68.71000000   -112.40000000   25.70965566   99.75409740   1.17090871   -0.54983689   
7.73000000   314.91000000   68.71000000   -112.40000000   25.72349744   99.73933889   1.33046129   -0.46350200   
7.73000000   314.91000000   68.71000000   -112.40000000   25.71907729   99.72446076   1.32370443   -0.45589572   
7.73000000   314.91000000   68.71000000   -112.40000000   25.69352894   99.73527977   1.45591502   -0.49583442   
7.73000000   314.91000000   68.71000000   -112.40000000   25.70021103   99.73625076   2.18468900   -0.61529694   
7.73000000   314.91000000   68.71000000   -112.40000000   25.72255915   99.73228347   1.66977685   -0.78634965   
7.73000000   314.91000000   68.71000000   -112.40000000   25.75346916   99.73280660   1.94953161   -0.69354087   
7.73000000   314.91000000   68.71000000   -112.40000000   25.76926413   99.71963458   1.24409246   -0.66057383   
7.73000000   314.91000000   68.71000000   -112.40000000   25.75386713   99.71452882   2.11612015   -0.61454043   
7.73000000   314.91000000   68.71000000   -112.40000000   25.75627344   99.70053519   1.45302679   -0.82491359   
7.73000000   314.91000000   68.71000000   -112.40000000   25.74620038   99.70458445   1.48160341   -0.74222733   
7.73000000   314.91000000   68.71000000   -112.40000000   25.75739660   99.72202811   1.68622759   -0.77369842   
7.73000000   314.91000000   68.71000000   -112.40000000   25.73176239   99.73238810   1.34018958   -0.66603428   
7.73000000   314.91000000   68.71000000   -112.40000000   25.73323627   99.74732084   1.49589943   -0.66970764   
