569.19281872   
568.21022416   
559.09222701   
561.96467746   
561.69553739   
558.42298133   
555.90299471   
555.41318332   
555.74035704   
553.09395413   
550.25139671   
548.00492117   
545.24843776   
542.15303889   
536.38909122   
533.72655777   
534.92628789   
535.34489987   
535.01516403   
533.95393923   
533.85575012   
533.65317987   
528.00493492   
523.74687230   
520.62481484   
519.58667516   
521.02588956   
521.91766666   
523.93376296   
520.31954723   
519.26455830   
518.33728833   
519.75948256   
516.36637029   
516.89533812   
517.00464387   
522.48228436   
518.02774599   
521.28834086   
521.34802653   
524.10000506   
525.60301673   
526.19987642   
526.39716102   
527.59122081   
522.57687677   
519.18874859   
521.61209467   
524.02623703   
523.33775494   
524.49499114   
524.92408862   
524.49686033   
528.54639557   
525.02666541   
523.84241466   
521.53906338   
522.90602399   
525.80197891   
526.24690419   
524.68554730   
522.57287653   
526.34407330   
526.48542768   
528.76041260   
526.73849024   
528.38161231   
528.38329371   
524.84652574   
524.21169742   
526.21689634   
523.51655091   
521.94278936   
528.72560278   
527.29126893   
527.92448370   
533.75473274   
533.15181936   
531.91046131   
527.95758925   
529.02744687   
526.89619256   
526.06972595   
525.73868170   
522.78004700   
522.16963998   
522.06985999   
522.99301534   
522.30632395   
520.75565844   
519.21905204   
519.24706451   
517.00125732   
521.08903126   
516.96540766   
519.25710806   
520.21292053   
519.65477389   
518.58561056   
521.38240636   
518.64369562   
519.08571520   
520.30841351   
519.75282407   
520.48609387   
526.55924910   
526.92597719   
527.29285106   
523.34082910   
522.25094730   
525.03203211   
520.85325622   
521.84188890   
521.46981640   
525.28383611   
525.13433292   
527.51159940   
525.44618678   
527.71043058   
529.70480248   
524.92928896   
521.40945346   
521.40402473   
526.77832679   
527.33260238   
529.87568432   
523.54035587   
520.27039475   
524.46090338   
528.60152575   
531.40981129   
526.67672506   
521.28836811   
525.12468771   
521.31945256   
522.84657206   
520.68594027   
521.13290514   
525.37828712   
524.20751840   
522.51575389   
526.37069081   
520.16492240   
525.18632983   
520.63359268   
521.64362620   
520.59557351   
522.87738876   
520.24942808   
520.44234802   
520.34364398   
520.50484844   
523.90892373   
523.94653460   
524.88121785   
525.50374897   
520.45213663   
522.14040019   
524.06346375   
520.84208670   
520.29133561   
520.24437956   
520.33325587   
520.60921735   
522.61150262   
518.90251750   
518.11040387   
517.41858280   
517.95764356   
521.99302021   
519.90679139   
521.06026604   
521.12698273   
517.14205909   
520.09876077   
520.92439798   
516.66414774   
521.63395473   
522.36806895   
521.45817818   
519.08481378   
519.01979831   
517.94682437   
522.95165387   
523.10267208   
524.37733200   
523.42109227   
523.63667581   
520.27543914   
521.66705434   
519.97609409   
518.81090232   
517.98304131   
521.50903403   
519.72888320   
523.22879212   
523.29780196   
520.71311112   
517.76597724   
520.61506479   
521.06069515   
520.36420130   
522.15559851   
521.23681368   
522.64783123   
525.90805790   
529.40797582   
522.31968560   
518.02622002   
516.70581718   
518.72546861   
520.04463307   
521.55460430   
523.66910311   
524.82892797   
523.27958766   
525.01161362   
523.75066322   
522.96366522   
524.95681046   
525.00462406   
529.29132468   
531.19327055   
525.96895369   
525.11451792   
524.50119180   
522.36413884   
521.90647297   
517.63840790   
520.55461874   
521.81796343   
521.57385136   
520.76014352   
530.57513096   
525.86835702   
521.13438074   
522.33458988   
519.45720334   
519.43465103   
522.89768238   
519.59163934   
517.70147123   
517.90940177   
521.56035022   
521.10467419   
520.26271504   
521.59957309   
521.40933968   
519.05524500   
518.24671002   
520.71033121   
523.36399232   
523.07602000   
519.93017791   
521.81686696   
519.80680592   
522.37210943   
525.16591468   
524.62392903   
521.41970953   
519.80424879   
519.95100007   
519.45028162   
520.08494993   
519.91902925   
519.63306886   
519.99715934   
520.98287202   
520.16500234   
518.34064551   
519.29299763   
520.69978092   
520.25723116   
522.81473566   
525.61554309   
530.00331404   
525.81331863   
528.04101236   
525.51362933   
525.84972931   
523.72390627   
521.33060107   
517.73947370   
518.04943036   
519.18808630   
518.91543885   
518.67478056   
522.86116179   
521.78447128   
522.74763328   
521.92581761   
524.84376488   
521.08833724   
519.43393108   
522.70038495   
521.60772300   
523.61246822   
523.84599917   
524.49891139   
522.83656318   
523.63025699   
528.13988039   
520.27840412   
521.50290154   
522.33834844   
521.96897267   
520.85090606   
524.89722609   
521.29242766   
519.05036323   
518.61719301   
521.69547225   
520.06054661   
518.81827939   
516.85421929   
515.43073973   
516.13310888   
516.51209741   
519.11902343   
519.45256022   
520.29800539   
524.32591653   
524.95741111   
523.63005504   
523.88657726   
524.30340447   
528.06852507   
527.76579665   
530.04728690   
528.62223594   
531.77925122   
524.09917958   
520.51581441   
517.66126432   
521.82532752   
522.19773048   
516.89193475   
516.59149744   
519.56637849   
521.13907953   
521.13419110   
519.80984562   
523.78297309   
526.36498990   
528.06242965   
528.30471959   
521.60730521   
526.36065985   
522.80720506   
525.86395576   
518.34952095   
519.10761351   
520.20333253   
519.77488188   
520.21031655   
519.02933511   
519.16399249   
518.37601161   
524.27739383   
524.57431866   
525.27958630   
522.19764638   
521.90260313   
517.82148511   
519.51483870   
518.79655347   
517.04287180   
517.78341858   
519.48020602   
518.69536932   
515.51031232   
519.99891782   
521.00672608   
522.13356457   
521.04382671   
519.87467476   
519.26418882   
515.87635914   
515.75489035   
520.97299835   
520.07630197   
518.85410531   
519.59447682   
525.65303482   
528.32465159   
521.79199099   
523.31364144   
523.62842869   
525.18932512   
525.71031708   
524.09997295   
522.01244327   
520.57837787   
521.58004809   
