569.19281872   
586.80002710   
578.40489523   
568.21022416   
583.73609579   
559.09222701   
562.60894126   
566.79608546   
561.96467746   
561.69553739   
564.08466861   
566.88551695   
590.05431238   
558.42298133   
574.49070832   
562.79176726   
561.81857128   
559.85968698   
555.90299471   
560.81942650   
555.41318332   
555.74035704   
553.09395413   
558.76760693   
550.25139671   
557.33360068   
558.33508591   
548.00492117   
554.59186126   
545.24843776   
542.15303889   
536.38909122   
533.72655777   
536.80920315   
534.92628789   
540.18119042   
535.34489987   
535.01516403   
533.95393923   
533.85575012   
533.65317987   
528.00493492   
534.62515214   
529.88153015   
532.04880529   
532.32389232   
531.50792829   
543.28958485   
523.74687230   
532.97739246   
525.86642543   
528.94325970   
520.62481484   
531.95688765   
531.32374185   
529.22264572   
526.55489881   
519.58667516   
523.88156209   
521.02588956   
527.37508926   
524.42986454   
528.97916375   
526.05309106   
538.36923627   
529.39134357   
521.91766666   
522.66276372   
523.93376296   
531.11596849   
531.20820415   
529.77770542   
528.55838151   
533.21817888   
529.59923113   
520.31954723   
519.26455830   
546.62345307   
531.86449695   
522.71170666   
522.72077757   
518.33728833   
519.75948256   
516.36637029   
520.17404754   
520.43436640   
522.30019290   
522.43709417   
518.68737501   
516.89533812   
529.94765885   
522.71332135   
522.64163508   
517.00464387   
519.30371947   
529.37016539   
522.25980264   
525.42068901   
522.61216350   
529.54237220   
528.24433408   
522.48228436   
518.02774599   
523.95235325   
522.49236484   
521.28834086   
530.49653636   
526.14886992   
533.16876496   
539.29671626   
521.34802653   
523.12915969   
524.10000506   
525.60301673   
536.77975722   
536.64215719   
528.05476582   
529.65914769   
539.22238164   
529.38486096   
526.19987642   
537.99671877   
532.56478187   
528.21295506   
530.37230408   
532.07066240   
536.53333056   
531.91190696   
529.77161815   
530.27657800   
526.39716102   
527.59122081   
537.89106596   
522.57687677   
524.61771082   
544.96786209   
519.18874859   
523.87076446   
520.11683136   
529.41960886   
520.07566645   
521.23924837   
538.97209324   
521.61209467   
524.02623703   
523.33775494   
526.69652699   
533.87710547   
534.14642129   
526.85046316   
535.19997346   
524.49499114   
528.26917119   
524.92408862   
527.74986949   
529.75707329   
530.43860589   
526.27771864   
531.88038488   
527.71589713   
536.90158112   
527.13193407   
524.49686033   
549.03120716   
525.92379671   
528.62501568   
528.54639557   
550.71291602   
525.02666541   
535.86161455   
523.84241466   
530.70880221   
533.00076645   
538.74697511   
521.53906338   
528.91708408   
522.28907761   
532.63990487   
525.58763966   
524.84105135   
526.37949305   
525.32345099   
527.86880307   
529.26596134   
536.32040270   
526.38274407   
534.56784086   
522.91588398   
525.60002058   
530.33128607   
522.90602399   
525.80197891   
526.24690419   
535.00220885   
524.68554730   
522.57287653   
530.68362458   
525.95419380   
529.74892885   
527.81944130   
533.66761382   
526.34407330   
528.12872079   
530.24032518   
526.48542768   
531.77210932   
531.66453583   
552.56681735   
548.66719861   
528.76041260   
526.73849024   
528.38161231   
528.38329371   
541.76342285   
544.52578546   
536.73752122   
524.84652574   
532.43657443   
529.94790484   
533.95757658   
526.98560960   
541.55221833   
525.50098952   
536.06930387   
528.69170788   
524.21169742   
526.21689634   
523.51655091   
528.17879895   
521.94278936   
525.35248085   
528.72560278   
527.29126893   
533.34289160   
527.92448370   
544.39189289   
533.87456883   
535.22809760   
547.98495281   
535.61413925   
536.25996150   
546.17712832   
533.75473274   
533.15181936   
531.91046131   
541.44433431   
527.95758925   
529.02744687   
532.85888194   
535.22506608   
542.82377943   
543.77932103   
526.89619256   
535.59830004   
534.17684125   
530.95655387   
535.09708261   
526.06972595   
525.73868170   
522.78004700   
524.48988539   
527.06306540   
523.23885978   
535.30405555   
522.16963998   
522.06985999   
537.80425611   
522.99301534   
535.94132307   
526.23480609   
522.30632395   
525.15664365   
532.77114461   
531.68429455   
520.75565844   
519.21905204   
535.66133081   
523.56866519   
524.66651323   
519.24706451   
517.00125732   
522.85256492   
522.63188224   
519.32844657   
521.14826142   
527.50298879   
522.27962502   
522.41249394   
521.48575488   
527.47109618   
524.03453245   
521.08903126   
537.00984902   
525.27998424   
522.51594588   
516.96540766   
525.53767262   
519.25710806   
520.21292053   
524.15853816   
519.65477389   
526.79414019   
533.25472607   
524.84623471   
518.58561056   
521.38240636   
534.82327373   
518.64369562   
523.89521395   
523.63353630   
526.63822820   
523.60380214   
519.08571520   
520.30841351   
528.55311530   
519.75282407   
520.48609387   
524.89180433   
521.35058623   
530.60842857   
525.70919759   
525.75779348   
532.22679340   
538.51587292   
522.05362349   
526.55924910   
526.92597719   
528.36367084   
537.32322247   
535.61889677   
527.29285106   
534.24859161   
523.34082910   
537.67305335   
539.50760135   
522.25094730   
524.90724053   
525.03203211   
533.01614748   
529.48370577   
520.85325622   
528.78270660   
530.12606280   
541.07970779   
529.20362635   
525.92242984   
528.93358040   
540.47395904   
521.29021475   
522.32650420   
524.01444478   
543.01515336   
543.64132219   
545.76016512   
544.13163014   
521.84188890   
529.12939995   
526.97267752   
529.38497691   
532.48475317   
524.69856631   
521.46981640   
535.80525880   
522.73202905   
534.89012033   
547.03289162   
529.41378611   
529.74620386   
525.28383611   
528.15190939   
526.83637443   
537.21242120   
528.89484898   
530.55788290   
527.43738408   
525.65313276   
531.25992575   
525.13433292   
530.22820120   
537.94821377   
547.29778563   
530.70718530   
527.51159940   
532.26934136   
525.44618678   
527.71043058   
534.51994081   
529.70480248   
524.92928896   
527.73629996   
521.40945346   
521.40402473   
526.07694577   
535.80581964   
533.36222954   
528.05650620   
529.95984873   
526.77832679   
527.33260238   
539.87062337   
529.87568432   
535.96297976   
523.54035587   
530.61387103   
531.22948060   
529.19151156   
534.29931509   
537.54989580   
530.57736581   
531.44311357   
520.27039475   
524.81417953   
532.01787564   
529.33742727   
524.79574507   
522.35301849   
524.36544367   
532.45663578   
529.01109282   
528.63066337   
532.64186435   
524.13753820   
526.55711340   
528.07811424   
526.14888986   
532.72497083   
540.49923528   
524.46090338   
528.60152575   
536.20358371   
535.78333477   
531.40981129   
541.17878459   
526.67672506   
554.59642751   
545.42135769   
521.28836811   
528.91582975   
525.12468771   
521.31945256   
522.84657206   
520.68594027   
523.14387821   
525.16646740   
521.13290514   
522.99711592   
524.47274747   
526.46524233   
525.37828712   
534.50046156   
524.20751840   
525.65840564   
533.73276211   
522.51575389   
526.37069081   
520.16492240   
528.90874511   
524.05126754   
523.38344540   
525.18632983   
520.63359268   
524.77128766   
554.64185884   
524.50226332   
521.99672959   
521.64362620   
528.04747763   
526.80201455   
525.02013451   
520.59557351   
522.87738876   
520.24942808   
523.21151009   
520.44234802   
526.21579967   
520.34364398   
530.93916689   
520.50484844   
531.64596833   
526.89698298   
523.90892373   
523.94653460   
536.36663723   
524.88121785   
534.49635437   
525.50374897   
520.45213663   
523.23717918   
529.45469298   
531.56711064   
526.26066250   
527.10367022   
522.68582079   
537.97130649   
524.87868847   
526.63382186   
536.12547554   
531.51460797   
525.03538738   
525.07119526   
523.31344059   
524.10406672   
524.68104886   
530.35920132   
525.22635390   
522.14040019   
524.06346375   
530.56451675   
530.20253531   
520.84208670   
520.29133561   
520.24437956   
520.33325587   
523.17142874   
520.60921735   
523.76328965   
522.61150262   
559.79108645   
524.68245919   
531.24313632   
530.16226289   
531.90553481   
518.90251750   
535.12960990   
522.21727525   
531.83034908   
526.67795562   
518.11040387   
521.78454490   
524.91682876   
520.32834146   
517.41858280   
522.45411809   
522.49382396   
517.95764356   
522.67525518   
520.56479414   
522.77580897   
521.58249984   
522.48351326   
520.76562373   
526.13210895   
521.99302021   
519.90679139   
521.06026604   
526.55789768   
527.48638799   
529.13772892   
523.13823300   
535.00594888   
534.99478617   
527.84541969   
521.12698273   
517.14205909   
522.12698234   
520.09876077   
526.82214037   
533.12878206   
530.42168150   
526.77350677   
520.92439798   
522.78314659   
528.72714172   
529.12118597   
523.66267106   
521.09545721   
516.66414774   
536.49236727   
528.50784242   
523.58330348   
522.60374218   
519.36643361   
524.41980219   
521.63395473   
529.09489728   
534.72897700   
526.74800583   
552.31898062   
522.74667232   
525.96728268   
522.36806895   
532.90434390   
531.88578630   
538.67758038   
530.97224052   
523.23343943   
521.45817818   
519.08481378   
530.30526647   
519.01979831   
532.69629943   
517.94682437   
523.75630211   
522.95165387   
528.92595924   
523.10267208   
536.89676050   
524.37733200   
536.08701054   
523.42109227   
537.55250385   
536.56851341   
523.63667581   
535.19053604   
520.27543914   
521.66705434   
528.62013079   
527.35124201   
519.97609409   
518.81090232   
521.45592711   
517.98304131   
518.25032721   
522.69290658   
521.50903403   
527.05005198   
519.72888320   
523.22879212   
523.29780196   
529.35279500   
525.22037479   
536.65877984   
541.85275214   
534.66864081   
526.90563091   
531.60563804   
537.31686061   
533.67582834   
527.12929791   
539.59969772   
532.24336892   
537.05622971   
533.70513702   
520.71311112   
517.76597724   
521.56273689   
518.80437746   
524.72747329   
519.46101118   
534.02428862   
520.70667603   
520.61506479   
521.06069515   
527.28822701   
529.59187445   
530.04782561   
522.44041377   
527.91262702   
533.80393128   
530.30023868   
527.76550587   
526.26581576   
529.03978683   
520.36420130   
527.98552157   
522.15559851   
528.98559600   
533.07802884   
521.23681368   
527.95642025   
522.64783123   
529.27616223   
525.90805790   
529.40797582   
522.31968560   
518.02622002   
523.82387599   
520.12521068   
530.45028536   
523.44608699   
521.31487547   
536.43522601   
526.29615419   
533.32166371   
522.50321482   
520.47791171   
525.30034752   
522.79208281   
530.63557656   
519.47431019   
527.61028101   
516.70581718   
525.89717107   
521.66001250   
521.60591204   
518.72546861   
523.07904712   
523.05624581   
539.40107798   
531.27837516   
530.86133826   
524.94538795   
520.04463307   
527.78379144   
531.25648915   
528.21062044   
527.47055822   
521.55460430   
523.66910311   
529.03756977   
524.82892797   
537.20952775   
523.27958766   
525.01161362   
530.10942359   
523.75066322   
529.16578190   
545.76242816   
531.41122170   
522.96366522   
534.26948480   
524.95681046   
527.96219998   
525.00462406   
529.29132468   
532.15377600   
537.65170014   
531.19327055   
535.78044923   
533.81180056   
533.36403590   
525.96895369   
529.65585931   
525.11451792   
529.03941129   
540.71395586   
529.48105513   
529.72447932   
528.92547098   
525.96967156   
528.61514843   
524.50119180   
522.36413884   
527.12484849   
527.99664519   
528.60245849   
521.90647297   
517.63840790   
524.73636190   
534.55223667   
523.98796815   
521.95247912   
538.39089864   
520.91228599   
527.84947279   
521.72251683   
521.86031743   
521.27113525   
519.64124329   
521.47985045   
522.02782666   
527.53935910   
532.28351535   
525.14705874   
519.89015908   
522.72469733   
534.05091643   
527.92029810   
520.55461874   
526.17824308   
521.81796343   
521.57385136   
520.76014352   
530.57513096   
540.58235932   
539.04563216   
547.80405171   
533.35050482   
544.00553259   
537.95610838   
536.25126883   
542.48594225   
539.04024065   
525.86835702   
521.13438074   
524.29889420   
523.43998208   
523.97420494   
522.33458988   
538.64219391   
519.45720334   
530.56870350   
530.72448556   
524.29395064   
534.49204121   
531.17913727   
531.46716648   
523.78619329   
522.20038742   
523.97590036   
524.17271585   
521.86178340   
529.32665242   
525.43585807   
535.56379267   
519.43465103   
522.89768238   
532.23455800   
519.59163934   
517.70147123   
522.76094364   
518.52506525   
529.34772750   
520.87821138   
523.51752312   
520.88606111   
517.90940177   
532.26828458   
521.34934571   
521.92578843   
520.42001145   
521.56035022   
521.10467419   
520.26271504   
521.72651170   
524.64979663   
530.26582876   
521.57969519   
521.59957309   
521.40933968   
523.07268504   
519.05524500   
525.29890072   
518.24671002   
531.11306852   
524.42164635   
519.86256347   
519.65546376   
522.34046952   
520.71033121   
532.12791783   
523.36399232   
525.92727310   
529.64152772   
527.06450465   
526.80163229   
527.13421538   
525.29560818   
524.80032121   
523.69270462   
525.62780604   
523.07602000   
519.93017791   
537.83640934   
522.43471030   
522.44415674   
531.25727694   
527.36084743   
530.60158750   
532.80133403   
526.97625821   
521.81686696   
531.81368901   
529.24067533   
529.46619347   
537.95126982   
519.80680592   
529.79817540   
523.47770302   
521.61088343   
524.77168563   
528.18374592   
526.23942941   
537.89735085   
524.24514073   
528.46517961   
531.78272561   
527.60564650   
533.66391932   
521.58761162   
532.38370580   
534.85705226   
524.18605122   
538.54098652   
524.08388995   
522.37210943   
525.16591468   
524.62392903   
521.41970953   
529.18598086   
526.94023747   
524.99566783   
523.30566421   
525.47128877   
519.80424879   
529.02870324   
526.23492198   
520.77319252   
526.10361771   
519.95100007   
519.45028162   
520.08494993   
530.90559220   
520.82369350   
528.90071144   
519.91902925   
524.23436613   
528.46223997   
522.25531502   
519.63306886   
526.36441875   
519.99715934   
530.86587874   
524.83570756   
520.98287202   
528.32920648   
529.34370278   
520.16500234   
527.08674004   
518.34064551   
524.12234797   
525.41111414   
522.63985596   
523.88503481   
527.71273934   
524.07822273   
532.25695650   
536.30446524   
532.65632439   
524.99698040   
521.68672349   
523.16476032   
525.69170922   
522.88475230   
520.46948886   
523.57698479   
519.29299763   
536.06882165   
532.06071897   
525.07444953   
522.57205031   
528.67927276   
527.12274895   
537.40491078   
520.69978092   
522.61463295   
533.73035911   
520.25723116   
522.56752392   
534.71957810   
522.17172645   
532.95877958   
532.71301984   
522.81473566   
531.33672756   
525.61554309   
530.00331404   
531.59186208   
525.81331863   
539.37600446   
528.04101236   
541.85802783   
525.51362933   
532.10296638   
538.64106542   
525.84972931   
532.53956377   
523.72390627   
530.94168939   
533.28993702   
525.48696313   
534.04436880   
521.33060107   
533.92337249   
517.73947370   
518.04943036   
519.18808630   
526.63237376   
522.80627407   
522.00240114   
536.05782471   
523.70816594   
531.37412070   
518.91543885   
518.67478056   
523.01106596   
524.14148604   
523.08287052   
522.86116179   
535.58532831   
521.78447128   
526.62322515   
524.15510684   
524.89287091   
529.08529033   
533.43362360   
525.80566773   
529.44478639   
525.00895192   
522.74763328   
526.07128722   
526.73814185   
521.92581761   
525.05833210   
524.23283317   
524.84376488   
530.53902223   
521.08833724   
526.73005475   
531.20221517   
536.65394264   
522.73118366   
519.43393108   
531.13361128   
528.38698177   
519.98027819   
522.70038495   
521.60772300   
527.72751822   
525.34584929   
539.44706604   
529.30292708   
527.39012171   
525.25982025   
533.31526863   
522.98651841   
526.23666184   
523.61246822   
534.62822778   
524.17154964   
529.27414060   
541.38060917   
523.84599917   
524.49891139   
528.95418704   
534.04099598   
532.45849830   
522.83656318   
523.63025699   
533.31970369   
528.13988039   
520.27840412   
521.50290154   
525.86072500   
526.95512649   
522.33834844   
532.82266840   
525.55261454   
525.74659333   
525.38901178   
521.96897267   
526.62831906   
520.85090606   
524.89722609   
538.56844646   
527.83913879   
521.29242766   
526.21581146   
529.65318890   
533.70073183   
529.90569760   
535.40500857   
530.13988307   
525.58309997   
524.07787074   
563.75085742   
519.05036323   
537.78203396   
518.61719301   
524.56249401   
521.67826792   
526.07303856   
520.48422149   
522.17424144   
524.45459403   
526.59489389   
523.80403287   
521.69547225   
527.08847454   
529.04219713   
520.06054661   
525.82845374   
521.51478267   
540.09027682   
537.28266988   
518.81827939   
532.05100841   
525.05497732   
522.08043562   
520.75457703   
516.85421929   
524.72806045   
526.27407188   
521.00304025   
529.78824921   
526.04559164   
518.91074832   
515.43073973   
520.68891753   
517.55604385   
523.40618887   
525.06336411   
519.85514020   
516.13310888   
516.51209741   
530.07179660   
523.27958696   
526.38592339   
524.56224459   
519.11902343   
523.69620257   
525.10273812   
522.70131156   
524.01449320   
523.60219551   
526.85457324   
520.64002390   
519.45256022   
524.89024002   
529.96189248   
531.87515028   
525.74672758   
526.25222937   
520.29800539   
524.32591653   
541.54865657   
524.95741111   
527.73852413   
523.63005504   
523.88657726   
526.67572044   
535.83068779   
529.47780170   
534.49916211   
527.09080466   
540.21752938   
524.30340447   
527.28946332   
528.06852507   
527.76579665   
530.04728690   
528.62223594   
531.77925122   
524.09917958   
520.51581441   
535.02182190   
546.86809865   
517.66126432   
542.22997140   
526.58200325   
521.97576501   
526.03827170   
518.72217574   
528.05024233   
526.46162039   
528.70419929   
523.08865176   
531.74972106   
528.72244707   
532.52936974   
520.69572292   
523.80856452   
523.52549954   
543.02833562   
521.93112420   
520.72993441   
521.82532752   
528.72712507   
537.24825389   
530.76199763   
535.58208151   
522.19773048   
526.74329331   
516.89193475   
519.55787242   
538.21548308   
520.65044114   
528.24007212   
519.17042487   
525.98593194   
519.58622166   
526.82286689   
520.90200302   
519.91634644   
518.43639714   
516.59149744   
522.59906123   
529.80317577   
523.70041000   
521.42707686   
527.53068384   
522.40956478   
528.16095545   
523.63199970   
524.95046998   
519.56637849   
521.13907953   
530.80617914   
532.34954386   
528.75451854   
525.75809416   
525.39504037   
521.13419110   
529.44622261   
532.82033849   
519.80984562   
525.24751964   
523.78297309   
536.36210514   
526.36498990   
540.28487153   
528.06242965   
529.48506505   
528.30471959   
521.60730521   
537.49953559   
526.36065985   
531.64815462   
522.80720506   
525.86395576   
518.34952095   
522.24827964   
528.00901003   
523.95218447   
525.54929583   
524.47861849   
529.93534402   
519.10761351   
526.38373047   
520.20333253   
525.41193174   
522.02239870   
521.63534929   
528.44861691   
525.37117984   
521.70822799   
529.38533764   
519.77488188   
522.24228019   
530.85244839   
520.86882894   
524.16998532   
525.37065529   
524.92234794   
526.29360340   
524.58735538   
520.21031655   
528.71426988   
537.79264398   
525.83254860   
527.71355588   
527.21351493   
519.02933511   
519.16399249   
518.37601161   
523.29978243   
524.27739383   
524.57431866   
525.27958630   
526.96992534   
526.84067562   
551.72893976   
526.19645060   
534.58117710   
530.53615929   
526.90237132   
522.19764638   
546.26626165   
557.13811948   
524.87243247   
535.37404728   
521.90260313   
523.66457101   
549.36983789   
557.45570419   
529.45744328   
523.07246176   
536.87491512   
523.68673426   
517.82148511   
522.19451816   
522.86392675   
519.51483870   
522.72852501   
524.69632392   
537.01035604   
522.78316742   
523.21332192   
524.22904240   
518.79655347   
524.05436726   
524.42997547   
532.96693813   
527.11899448   
517.04287180   
518.60550660   
518.41823247   
517.78341858   
519.48020602   
518.69536932   
527.41124700   
526.69057486   
515.51031232   
524.10107473   
521.75022386   
519.68089950   
518.74648600   
523.56029392   
521.50807577   
526.30842468   
536.81374527   
531.28402264   
522.59193556   
522.59842640   
518.84537468   
522.59116059   
526.73159760   
528.18575164   
527.60532472   
523.59203613   
524.78562114   
527.20754419   
531.76909438   
518.63496935   
521.58953834   
516.37405674   
517.20354792   
523.45509246   
519.12246237   
524.07774242   
522.69328812   
520.10196858   
524.47975875   
529.75054985   
518.91095579   
522.39192289   
523.98449938   
524.24787016   
520.66821670   
531.89195603   
525.64839741   
516.65928174   
521.62431586   
524.36207942   
523.28569055   
526.76992639   
524.12596511   
520.00650462   
525.57735258   
527.42641280   
520.60912781   
532.33254284   
522.82941905   
533.61544190   
521.16852508   
524.66395838   
519.23033265   
521.66139616   
518.82380089   
520.68665231   
519.07597215   
519.99891782   
521.00672608   
538.65016797   
522.13356457   
521.04382671   
534.64948078   
532.97409897   
530.95870450   
524.85306328   
523.25303719   
522.38327878   
519.87467476   
519.26418882   
515.87635914   
519.96489619   
515.75489035   
523.27379420   
517.46742946   
544.87270612   
518.57943146   
525.73800559   
524.42782720   
522.99530766   
520.97299835   
520.07630197   
518.85410531   
519.59447682   
525.60085458   
523.34636369   
525.65303482   
530.69688015   
539.37343122   
528.03812602   
535.84704409   
545.70602375   
527.15071317   
531.49967072   
528.32465159   
531.50425726   
521.79199099   
529.75457980   
523.31364144   
523.62842869   
529.43175620   
542.57040545   
536.72283214   
525.18932512   
525.71031708   
524.09997295   
522.01244327   
524.58245521   
520.57837787   
521.58004809   
