1970  1 29 25.75 100.53 2.00
1970  4 25 25.77 100.47 2.10
1970  6 29 25.75 100.45 2.00
1970  7  4 25.80 100.48 2.00
1970  7 31 25.72 100.40 2.50
1970  9 19 25.75 100.45 2.50
1970 10 17 25.77 100.55 2.00
1971  1 15 25.75 100.57 2.80
1971 12 21 25.78 100.50 2.30
1972  6  3 25.88 100.62 1.80
1973  5 19 25.82 100.42 1.90
1974  2  9 25.85 100.63 2.60
1974  2  9 25.85 100.63 3.20
1974  2 11 25.90 100.58 2.00
1974  2 20 25.87 100.57 1.90
1974  3  6 25.80 100.50 2.00
1974 12 28 25.88 100.60 2.70
1975  1 23 25.85 100.43 2.50
1975  2 28 25.82 100.47 2.00
1975  3  9 25.85 100.50 1.80
1975  4  2 25.88 100.57 2.30
1975  4 24 25.87 100.42 1.80
1975  8 26 25.87 100.57 2.00
1975  8 26 25.83 100.43 2.20
1976  7  8 25.80 100.42 2.00
1978  3  7 25.83 100.47 2.80
1978  3  7 25.83 100.47 2.80
1978 12  7 25.83 100.53 2.20
1978 12  7 25.88 100.52 2.40
1978 12 18 25.87 100.52 2.20
1979  5 30 25.82 100.60 2.30
1979 10  5 25.83 100.58 3.50
1980  3 15 25.83 100.62 2.60
1981  1 16 25.80 100.60 1.70
1981  2 26 25.85 100.50 2.20
1981  2 28 25.80 100.52 2.40
1981  4 15 25.80 100.52 2.40
1981  5  4 25.72 100.55 2.40
1981  6 27 25.87 100.55 2.10
1981  7 24 25.78 100.55 2.30
1981  9  1 25.77 100.58 2.10
1981 10  6 25.83 100.47 2.20
1982  2  8 25.85 100.42 2.10
1982  3 24 25.80 100.42 2.30
1982  6  4 25.90 100.40 2.00
1982  6 11 25.83 100.57 2.00
1982  8 18 25.88 100.47 2.00
1982  8 27 25.85 100.57 2.10
1982 12 26 25.82 100.47 2.20
1983  3  4 25.78 100.45 2.40
1983  5  8 25.72 100.40 3.00
1983  6  3 25.80 100.50 2.30
1983 10 25 25.87 100.43 2.30
1984  1 10 25.80 100.52 1.70
1984  3 15 25.90 100.40 2.00
1984  3 31 25.75 100.63 1.80
1984  5 26 25.87 100.47 2.50
1984  5 27 25.90 100.45 3.00
1984 11  5 25.83 100.53 1.80
1985  4 19 25.87 100.63 2.20
1985  5  3 25.82 100.53 1.80
1985  5 11 25.90 100.53 2.00
1985  5 21 25.82 100.53 2.10
1985  5 21 25.83 100.57 2.20
1985  5 26 25.88 100.50 1.90
1985  5 28 25.85 100.63 2.00
1985  6 29 25.88 100.50 2.00
1985  7  3 25.90 100.57 2.20
1985  7  9 25.88 100.48 1.80
1985  9 12 25.87 100.63 1.90
1985 10 11 25.88 100.60 2.70
1986  1 21 25.80 100.48 2.20
1986  1 24 25.78 100.45 2.00
1986  3  3 25.80 100.60 1.70
1986  6 21 25.87 100.47 3.60
1986  6 21 25.85 100.50 3.20
1986  6 21 25.85 100.47 2.40
1986  6 22 25.87 100.47 2.00
1986  7 18 25.73 100.52 2.10
1986  8 10 25.88 100.48 1.90
1986  8 21 25.85 100.48 1.60
1986 10 21 25.88 100.52 2.20
1987  4 21 25.78 100.43 2.50
1988 11 19 25.80 100.58 4.20
1988 11 19 25.87 100.45 3.70
1988 11 30 25.88 100.45 2.50
1988 12  1 25.88 100.45 2.90
1993  4 19 25.88 100.45 3.00
1993  4 21 25.88 100.40 2.90
1993  6 28 25.83 100.47 2.90
1996 12 24 25.88 100.60 2.60
1998  3  7 25.82 100.57 2.60
1998  3  8 25.77 100.50 4.80
1998  6 28 25.87 100.42 2.60
1998  7  6 25.90 100.52 2.50
1998  7 29 25.85 100.40 3.30
1998  9  2 25.82 100.40 3.10
1999 12  6 25.88 100.45 2.60
2000  3  7 25.82 100.45 2.10
2000  7 20 25.82 100.42 1.40
2000 10 26 25.78 100.42 2.10
2000 10 26 25.77 100.43 2.10
2000 12 20 25.73 100.47 2.00
2001  4 10 25.82 100.48 2.30
2002  5  1 25.83 100.43 1.20
2002  5  5 25.72 100.58 1.50
2002  5  8 25.85 100.52 1.90
2002  5 10 25.83 100.55 2.40
2002  5 10 25.85 100.52 2.90
2002  6  8 25.83 100.57 1.80
2002  7 15 25.72 100.58 2.00
2002  7 16 25.72 100.55 3.50
2002  7 16 25.72 100.58 2.40
2002  9  6 25.82 100.40 2.80
2002  9 16 25.72 100.42 1.90
2002 10 31 25.83 100.48 2.30
2002 11 24 25.72 100.57 1.60
2002 12  2 25.72 100.47 1.70
2002 12  3 25.83 100.42 2.00
2002 12  5 25.85 100.42 1.60
2003  1 16 25.73 100.48 1.80
2003  1 23 25.77 100.40 1.50
2003  3 21 25.80 100.45 2.00
2003  4  4 25.72 100.43 1.80
2003  4  7 25.77 100.48 2.00
2003  9  3 25.72 100.43 1.80
2003  9 16 25.82 100.45 1.60
2003  9 16 25.82 100.43 2.10
2003  9 18 25.83 100.42 1.50
2003  9 28 25.87 100.60 1.70
2003 10 28 25.78 100.43 1.10
2003 12 18 25.87 100.63 1.70
2004  2  8 25.87 100.60 1.60
2004  4  5 25.90 100.43 1.80
2004  4 13 25.88 100.53 1.60
2004  5 17 25.72 100.48 1.70
2004  6 11 25.83 100.40 1.70
2004  6 29 25.85 100.43 2.10
2004  7  4 25.85 100.52 2.70
2004  7  4 25.87 100.50 2.50
2004  7  4 25.83 100.57 3.70
2004  7  4 25.85 100.55 2.60
2004  7  4 25.83 100.55 2.10
2004  7  4 25.83 100.52 1.70
2004  7  4 25.83 100.50 2.00
2004  7  5 25.87 100.52 2.60
2004  7  5 25.85 100.52 2.00
2004  7  5 25.85 100.52 2.50
2004  7  5 25.87 100.53 2.00
2004  7  5 25.90 100.53 2.50
2004  7  5 25.80 100.55 3.30
2004  7  5 25.85 100.53 2.70
2004  7  5 25.83 100.52 3.50
2004  7  5 25.82 100.57 1.70
2004  7  5 25.90 100.43 1.90
2004  7  5 25.85 100.52 2.10
2004  7  5 25.85 100.50 2.00
2004  7 13 25.85 100.60 1.60
2004  7 17 25.83 100.53 2.00
2004  7 19 25.83 100.52 1.90
2004  7 20 25.85 100.60 1.60
2004  7 20 25.85 100.52 1.80
2004  7 20 25.82 100.50 1.60
2004  7 21 25.85 100.53 1.80
2004  7 21 25.80 100.55 1.80
2004  7 21 25.82 100.53 2.40
2004  7 21 25.83 100.43 1.80
2004  7 21 25.85 100.52 1.70
2004  7 21 25.83 100.53 2.90
2004  7 21 25.83 100.50 2.60
2004  7 21 25.83 100.47 2.10
2004  7 21 25.83 100.45 1.20
2004  7 22 25.83 100.50 1.50
2004  7 22 25.83 100.53 1.70
2004  7 22 25.83 100.50 1.20
2004  7 22 25.85 100.53 3.40
2004  7 23 25.80 100.60 1.80
2004  7 23 25.83 100.57 2.40
2004  7 23 25.82 100.45 1.40
2004  7 23 25.83 100.50 3.20
2004  7 23 25.87 100.48 1.30
2004  7 24 25.87 100.52 1.70
2004  7 24 25.85 100.48 1.20
2004  7 24 25.85 100.45 1.00
2004  7 24 25.85 100.58 1.50
2004  7 24 25.85 100.57 2.20
2004  7 25 25.85 100.57 2.20
2004  7 25 25.83 100.53 2.70
2004  7 26 25.82 100.57 3.50
2004  7 26 25.83 100.50 2.40
2004  7 26 25.83 100.52 2.60
2004  7 27 25.78 100.58 1.80
2004  7 28 25.88 100.57 2.40
2004  7 28 25.83 100.58 2.00
2004  7 28 25.90 100.53 2.50
2004  7 29 25.87 100.53 2.30
2004  7 29 25.83 100.50 1.40
2004  8  3 25.83 100.55 1.50
2004  8  3 25.83 100.58 2.30
2004  8  4 25.87 100.57 2.00
2004  8  5 25.83 100.48 1.50
2004  8 18 25.85 100.53 2.20
2004  8 23 25.80 100.63 1.40
2004  8 24 25.83 100.57 1.70
2004  8 25 25.83 100.53 2.90
2004  8 26 25.85 100.53 1.90
2004  9 14 25.85 100.48 1.90
2004 10  2 25.73 100.52 1.90
2004 10  6 25.85 100.58 1.70
2004 12  9 25.90 100.52 1.60
2004 12 26 25.85 100.60 5.00
2004 12 26 25.80 100.48 3.90
2004 12 26 25.82 100.57 3.10
2004 12 26 25.83 100.53 2.60
2004 12 26 25.83 100.53 2.30
2004 12 27 25.85 100.53 2.20
2004 12 27 25.80 100.58 1.70
2004 12 28 25.82 100.55 2.60
2004 12 28 25.80 100.53 2.50
2004 12 30 25.80 100.57 2.10
2004 12 30 25.82 100.55 2.00
2004 12 30 25.80 100.57 1.60
2004 12 30 25.82 100.57 1.60
2004 12 30 25.82 100.55 2.20
2004 12 30 25.88 100.47 1.90
2005  1  2 25.82 100.57 1.70
2005  1  3 25.80 100.58 2.00
2005  1 12 25.85 100.63 1.70
2005  1 16 25.73 100.40 2.00
2005  1 16 25.78 100.60 2.90
2005  1 26 25.83 100.52 2.20
2005  1 26 25.85 100.52 2.50
2005  1 27 25.82 100.40 2.00
2005  1 28 25.85 100.53 3.00
2005  2 16 25.82 100.58 2.50
2005  3  8 25.82 100.40 2.30
2005  3 28 25.82 100.55 1.90
2005  5 23 25.87 100.63 1.60
2005  5 24 25.85 100.55 1.60
2005  5 26 25.90 100.63 3.60
2005  5 26 25.85 100.57 1.90
2005  5 26 25.82 100.55 1.70
2005  6  2 25.85 100.43 1.30
2005  6 10 25.90 100.57 3.80
2005  6 10 25.85 100.55 2.20
2005  6 10 25.85 100.57 1.90
2005  6 10 25.82 100.58 1.80
2005  6 10 25.80 100.58 1.90
2005  6 10 25.85 100.58 1.50
2005  6 10 25.87 100.52 2.00
2005  6 10 25.85 100.62 3.10
2005  6 10 25.83 100.62 2.00
2005  6 10 25.82 100.55 2.70
2005  6 11 25.83 100.55 1.40
2005  6 11 25.88 100.53 2.70
2005  6 11 25.83 100.58 1.80
2005  6 11 25.85 100.57 1.60
2005  6 11 25.85 100.57 1.30
2005  6 11 25.85 100.55 1.60
2005  6 11 25.85 100.57 1.80
2005  6 11 25.85 100.53 1.50
2005  6 11 25.83 100.60 1.40
2005  6 12 25.83 100.58 2.00
2005  6 12 25.88 100.55 2.50
2005  6 13 25.90 100.62 1.60
2005  6 17 25.82 100.57 1.60
2005  6 26 25.87 100.52 1.60
2005  6 27 25.87 100.55 2.50
2005  6 29 25.83 100.42 1.50
2005  7 10 25.82 100.62 1.10
2005  7 15 25.80 100.58 1.90
2005  7 16 25.85 100.57 1.90
2005  7 28 25.78 100.48 1.50
2005  9  7 25.83 100.40 2.20
2005  9 10 25.87 100.57 2.00
2005  9 13 25.82 100.58 1.60
2005  9 14 25.83 100.55 2.50
2005  9 17 25.82 100.48 2.10
2005 10  8 25.90 100.48 1.70
2005 10 11 25.85 100.42 2.00
2005 10 29 25.78 100.52 2.00
2006  2  8 25.85 100.53 2.60
2006  3 13 25.85 100.63 1.40
2006  4 18 25.83 100.53 1.90
2006  5 11 25.83 100.62 2.00
2006  7  6 25.83 100.42 1.50
2006  7 24 25.83 100.42 1.40
2006  7 27 25.83 100.40 1.50
2006 10 29 25.87 100.57 1.70
2006 12  3 25.82 100.43 1.80
2006 12  3 25.80 100.58 1.50
2007  2 11 25.80 100.43 1.70
2007  3  7 25.82 100.57 1.10
2007  3  8 25.88 100.62 3.10
2007  4 22 25.87 100.63 1.60
2007  4 26 25.78 100.45 2.00
2007  7 21 25.72 100.48 1.00
2007  9 15 25.83 100.63 1.50
2007 12  3 25.72 100.63 1.40
2008  3  3 25.82 100.40 1.60
2008  4 12 25.73 100.43 1.30
2008  4 21 25.73 100.42 1.90
2008  5  7 25.83 100.40 1.80
2008  6 10 25.87 100.63 1.30
2008  6 28 25.75 100.42 2.00
2008  7  1 25.90 100.45 1.30
2008  7 22 25.72 100.55 1.30
2008  7 25 25.83 100.45 1.40
2008  8 31 25.78 100.63 1.30
2008  8 31 25.78 100.60 1.60
2008  8 31 25.72 100.42 1.60
2008  9  9 25.75 100.48 2.10
2008  9 10 25.75 100.42 1.40
2008 10  7 25.73 100.40 1.30
2008 10 20 25.73 100.48 1.10
2008 10 27 25.75 100.40 1.50
2008 11  8 25.85 100.62 1.60
2008 12  3 25.85 100.63 1.30
2009  1 20 25.88 100.52 1.70
2009  4 17 25.87 100.43 1.80
2009  5 18 25.82 100.62 1.20
2009  7  9 25.85 100.63 1.50
2009 10 22 25.82 100.43 1.10
2009 10 22 25.80 100.45 1.50
2009 11  2 25.78 100.47 1.80
2009 11  3 25.85 100.63 1.10
2009 11 11 25.82 100.40 1.20
2009 11 13 25.85 100.42 1.20
2009 11 29 25.87 100.40 1.50
2009 12  7 25.90 100.62 1.40
2010  1  4 25.82 100.63 1.30
2010  1  7 25.77 100.47 1.70
2010  1  8 25.82 100.47 2.20
2010  3  4 25.82 100.63 1.10
2010  3 21 25.82 100.63 1.40
2010  6 15 25.72 100.50 1.40
2010  6 24 25.83 100.45 1.80
2010  7 16 25.83 100.45 2.20
2011  6 19 25.87 100.62 1.20
2011  7  5 25.85 100.63 1.50
2011  7 10 25.83 100.63 1.50
2011  7 30 25.83 100.48 1.10
2011  8  8 25.73 100.52 1.00
2011 11  1 25.87 100.60 1.60
2011 12 12 25.90 100.62 2.30
2012  1  4 25.82 100.40 1.00
2012  1 22 25.88 100.47 2.80
2012  3  8 25.85 100.48 1.80
2012  3 31 25.83 100.43 1.70
2012  3 31 25.83 100.43 2.10
2012  4  1 25.85 100.43 1.70
2012  4  2 25.85 100.42 1.80
2012  5 21 25.85 100.48 1.60
2012  6 11 25.83 100.42 1.50
2012  7  7 25.85 100.42 2.60
2012  7  7 25.83 100.42 1.60
2012  7  7 25.83 100.43 1.90
2012  7 10 25.87 100.42 2.00
2012  7 14 25.83 100.42 2.00
2012  8 25 25.78 100.47 1.20
2012  9 17 25.82 100.60 1.40
2012  9 20 25.83 100.42 1.20
2012  9 22 25.83 100.63 1.30
2012  9 28 25.80 100.48 1.10
2012  9 29 25.82 100.43 1.10
2012 10  2 25.72 100.42 0.90
2012 11  6 25.80 100.47 1.80
2012 11  7 25.82 100.47 1.00
2012 12  8 25.77 100.47 1.00
2012 12 16 25.88 100.43 1.70
2012 12 18 25.78 100.60 1.40
2012 12 26 25.78 100.47 1.20
2013  1 15 25.87 100.63 2.30
2013  1 27 25.87 100.57 2.20
2013  2  2 25.88 100.42 1.70
2013  2 10 25.77 100.40 2.00
2013  2 11 25.73 100.42 1.20
2013  3 12 25.85 100.53 1.70
2013  3 23 25.88 100.48 1.00
2013  4 11 25.78 100.47 1.20
2013  4 24 25.88 100.62 0.90
2013  5  9 25.90 100.42 0.90
2013  5 21 25.78 100.53 0.50
2013  5 26 25.87 100.62 0.50
2013  5 29 25.87 100.58 1.00
2013  7  1 25.88 100.57 0.80
2013  7 19 25.77 100.47 1.10
2013  8  2 25.83 100.58 1.60
2013  8 15 25.85 100.62 1.30
2013  9 13 25.82 100.52 0.80
2013  9 14 25.83 100.47 1.00
2013 10 11 25.87 100.52 1.60
2013 10 11 25.78 100.42 0.70
2013 10 13 25.73 100.53 1.00
2013 10 14 25.82 100.62 1.30
2013 10 30 25.85 100.58 1.20
2013 11 10 25.73 100.53 2.20
2013 11 15 25.88 100.62 1.00
2013 11 20 25.78 100.50 0.80
2013 11 22 25.73 100.42 0.70
2013 12 30 25.77 100.43 1.10
2014  1  2 25.78 100.43 1.70
2014  1  2 25.80 100.43 1.20
2014  1  9 25.83 100.48 1.70
2014  1 18 25.75 100.45 0.80
2014  1 21 25.82 100.62 4.10
2014  1 21 25.87 100.47 0.80
2014  1 21 25.83 100.55 0.30
2014  2 24 25.78 100.47 1.20
2014  3  3 25.87 100.62 1.10
2014  3  4 25.82 100.62 1.10
2014  3  7 25.82 100.55 0.60
2014  4 17 25.82 100.52 1.50
2014  7 10 25.83 100.63 1.10
2014  7 15 25.78 100.48 1.30
2014  7 18 25.87 100.62 1.20
2014  7 26 25.88 100.50 4.10
2014  7 26 25.90 100.52 1.50
2014  7 26 25.87 100.48 2.60
2014  7 26 25.87 100.50 2.20
2014  7 26 25.85 100.52 1.60
2014  7 26 25.87 100.50 1.10
2014  7 26 25.83 100.53 1.20
2014  7 26 25.83 100.53 1.70
2014  7 26 25.87 100.48 1.00
2014  7 26 25.85 100.52 1.30
2014  7 26 25.85 100.53 1.30
2014  7 26 25.85 100.52 1.80
2014  7 26 25.83 100.53 1.10
2014  7 26 25.87 100.48 1.00
2014  7 27 25.85 100.53 1.60
2014  7 27 25.87 100.50 2.50
2014  7 27 25.87 100.52 1.50
2014  7 27 25.87 100.52 2.30
2014  7 27 25.85 100.52 1.60
2014  7 27 25.87 100.50 3.10
2014  7 27 25.85 100.52 1.50
2014  7 27 25.87 100.52 1.70
2014  7 27 25.87 100.48 2.20
2014  7 28 25.88 100.57 1.40
2014  7 29 25.88 100.50 1.20
2014  7 29 25.88 100.53 0.70
2014  7 29 25.88 100.55 1.00
2014  7 31 25.87 100.48 1.80
2014  7 31 25.87 100.53 1.20
2014  7 31 25.87 100.48 3.90
2014  7 31 25.87 100.52 2.20
2014  7 31 25.87 100.48 3.20
2014  7 31 25.87 100.50 1.90
2014  7 31 25.87 100.50 1.80
2014  8  2 25.85 100.53 1.20
2014  8  2 25.88 100.57 0.50
2014  8  2 25.87 100.57 1.10
2014  8  2 25.87 100.52 1.20
2014  8  3 25.85 100.52 1.40
2014  8  6 25.85 100.52 1.60
2014  8 10 25.87 100.48 3.30
2014  8 10 25.83 100.53 1.60
2014  8 10 25.87 100.48 3.20
2014  8 10 25.88 100.42 1.20
2014  8 10 25.83 100.52 1.30
2014  8 10 25.87 100.53 1.00
2014  8 11 25.87 100.48 1.60
2014  8 11 25.87 100.48 3.20
2014  8 11 25.85 100.50 2.80
2014  8 11 25.87 100.48 3.10
2014  8 11 25.87 100.48 2.60
2014  8 11 25.87 100.52 1.80
2014  8 11 25.87 100.52 1.90
2014  8 11 25.87 100.50 2.00
2014  8 11 25.87 100.52 1.80
2014  8 11 25.85 100.48 2.50
2014  8 12 25.87 100.53 1.30
2014  8 12 25.87 100.48 2.80
2014  8 12 25.87 100.52 1.60
2014  8 12 25.87 100.53 1.50
2014  8 14 25.87 100.48 1.40
2014  8 14 25.87 100.48 1.90
2014  8 15 25.87 100.52 1.30
2014  8 15 25.85 100.47 2.30
2014  8 15 25.85 100.47 2.10
2014  8 17 25.85 100.63 1.20
2014  8 19 25.87 100.52 1.50
2014  8 21 25.88 100.47 1.40
2014  8 21 25.90 100.52 1.70
2014  8 21 25.88 100.55 1.20
2014  8 21 25.88 100.50 1.20
2014  8 21 25.88 100.52 1.40
2014  8 21 25.83 100.52 1.90
2014  8 21 25.88 100.50 1.40
2014  8 21 25.87 100.50 1.80
2014  8 21 25.87 100.52 1.60
2014  8 21 25.83 100.48 2.40
2014  8 21 25.87 100.52 1.60
2014  8 21 25.90 100.45 1.60
2014  8 21 25.90 100.47 1.30
2014  8 21 25.88 100.57 1.30
2014  8 21 25.87 100.53 1.20
2014  8 21 25.88 100.52 1.40
2014  8 21 25.85 100.48 3.00
2014  8 21 25.88 100.50 1.20
2014  8 21 25.88 100.52 1.30
2014  8 21 25.88 100.48 1.40
2014  8 21 25.87 100.50 1.40
2014  8 21 25.87 100.53 1.80
2014  8 21 25.88 100.57 1.20
2014  8 21 25.88 100.57 1.20
2014  8 21 25.87 100.53 1.30
2014  8 22 25.78 100.47 0.80
2014  8 22 25.87 100.52 1.10
2014  8 22 25.87 100.52 1.70
2014  8 22 25.88 100.48 1.00
2014  8 22 25.85 100.48 2.70
2014  8 22 25.87 100.53 1.10
2014  8 22 25.83 100.48 1.50
2014  8 22 25.83 100.50 1.60
2014  8 22 25.83 100.50 2.80
2014  8 22 25.87 100.52 1.70
2014  8 22 25.87 100.52 1.50
2014  8 22 25.87 100.52 1.60
2014  8 22 25.87 100.52 1.30
2014  8 22 25.85 100.50 1.20
2014  8 22 25.87 100.55 1.40
2014  8 23 25.88 100.47 1.90
2014  8 23 25.85 100.47 1.30
2014  8 23 25.87 100.52 1.10
2014  8 23 25.85 100.52 1.90
2014  8 23 25.90 100.62 1.60
2014  8 25 25.85 100.53 1.30
2014  8 25 25.83 100.53 1.90
2014  8 26 25.88 100.53 1.10
2014  8 27 25.85 100.50 0.80
2014  8 27 25.85 100.52 1.40
2014  8 27 25.83 100.52 1.30
2014  8 28 25.88 100.55 1.40
2014  8 30 25.83 100.48 2.10
2014  8 31 25.85 100.52 2.10
2014  9  1 25.83 100.50 1.40
2014  9  1 25.88 100.53 1.10
2014  9  1 25.83 100.50 1.70
2014  9  1 25.90 100.52 1.00
2014  9  2 25.83 100.52 1.00
2014  9  2 25.90 100.53 0.70
2014  9  2 25.87 100.63 1.20
2014  9  3 25.77 100.45 1.20
2014  9  3 25.85 100.52 1.20
2014  9  5 25.83 100.52 1.80
2014  9  5 25.87 100.57 1.80
2014  9  6 25.85 100.52 1.10
2014  9  6 25.87 100.52 2.00
2014  9  7 25.87 100.52 1.50
2014  9  7 25.85 100.63 1.40
2014  9  8 25.87 100.63 1.00
2014  9 10 25.85 100.55 1.90
2014  9 10 25.83 100.48 1.60
2014  9 11 25.83 100.62 1.20
2014  9 11 25.85 100.63 1.20
2014  9 12 25.87 100.48 2.70
2014  9 14 25.87 100.52 1.40
2014  9 15 25.83 100.55 2.10
2014  9 16 25.85 100.53 1.80
2014  9 17 25.83 100.52 2.00
2014  9 18 25.87 100.53 1.80
2014  9 18 25.87 100.52 1.10
2014  9 19 25.83 100.53 1.80
2014  9 20 25.85 100.52 1.10
2014  9 20 25.85 100.52 1.70
2014  9 20 25.83 100.53 1.70
2014  9 20 25.82 100.42 1.00
2014  9 21 25.83 100.53 1.60
2014  9 21 25.83 100.55 1.80
2014  9 21 25.83 100.53 1.40
2014  9 22 25.83 100.52 1.00
2014  9 24 25.77 100.40 0.20
2014  9 24 25.77 100.42 0.20
2014  9 24 25.75 100.42 0.50
2014  9 24 25.75 100.42 0.00
2014  9 25 25.73 100.42 0.80
2014  9 28 25.75 100.40 0.60
2014  9 28 25.75 100.40 0.20
2014  9 28 25.83 100.47 0.90
2014 11  9 25.85 100.63 1.30
