553.11370234   
558.45551381   
551.56222876   
552.13743353   
569.92443290   
563.52564441   
561.76776745   
560.74386043   
545.95292094   
557.67685111   
545.64820201   
552.47353822   
553.62858764   
554.50035426   
552.84957552   
556.49897759   
552.68284450   
549.31826130   
539.24924216   
544.65391493   
539.71832874   
549.53256758   
540.53995220   
569.66995295   
548.67992119   
530.71307385   
528.92008070   
536.92818414   
527.26418347   
524.90585718   
531.36580563   
526.43063474   
524.38419876   
526.29418371   
532.09629312   
540.78914689   
523.27364752   
525.18334631   
530.25475980   
527.60185367   
528.62971424   
546.53913323   
529.34135238   
530.06909576   
530.95232386   
536.60397401   
560.69169357   
530.11282189   
526.18916379   
539.57923756   
533.45959071   
531.50544437   
520.67332471   
519.87936047   
523.76413754   
519.89210614   
529.03394822   
530.94723068   
528.66527011   
530.43735282   
519.67897370   
521.26043671   
521.79478673   
519.54013155   
523.84399529   
521.22575400   
525.25325780   
521.37326449   
525.21980653   
524.59850762   
528.06367064   
536.08838150   
524.38331289   
525.14426849   
532.90803445   
544.40792461   
535.06102797   
528.56940637   
523.21629444   
523.07539622   
521.88320447   
528.56508159   
534.52826844   
531.19229967   
520.47354408   
527.08988845   
522.14641694   
523.96102883   
524.87041456   
524.44130850   
523.40918373   
528.84882968   
528.77565770   
517.97797208   
535.59688477   
524.29035979   
521.31872002   
531.34121425   
524.70419852   
528.27029809   
523.30320561   
541.46667091   
520.06321294   
523.82346846   
526.12631582   
522.56458035   
522.66772496   
529.97046671   
524.30850179   
529.78145788   
525.98705624   
526.28161105   
534.14160709   
530.38250293   
530.64040833   
528.85306567   
535.98763092   
526.77827936   
536.42864714   
532.05710836   
534.65688988   
530.20544426   
527.23680055   
530.58715720   
534.58546835   
526.85395663   
535.20117601   
531.95320871   
527.79246103   
537.71259698   
537.60566714   
521.74927196   
528.48623641   
527.29004855   
537.66444774   
533.15895796   
530.21323818   
532.84543494   
530.61682821   
528.06527801   
540.84446609   
521.80889810   
527.23367239   
553.29221873   
526.77100769   
520.92621369   
527.09442779   
522.05602264   
540.98482362   
519.98229447   
527.08634810   
519.98701515   
528.90709917   
541.79517816   
524.57586826   
531.11021235   
529.96081345   
529.73707628   
523.71179219   
520.49062430   
537.62600125   
538.37212006   
526.44170590   
530.38876655   
529.17886868   
532.64175846   
532.58596034   
528.24558166   
527.32030306   
522.03661264   
530.08231754   
541.20990049   
541.13367362   
530.83109072   
539.37643025   
521.95602807   
520.71671904   
516.83249291   
525.23185912   
518.52579921   
527.78976722   
523.42529278   
518.46863612   
526.85862304   
520.71815715   
524.12454268   
522.85378471   
527.61468702   
520.08974116   
526.54651372   
537.95586863   
543.42723696   
521.37987274   
518.70215419   
521.45739865   
524.48988523   
523.67769772   
528.23466508   
524.04756369   
518.86712046   
545.24005755   
521.75788400   
525.16658553   
518.11065999   
526.98053124   
525.45878827   
523.75191817   
520.48293315   
528.46446607   
517.88960458   
522.29561921   
529.03753920   
517.38219987   
525.94343442   
539.01000920   
528.38899295   
538.23701849   
517.54585561   
526.47330182   
520.40982151   
523.60752033   
519.79044019   
528.61513290   
540.83382356   
522.17180230   
530.62740003   
526.89118505   
525.46029522   
524.72427638   
522.71622113   
523.67057445   
537.01388854   
532.66595176   
542.39028356   
540.01505094   
531.39636820   
518.89207673   
529.48833787   
525.27173179   
532.77473586   
525.80360854   
529.56633821   
522.76032024   
521.15327510   
522.00863479   
527.14171103   
526.12002564   
529.12184313   
525.82351025   
528.86191395   
519.78638962   
525.67915781   
519.26119775   
529.20995827   
531.37935762   
528.10430414   
526.49188268   
525.42460510   
525.36020337   
532.44591651   
533.92371365   
524.73832416   
528.86084339   
524.45232177   
532.83522425   
535.79448704   
525.45062593   
521.11985698   
521.92811908   
525.82316951   
525.74218294   
525.91189245   
526.63711976   
538.23633714   
534.95266813   
531.62766486   
527.90734199   
527.80372437   
556.22487793   
538.95900983   
521.00791001   
523.85975554   
533.50696800   
529.87810047   
516.70423490   
521.08071224   
526.94057399   
524.09012749   
518.13218857   
519.73258986   
534.39399995   
538.75416485   
527.39326867   
531.47920231   
522.84354725   
532.79439954   
532.32933349   
520.43994611   
530.43610876   
521.05264952   
524.64368826   
523.98487559   
535.37476217   
527.85244272   
519.87442870   
520.68115829   
526.27969073   
524.53865729   
520.98690994   
521.30585133   
525.36771043   
532.99722702   
519.72856171   
516.68737671   
522.76835361   
519.86511518   
519.00664637   
521.52419075   
527.53007381   
518.33010152   
523.90397000   
516.35351655   
525.52635814   
523.96656546   
530.65816654   
518.56026390   
519.62166759   
523.90715605   
532.14115160   
517.52857978   
517.81794313   
527.82528459   
529.14358118   
526.94415095   
526.10037791   
522.29389255   
523.21410374   
524.25880909   
520.91508616   
517.75426611   
521.81343703   
521.52745631   
522.51779911   
517.11653727   
519.02051019   
520.91422823   
521.75899893   
517.91119202   
532.21647307   
520.48608394   
524.06330411   
552.17906250   
524.54539856   
521.51683067   
533.87428421   
521.15690680   
522.48406036   
525.20685110   
519.02402568   
530.87143985   
520.12222872   
524.93108036   
535.96214186   
525.22763406   
523.95977435   
519.14413154   
527.16077718   
516.53100532   
522.31527433   
520.68284238   
521.14290221   
531.91909386   
519.31484574   
519.63498357   
530.17711458   
523.04363089   
525.35874900   
519.48987014   
519.50186305   
521.92609318   
525.67812463   
528.26402856   
522.57182560   
535.49908955   
523.28026114   
521.35146583   
517.61507908   
519.32360275   
527.02937350   
526.29597044   
519.88674943   
518.80251654   
521.21139389   
518.92222575   
530.81655052   
522.96432108   
520.81866992   
531.11574856   
551.70616249   
526.90495511   
518.06299583   
519.41470004   
531.85086612   
522.97525119   
519.69169524   
531.17602096   
532.51390686   
531.03615656   
517.79914628   
520.33309386   
523.64226700   
527.66124297   
538.24674614   
529.34788876   
521.15997627   
521.79342917   
525.40663302   
525.33004980   
516.81475156   
524.24848230   
522.09391247   
521.88088368   
522.75417140   
519.65090425   
521.72684734   
526.78008078   
521.60890026   
522.95683565   
520.39541462   
523.43989380   
518.07207725   
523.28439339   
523.01431583   
520.40013054   
525.65649948   
520.69291634   
523.97114110   
522.67272034   
520.65382368   
520.51359076   
539.31958870   
524.20902340   
519.30357513   
527.53998314   
524.55436629   
522.34807583   
532.55117354   
525.26890604   
533.77769098   
529.92676907   
519.92229053   
529.82086122   
524.63844073   
526.23425846   
533.63902757   
526.46451917   
523.22157750   
539.05694500   
523.07431346   
520.95594048   
520.00204309   
524.45361243   
523.90758212   
520.79478243   
523.61367199   
532.40309261   
544.71660580   
526.72113985   
533.83331701   
528.18725454   
522.39165874   
540.81972452   
543.90932798   
525.16022159   
524.25600593   
524.35317861   
562.56191704   
526.19501785   
526.19748692   
535.60231708   
534.77926359   
537.85103003   
530.73134177   
526.21866085   
533.91853304   
539.20040548   
526.18030799   
529.23719934   
537.83258039   
533.29958177   
538.95765126   
542.33823278   
531.65490254   
526.93141847   
528.59918267   
527.77919295   
527.48637062   
525.23638481   
525.50600095   
524.39127721   
526.42832673   
536.22972395   
538.22503638   
539.55963497   
529.28067608   
527.96774731   
547.46891649   
529.27133500   
534.71904500   
529.66258040   
537.69167500   
532.46292737   
532.16979923   
537.14341278   
531.83872816   
537.39878473   
528.94195994   
527.30966898   
527.40500275   
526.60491742   
527.41798182   
538.08566714   
527.52149750   
547.06615566   
524.58439485   
529.66928906   
530.22067300   
531.43976196   
526.34643734   
531.35265931   
524.25983277   
554.63996021   
538.35932830   
530.35608132   
526.20071913   
534.43959864   
534.52122457   
550.12521962   
533.98959130   
524.72390989   
528.16646695   
526.39942499   
527.19301339   
530.92736533   
526.84172165   
525.72102824   
530.23630096   
524.84846815   
523.07216008   
533.60934366   
523.28706165   
527.16314717   
529.83960656   
525.26844068   
529.70654669   
527.03441577   
519.11023384   
523.60635666   
523.07297360   
520.14327373   
523.82718606   
522.65640994   
538.43496575   
534.47783333   
535.93802892   
520.38570629   
522.47024718   
517.72396404   
519.13821210   
525.00838520   
527.82782198   
526.02159908   
522.31606254   
525.22116403   
535.30196977   
525.40764358   
527.33430645   
548.55565124   
521.72752531   
523.84768948   
525.06171908   
533.15575512   
526.93839119   
535.14674102   
537.41955664   
522.97979456   
527.87535548   
534.38927973   
543.10054539   
528.55959567   
521.46794704   
520.76406121   
535.74774808   
523.32665278   
523.16096153   
530.65586277   
522.80274400   
525.19021429   
528.81993306   
525.81430509   
526.59478362   
529.17376506   
524.55788232   
526.34635143   
544.64608460   
532.60714285   
531.23099760   
522.29383847   
525.66484445   
528.99847340   
531.26218581   
522.86128485   
532.55730709   
532.02831552   
534.02231379   
535.02472524   
537.13171642   
542.72686800   
542.10375258   
538.47775588   
545.87525900   
543.12617554   
548.40757081   
554.27625369   
532.20208308   
536.04986272   
530.31784865   
528.10152864   
530.68514596   
528.77169659   
535.75935745   
545.06105075   
541.40634172   
533.21251116   
548.21972759   
530.56770210   
532.65879561   
538.44447277   
547.61273377   
533.07826430   
530.42901635   
534.94006823   
528.16113287   
525.57640535   
539.56573971   
536.88015160   
537.23749598   
527.35828444   
526.11363826   
529.10077311   
529.05242666   
523.82151828   
523.78551702   
533.79030533   
524.67964608   
530.59136143   
530.82976989   
527.58667425   
527.29001103   
540.04479727   
523.75365880   
522.38253647   
539.05862251   
538.74769310   
530.94841504   
554.28761673   
527.19882731   
523.03766166   
517.81089395   
517.47924299   
532.83985231   
527.73911248   
519.78881993   
521.39789405   
521.82600413   
523.13207513   
524.64469687   
518.75236957   
524.20118098   
536.92493332   
521.24311293   
523.09369076   
527.37446919   
523.05476381   
519.72452237   
519.53756564   
532.26831656   
540.18370681   
519.46390156   
526.44330891   
517.86603680   
523.76296569   
522.39104266   
528.79545651   
520.48171666   
520.50150065   
522.25104336   
530.35184024   
523.70745906   
520.02745264   
542.29687510   
520.00833645   
526.38080113   
524.90169493   
528.67858940   
531.66026345   
525.57942785   
525.38405333   
524.07919680   
547.58358073   
527.52778372   
533.42319149   
532.72879787   
527.21748504   
528.77206282   
530.09062381   
527.97099030   
528.68549465   
532.99893153   
531.55580058   
531.92408538   
557.19880428   
540.19505688   
539.35686068   
535.06866138   
536.58818678   
540.39229397   
534.53604505   
532.81707233   
530.35050950   
527.86067078   
530.90345534   
531.23527812   
562.82946309   
537.27825679   
529.74786558   
530.17608813   
529.59795473   
531.72741205   
524.19461712   
525.12805635   
524.85516572   
526.33961623   
528.75921115   
527.16562993   
525.82171319   
527.73864735   
525.82308030   
543.65171678   
531.33543605   
531.83957069   
533.84032039   
527.13967685   
526.67398687   
535.56533154   
548.89200196   
523.31583086   
532.15869762   
525.45527500   
518.66970853   
521.18762641   
520.48815032   
541.12264866   
527.97035331   
526.92531984   
522.24388263   
537.73147941   
519.73122769   
518.84045897   
531.15909134   
522.32851658   
518.46319501   
541.98381930   
525.78547251   
520.78615136   
521.63399341   
521.16642675   
524.26673108   
519.48043558   
522.20173060   
522.58125666   
518.47891610   
544.32921676   
535.90228040   
520.16218966   
538.33535583   
521.98425165   
538.51097873   
521.94252371   
522.46331470   
523.17219067   
522.52550456   
529.61695422   
543.48353805   
522.13021865   
522.22183563   
525.12983694   
529.52325058   
528.09390337   
522.22495249   
522.89060557   
539.40155541   
529.44616986   
540.33744242   
530.40473961   
528.47808027   
516.37207249   
527.47036732   
521.60730430   
518.22223050   
537.39068471   
528.99260989   
518.87507536   
520.31347114   
522.95410878   
524.18900614   
526.76657909   
524.73676046   
532.46301488   
526.87751170   
526.17850626   
522.03809601   
525.66738012   
522.00272469   
531.43253543   
523.70856383   
520.35682956   
524.15828643   
520.31396399   
528.28316880   
516.52756042   
521.42163578   
524.77179994   
520.66646416   
517.65373156   
520.16682679   
524.01186505   
521.72049531   
528.14346052   
519.06679657   
521.77629627   
519.48589059   
522.94083882   
526.28663986   
530.60133437   
530.86190804   
520.15488235   
525.36701267   
524.88959554   
525.92756806   
544.17916926   
535.25822332   
525.33011451   
519.01250954   
528.98274765   
518.20068448   
525.45741777   
521.58571850   
521.06994106   
526.07242971   
519.23910549   
526.04824813   
521.32485328   
524.39580911   
518.86310660   
527.38746015   
526.71406830   
519.68582828   
523.14171784   
526.96897941   
526.86168060   
528.44359505   
524.92597069   
526.53010338   
524.04456584   
518.06438409   
523.29753715   
520.19660972   
517.73848764   
518.00108343   
522.13857323   
539.82677017   
516.77248844   
521.44342010   
525.00678846   
519.82713723   
525.28357305   
523.70101613   
524.98164095   
525.97608794   
528.07054732   
522.68517637   
522.95000685   
523.30698557   
528.90912291   
537.02802936   
529.18390776   
525.46368727   
524.81104312   
519.52489502   
524.66277132   
525.67594949   
533.33752855   
528.42730213   
525.31408832   
525.24182759   
529.84461751   
522.72574762   
521.31914685   
526.15841945   
519.75633124   
524.98917016   
523.98653974   
528.08196497   
521.23653646   
530.88160995   
536.58361039   
525.19520862   
545.94171193   
517.27658105   
520.71735552   
519.88314493   
520.46095424   
526.01761076   
517.06495785   
516.61023703   
526.99670007   
521.72887245   
518.41766360   
524.41074050   
521.91106189   
526.23235777   
520.62064982   
525.35394898   
523.79620660   
523.92062054   
520.43319143   
521.69003912   
522.13354613   
517.83444835   
530.12946687   
522.86164454   
518.97758356   
531.06537166   
521.44808605   
520.65513164   
520.33862406   
522.89044117   
525.88297679   
517.36626544   
516.26561668   
521.65945362   
521.97871829   
519.46034057   
527.20522892   
519.09581498   
540.68610696   
527.85624619   
521.81539045   
520.91207980   
521.62678225   
527.54046737   
522.25744175   
523.02625389   
520.32030216   
539.32185580   
530.46516447   
536.56700074   
522.16131933   
519.77048421   
524.65581388   
524.14509205   
521.54616107   
522.00653005   
523.82286061   
519.18285124   
524.91652860   
528.56477614   
531.18085362   
519.43264677   
527.97830782   
521.86653902   
529.21232059   
520.70756108   
523.21204250   
542.64333049   
523.24032168   
521.45546674   
523.79894362   
520.90267452   
521.35404417   
521.36152132   
527.23492494   
522.61003101   
534.41466521   
534.83656944   
526.30578115   
523.31464144   
538.96788689   
533.32477384   
528.36008743   
523.66684860   
521.92370490   
530.32046172   
531.01971228   
530.53144095   
526.53337111   
527.08450590   
529.74929508   
522.92482925   
525.51279413   
528.06831587   
523.14599560   
521.11749004   
528.88152649   
528.46964249   
530.63403385   
533.18664006   
520.08605016   
520.89720866   
531.05495885   
519.97899645   
516.41543445   
519.75474816   
524.21419120   
522.39375333   
524.63463372   
525.74517586   
519.02930843   
520.20514286   
524.41348300   
521.36867524   
519.50223633   
525.67793298   
526.76275625   
526.17951109   
524.07437034   
522.42026008   
533.09801684   
522.29435138   
533.65948127   
521.20746865   
537.10927061   
518.17213826   
521.41044330   
520.76568209   
524.28074813   
525.48872542   
530.93100767   
528.17823544   
528.95395451   
522.59394704   
533.84965355   
520.73251544   
524.56606046   
525.22948747   
528.43921216   
523.03374587   
524.70670023   
522.56867556   
528.51463678   
527.48560868   
523.47970928   
525.59878736   
540.78321358   
522.86156271   
525.38554246   
531.92862332   
521.11620600   
523.66042512   
517.81497081   
526.53688839   
521.69730686   
522.30106044   
526.81986166   
524.24880776   
536.17437902   
524.72676622   
520.19237075   
522.53401470   
536.68237248   
523.57940537   
524.09800945   
523.85807736   
531.09164345   
534.08843534   
525.25614105   
523.31725733   
526.66447809   
521.99693394   
530.41667755   
525.37743844   
521.04618431   
522.70114076   
526.10006872   
537.70544579   
520.85153692   
525.55537806   
523.08487761   
527.88712400   
522.62196116   
522.71849274   
522.67948629   
535.81787975   
525.83006815   
529.56015766   
524.57303566   
522.24762876   
532.91848905   
529.42770819   
523.23258852   
539.81570730   
529.03307952   
523.67806181   
531.18213120   
524.93706365   
521.55985030   
520.51333871   
524.29259852   
522.42945984   
519.17964706   
543.38819442   
521.17265791   
522.13779179   
519.61082474   
525.99290607   
529.81865017   
527.76016612   
532.57678867   
519.43466536   
532.61374752   
519.05233504   
521.11679566   
524.64720531   
522.14953262   
528.29393449   
528.91518592   
534.32333771   
528.75179615   
533.58058047   
523.02322944   
526.53793869   
539.96722044   
538.25748263   
525.78960065   
548.18284363   
527.20122077   
520.40926369   
524.36821220   
519.18096054   
522.29221996   
521.44565563   
523.47892658   
524.91608808   
551.82730712   
528.23660148   
540.91094212   
525.05148562   
524.79156366   
524.38283180   
528.45603972   
542.03255817   
546.77647180   
526.15141219   
525.91636126   
526.11602186   
531.75698521   
540.58802244   
535.98178305   
522.38298523   
520.07914825   
522.00736921   
522.40810132   
525.75225992   
527.63163628   
532.86540167   
544.50985010   
531.64107504   
536.07943948   
525.35501124   
521.26889168   
526.31749320   
520.16818419   
527.94414426   
522.44137806   
526.15317101   
539.55207183   
525.14500785   
523.47124240   
535.56172867   
521.94533237   
529.42745925   
527.66389711   
531.92372902   
533.78307469   
527.82707794   
537.69784303   
519.29282132   
527.07169348   
527.06190476   
527.19482847   
527.74308504   
524.31370404   
522.74536715   
525.64843501   
535.06126874   
555.45028354   
526.06534343   
530.10190389   
531.52067666   
531.26942687   
527.57408244   
531.10895918   
528.13724020   
529.25924105   
532.85531265   
530.68970307   
528.20249958   
528.70730721   
526.21873485   
519.12933099   
527.32915805   
530.03265445   
526.64448625   
525.40947736   
521.35324508   
523.32522406   
518.60846852   
526.96337870   
524.06599870   
520.57149311   
527.08366561   
537.60898613   
519.55256147   
531.12863143   
541.27903931   
526.95030713   
519.48586353   
526.67409076   
519.37861808   
523.44564989   
533.13506838   
526.20195263   
526.01542768   
529.18883766   
518.10039833   
528.68009797   
522.84483926   
522.26857073   
535.24377197   
518.19914368   
523.06057914   
519.20920694   
523.22162680   
523.00419898   
532.03115122   
544.57188684   
528.50202437   
526.93291203   
523.80049678   
529.86197149   
528.68628418   
524.91532703   
522.31121134   
547.59686217   
527.61361853   
525.01474488   
523.20447892   
527.31411379   
530.38942673   
525.14769065   
532.72148264   
522.85089183   
527.55990296   
522.87826701   
527.66539421   
523.72821984   
532.04870769   
529.38140478   
531.88814189   
527.33801573   
537.52269301   
529.62173928   
529.03310214   
539.84191862   
531.29397927   
534.10891256   
531.29213901   
531.02230053   
534.26609323   
532.98562580   
547.42784444   
534.86977173   
524.89433706   
528.87881215   
533.88597429   
544.63873372   
544.60157112   
532.32081472   
540.80091413   
530.26793569   
540.97499270   
526.78198431   
525.94302444   
526.07228871   
523.54227744   
529.54638236   
528.55536327   
529.94424142   
533.52270656   
537.60172554   
526.18732120   
533.91365113   
533.28632850   
529.16148046   
530.06734314   
526.78356931   
532.01570551   
524.42862815   
523.18124280   
537.45821793   
519.35084999   
528.57179414   
523.36028392   
522.87235324   
528.06898517   
525.26788608   
527.20329587   
523.08227486   
516.97335113   
522.06704586   
528.00875755   
523.87419762   
518.67582240   
524.40651583   
521.89641971   
525.25052879   
524.82569903   
517.56352199   
524.39866868   
527.93753464   
519.29993548   
516.59907248   
520.52243040   
527.71054703   
525.80525000   
523.41721590   
519.14346117   
518.60168015   
523.53125262   
532.31373496   
533.93071738   
524.24623261   
518.32496457   
528.59112160   
529.45367634   
522.37856832   
550.07753847   
520.03936894   
537.95720947   
516.60826473   
