553.11370234   
551.56222876   
552.13743353   
545.95292094   
545.64820201   
552.47353822   
553.62858764   
554.50035426   
552.84957552   
552.68284450   
549.31826130   
539.24924216   
539.71832874   
540.53995220   
530.71307385   
528.92008070   
527.26418347   
524.90585718   
524.38419876   
523.27364752   
527.60185367   
528.62971424   
526.18916379   
520.67332471   
519.87936047   
519.89210614   
519.67897370   
519.54013155   
521.22575400   
521.37326449   
524.38331289   
523.21629444   
523.07539622   
521.88320447   
528.56508159   
520.47354408   
517.97797208   
521.31872002   
520.06321294   
523.82346846   
526.12631582   
522.56458035   
522.66772496   
526.85395663   
521.74927196   
521.80889810   
520.92621369   
522.05602264   
519.98229447   
519.98701515   
520.49062430   
529.17886868   
528.24558166   
527.32030306   
522.03661264   
521.95602807   
520.71671904   
516.83249291   
518.46863612   
520.08974116   
518.70215419   
518.86712046   
518.11065999   
520.48293315   
517.88960458   
517.38219987   
519.79044019   
524.72427638   
522.71622113   
523.67057445   
518.89207673   
521.15327510   
519.78638962   
519.26119775   
521.11985698   
521.92811908   
525.91189245   
526.63711976   
527.90734199   
527.80372437   
521.00791001   
516.70423490   
518.13218857   
519.73258986   
527.39326867   
522.84354725   
520.43994611   
521.05264952   
519.87442870   
520.68115829   
520.98690994   
525.36771043   
519.72856171   
516.68737671   
519.00664637   
518.33010152   
516.35351655   
517.52857978   
517.81794313   
517.75426611   
517.11653727   
519.02402568   
520.12222872   
519.14413154   
516.53100532   
519.48987014   
519.50186305   
521.92609318   
522.57182560   
523.28026114   
521.35146583   
517.61507908   
521.21139389   
518.92222575   
520.81866992   
518.06299583   
519.69169524   
517.79914628   
516.81475156   
519.65090425   
520.39541462   
518.07207725   
520.65382368   
520.51359076   
519.30357513   
522.34807583   
519.92229053   
520.00204309   
520.79478243   
523.61367199   
522.39165874   
524.25600593   
524.35317861   
526.19501785   
526.19748692   
535.60231708   
534.77926359   
530.73134177   
526.21866085   
526.18030799   
529.23719934   
526.93141847   
527.77919295   
527.48637062   
525.23638481   
525.50600095   
524.39127721   
526.42832673   
526.60491742   
527.52149750   
524.58439485   
524.25983277   
524.72390989   
526.84172165   
525.72102824   
524.84846815   
523.07216008   
523.28706165   
525.26844068   
519.11023384   
520.14327373   
522.65640994   
520.38570629   
517.72396404   
519.13821210   
523.84768948   
525.06171908   
522.97979456   
521.46794704   
520.76406121   
526.34635143   
522.29383847   
532.02831552   
535.02472524   
537.13171642   
538.47775588   
532.20208308   
530.31784865   
528.10152864   
530.68514596   
528.77169659   
530.42901635   
528.16113287   
525.57640535   
523.82151828   
523.78551702   
530.82976989   
527.58667425   
527.29001103   
523.75365880   
522.38253647   
523.03766166   
517.81089395   
517.47924299   
519.78881993   
521.39789405   
521.82600413   
518.75236957   
521.24311293   
527.37446919   
523.05476381   
519.72452237   
519.53756564   
519.46390156   
517.86603680   
520.50150065   
522.25104336   
520.02745264   
520.00833645   
525.38405333   
524.07919680   
527.52778372   
527.21748504   
532.99893153   
531.55580058   
531.92408538   
530.35050950   
527.86067078   
531.23527812   
529.74786558   
530.17608813   
529.59795473   
524.19461712   
525.12805635   
524.85516572   
525.82171319   
525.82308030   
531.83957069   
527.13967685   
526.67398687   
523.31583086   
525.45527500   
518.66970853   
520.48815032   
522.24388263   
519.73122769   
518.84045897   
518.46319501   
519.48043558   
518.47891610   
522.52550456   
522.13021865   
522.22183563   
522.22495249   
522.89060557   
516.37207249   
518.87507536   
516.52756042   
517.65373156   
519.06679657   
519.48589059   
522.94083882   
520.15488235   
525.92756806   
525.33011451   
519.01250954   
518.20068448   
521.58571850   
521.06994106   
519.23910549   
518.86310660   
519.68582828   
518.06438409   
517.73848764   
518.00108343   
516.77248844   
525.00678846   
519.82713723   
522.68517637   
522.95000685   
523.30698557   
519.52489502   
525.67594949   
525.31408832   
525.24182759   
522.72574762   
521.31914685   
519.75633124   
521.23653646   
517.27658105   
517.06495785   
516.61023703   
517.83444835   
517.36626544   
516.26561668   
519.18285124   
519.43264677   
520.70756108   
523.21204250   
523.24032168   
521.45546674   
520.90267452   
521.35404417   
521.36152132   
521.92370490   
522.92482925   
523.14599560   
521.11749004   
520.08605016   
520.89720866   
519.97899645   
516.41543445   
519.50223633   
522.42026008   
522.29435138   
521.20746865   
518.17213826   
520.76568209   
520.73251544   
521.11620600   
523.66042512   
517.81497081   
522.30106044   
520.19237075   
523.85807736   
525.25614105   
523.31725733   
521.99693394   
521.04618431   
520.85153692   
527.88712400   
522.62196116   
522.71849274   
522.67948629   
522.24762876   
521.55985030   
520.51333871   
522.42945984   
519.17964706   
519.05233504   
521.11679566   
522.14953262   
523.02322944   
520.40926369   
519.18096054   
521.44565563   
523.47892658   
528.23660148   
525.05148562   
524.79156366   
524.38283180   
526.15141219   
525.91636126   
526.11602186   
522.38298523   
520.07914825   
522.00736921   
522.40810132   
525.75225992   
527.63163628   
525.35501124   
521.26889168   
520.16818419   
521.94533237   
519.29282132   
527.06190476   
527.19482847   
524.31370404   
522.74536715   
526.06534343   
531.52067666   
531.26942687   
527.57408244   
528.13724020   
529.25924105   
530.68970307   
528.20249958   
526.21873485   
519.12933099   
518.60846852   
519.48586353   
519.37861808   
526.01542768   
518.10039833   
518.19914368   
523.00419898   
523.80049678   
522.31121134   
523.20447892   
525.14769065   
522.85089183   
522.87826701   
523.72821984   
527.33801573   
531.29213901   
531.02230053   
534.86977173   
524.89433706   
528.87881215   
533.88597429   
532.32081472   
530.26793569   
526.78198431   
525.94302444   
526.07228871   
523.54227744   
526.18732120   
524.42862815   
523.18124280   
519.35084999   
516.97335113   
517.56352199   
519.29993548   
516.59907248   
518.60168015   
518.32496457   
516.60826473   
