1047.51633432   
998.53946651   
982.89615876   
928.08517790   
864.46317666   
853.22503706   
817.01842063   
759.76440690   
752.35711348   
726.20652494   
686.92921610   
687.89990069   
685.43413201   
671.03183605   
660.49023818   
654.10981803   
656.01813405   
646.06088864   
643.87817385   
643.97930004   
646.04753693   
641.28450159   
639.43232501   
637.63823639   
632.74257617   
626.36947493   
625.61207875   
617.66091284   
612.90617288   
610.23694559   
607.91681263   
606.19028045   
601.36921267   
599.00612907   
596.33194217   
595.66851765   
598.33591647   
595.88470905   
588.33793045   
583.74401915   
586.23606400   
583.87025165   
581.58539138   
582.93024979   
581.41843052   
581.22838161   
578.42446038   
578.01391656   
580.63859089   
579.99669513   
576.70435703   
578.31600153   
578.59017973   
574.59682082   
576.18724141   
573.26857571   
573.19073663   
577.08390184   
574.01977812   
573.64462928   
570.90053009   
569.72313033   
565.15470639   
569.76156119   
570.64339369   
564.10686776   
565.38613868   
559.23491119   
556.39415594   
559.20072564   
560.39758463   
562.10927807   
552.38194012   
550.78478739   
549.56311642   
550.32234130   
553.97769741   
557.44966243   
561.47903370   
560.95893184   
559.89495564   
555.91897211   
555.02403150   
551.30967898   
551.75166474   
551.06055302   
546.93907307   
543.57066887   
544.10038385   
542.05797579   
537.37257169   
533.86111190   
534.24755518   
534.47989647   
534.87655376   
529.87524184   
528.51171572   
527.84842590   
528.93681586   
529.43860415   
533.55665394   
529.63450603   
532.94198316   
525.82685216   
521.86256244   
523.84006464   
517.27686675   
522.40264642   
522.04007578   
520.63684126   
518.39359970   
518.30248808   
519.15091235   
519.08865108   
519.88444813   
518.61001842   
516.99234570   
522.71730343   
523.22106126   
521.42363155   
526.27160636   
521.47304348   
523.08599713   
522.76165983   
519.72499541   
519.28409788   
517.24271463   
519.21750371   
524.99956180   
524.90271527   
519.59545817   
520.11925317   
516.96862167   
518.29812171   
520.48790929   
518.99708988   
519.62325550   
521.64342518   
519.82073307   
519.31682742   
519.28967191   
516.51726571   
518.44096472   
520.97616301   
520.04278431   
518.01581966   
516.72374599   
517.65574475   
515.85793980   
516.88609917   
516.78219979   
518.75972804   
520.52506876   
518.91076805   
519.51543224   
519.40901643   
519.00827200   
522.86381740   
523.31489272   
522.94384820   
523.87224003   
522.81715000   
522.86516061   
518.39999774   
520.77660964   
522.39736105   
522.09786931   
521.06366739   
522.07029525   
521.69433046   
523.65693695   
521.90560918   
524.51478724   
524.01865665   
522.78311154   
523.24570786   
522.07367701   
527.30792802   
527.37308339   
522.60975863   
523.09832042   
520.37610395   
520.44650679   
522.78785284   
518.43987552   
523.93329978   
520.47800670   
518.48899824   
522.71076261   
523.73293546   
521.91229951   
520.18622572   
525.68699050   
520.70197131   
519.82362973   
518.90567756   
517.36686981   
520.13682407   
517.36848358   
518.08292992   
521.48375169   
522.94263381   
518.99325885   
519.70730769   
522.42018395   
524.14803935   
524.99030978   
523.58101358   
524.14182256   
521.28882137   
524.08504627   
521.34104658   
518.78163857   
518.56569050   
519.74362969   
520.78853963   
521.36389650   
518.50276505   
518.60870625   
521.86498321   
525.60304200   
529.55456195   
535.35640773   
533.23311571   
527.12280600   
528.93656894   
529.44088897   
529.44963205   
531.61673756   
529.13014370   
532.14749174   
534.38865998   
534.92360911   
537.16957705   
535.70623183   
537.93713042   
535.71154408   
527.17618954   
523.65351131   
532.29698546   
525.96291728   
524.66471662   
526.26775514   
529.01127973   
528.49332122   
528.68160487   
528.96640176   
531.87526268   
532.60390839   
531.44439562   
528.71603199   
525.09573867   
526.06485193   
527.32275507   
527.77682277   
528.81515640   
525.62193643   
527.97713297   
527.28505143   
524.38231633   
520.42350137   
521.24200578   
524.63185344   
526.99732579   
529.76364481   
519.34613667   
519.18162855   
518.80288156   
522.41527906   
525.77500549   
519.84532018   
520.17864103   
521.31489904   
519.81973540   
524.26875416   
525.82925210   
526.14994981   
525.91613531   
519.79566278   
519.36646495   
520.99580800   
520.61774621   
520.41255186   
526.87936632   
525.30203888   
523.70403975   
525.17391805   
525.83501269   
527.46671635   
523.98633348   
523.34063276   
523.88345589   
529.15874040   
528.87006708   
525.55950390   
521.19468188   
522.92881680   
524.23979132   
522.77422336   
522.07118441   
521.27290268   
522.34156113   
523.94596347   
518.21267922   
516.59493583   
516.96930714   
518.14492149   
519.66226076   
519.27701400   
519.73608467   
519.41250438   
520.24411833   
522.32858600   
522.23236244   
526.65431367   
522.38241824   
519.99771819   
516.49251553   
521.51834393   
519.52107095   
519.65907839   
522.24316299   
522.41493932   
521.69483009   
518.14359971   
521.75922202   
523.65908274   
522.07310971   
521.39928625   
521.27979735   
522.88577367   
523.92449862   
528.14021995   
519.05557189   
521.37746779   
520.53866548   
516.65485949   
520.44029810   
522.25842173   
519.84440279   
517.62028688   
519.71132924   
521.65050661   
523.96672925   
522.06388214   
521.94179846   
522.78486321   
524.24990448   
522.48471335   
519.51785003   
524.85476424   
525.77532670   
519.85105878   
519.66683464   
517.90340208   
516.74841776   
517.31852831   
519.47187582   
518.68368844   
516.24613169   
516.79894093   
516.69423959   
518.57913080   
517.11265224   
520.72607831   
520.50732969   
521.73465849   
519.50160065   
518.24703858   
517.03262830   
518.38924700   
520.14087965   
516.59442494   
523.72839855   
522.71653458   
521.93544614   
520.77106649   
520.38748784   
519.53982573   
520.41054690   
520.32304119   
520.02534378   
519.77167166   
520.89865993   
520.62660739   
516.54408609   
519.63120109   
520.04739442   
519.65945092   
519.65275454   
521.84798929   
523.15000921   
518.42626618   
515.86887445   
517.08560831   
519.61703076   
523.06854364   
525.09311486   
524.13226968   
525.25010022   
529.21183432   
528.39747489   
531.30522181   
527.47797328   
524.99008258   
524.45188281   
525.40399515   
525.32448396   
526.35594983   
527.74471547   
526.45208057   
530.53714746   
523.98904731   
520.43785142   
520.85860014   
520.70804653   
517.48738978   
517.80959460   
519.81533302   
519.44337631   
518.68860457   
520.66268531   
517.19025932   
525.22923577   
521.52124919   
520.02688292   
518.16373168   
517.82943885   
525.03719945   
523.87610732   
522.79231263   
522.60234775   
