1365.87641251   
1346.25757150   
1319.36309803   
1312.59528224   
1287.89766316   
1290.39032119   
1322.48351889   
1274.11028805   
1299.61530319   
1294.20605708   
1227.82765521   
1255.06441137   
1250.18189027   
1258.18940463   
1252.51888663   
1240.94859885   
1217.78012877   
1256.89053260   
1223.10648632   
1218.78889517   
1223.13474088   
1273.68368863   
1226.93412605   
1228.47025694   
1228.70240764   
1241.63748586   
1219.90886208   
1219.36726581   
1225.82683912   
1225.72875112   
1267.50624900   
1219.55687149   
1212.06040296   
1215.53941721   
1225.90661256   
1245.35276631   
1225.81512942   
1225.60291385   
1207.29115321   
1209.39021116   
1218.66193737   
1205.42434856   
1213.81937811   
1222.05461200   
1214.20834430   
1228.79096618   
1211.91670694   
1221.04588005   
1228.57880341   
1218.80145826   
1214.77559027   
1216.97713246   
1257.71526309   
1204.88560607   
1232.05116338   
1199.49022596   
1185.26088994   
1197.68070279   
1207.01964244   
1194.54798889   
1209.38800912   
1191.33780065   
1207.98768275   
1198.13308493   
1202.05236167   
1199.58208792   
1193.89328316   
1197.13874828   
1202.14445146   
1199.85540651   
1177.79383743   
1185.52812419   
1202.05900319   
1182.19447741   
1190.91691357   
1183.80844302   
1202.46037134   
1179.82727612   
1191.25310294   
1177.78868432   
1196.68189077   
1185.42613275   
1182.36196129   
1186.93045440   
1177.99861425   
1197.52627907   
1196.74007850   
1231.00482638   
1195.93385756   
1184.93199166   
1178.14534097   
1192.23754438   
1227.28862021   
1201.05096779   
1204.72028519   
1195.63264423   
1217.98676199   
1180.04472606   
1176.26676040   
1208.33351397   
1176.88332073   
1179.10550043   
1198.15635464   
1179.61682387   
1195.36682647   
1190.02173810   
1188.43644950   
1214.86726780   
1185.16331127   
1200.85749388   
1172.07972811   
1178.30745246   
1170.71547864   
1186.78132976   
1173.35876356   
1176.05749550   
1182.37641107   
1212.85347814   
1174.27603531   
1210.04193865   
1174.82219416   
1178.86382018   
1187.30302357   
1181.13794802   
1181.81893167   
1195.89359507   
1200.77000936   
1182.77586888   
1199.20271073   
1189.85959294   
1201.99606449   
1179.08114123   
1182.38226493   
1178.52886226   
1175.38006609   
1177.92062630   
1191.00100661   
1175.74171730   
1208.63753899   
1178.52253492   
1194.88649827   
1182.98625216   
1207.80506754   
1206.96543378   
1182.29635248   
1189.95297509   
1174.76480053   
1177.39755782   
1184.67768373   
1202.41530936   
1172.61333756   
1166.46030094   
1192.76464622   
1217.86077812   
1171.41553429   
1181.73276062   
1179.30799704   
1179.23715348   
1187.06934528   
1173.69371157   
1174.02756021   
1171.81515178   
1169.39628618   
1174.09144934   
1174.39904136   
1175.76582349   
1162.29901839   
1168.56816666   
1173.77876304   
1184.37442659   
1221.78275702   
1203.19911794   
1180.06283487   
1181.00905065   
1174.69853856   
1164.46497516   
1174.37654131   
1173.38121518   
1177.85026676   
1205.53422303   
1169.50097159   
1172.64320219   
1171.92688511   
1178.79066769   
1203.81928413   
1173.16610494   
1193.57703077   
1169.50534889   
1194.41594227   
1197.68880263   
1171.94024962   
1172.51089860   
1175.67578204   
1186.56691282   
1181.43381943   
1201.18315943   
1171.55360268   
1174.09018165   
1174.56746640   
1210.90307530   
1179.71804768   
1178.71886714   
1192.05333760   
1187.02474303   
1184.75519324   
1186.88880399   
1182.11815201   
1175.72269522   
1174.25763775   
1169.07035234   
1172.10023899   
1169.69768297   
1176.61288087   
1197.33770171   
1172.01388289   
1164.00877150   
1171.72660582   
1180.95318738   
1165.92712213   
1173.16356188   
1172.67722265   
1203.78939617   
1164.33505615   
1170.31711786   
1167.93367055   
1165.05570402   
1170.35568133   
1170.10573776   
1175.66929797   
1172.65516810   
1172.46503122   
1164.22167741   
1186.50935548   
1176.43694237   
1168.78690230   
1168.95096527   
1171.29187729   
1175.71862762   
1180.18753840   
1192.86983880   
1177.27501874   
1166.87549098   
1178.53707841   
1181.47941494   
1167.53316549   
1183.04305848   
1187.97887127   
1189.14995287   
1178.94605604   
1196.68022723   
1187.67259791   
1165.77039363   
1172.10212288   
1168.99289182   
1183.91422273   
1182.08870529   
1205.11795326   
1189.87387911   
1190.79035699   
1206.83325273   
1184.32792550   
1181.83256650   
1176.41357203   
1193.60236362   
1200.13536130   
1191.18716851   
1164.29676576   
1169.95882776   
1182.32622239   
1174.35953004   
1180.51670499   
1196.02999341   
1189.41364823   
1192.62955282   
1165.77241981   
1187.59086607   
1190.68670632   
1164.96854267   
1162.49306451   
1168.70012377   
1176.18195039   
1204.40297955   
1183.45242408   
1171.75848204   
1170.15134327   
1178.69247447   
1171.21623407   
1167.20901858   
1178.61423596   
1191.83892732   
1182.99790485   
1175.76381311   
1170.14850131   
1177.99041553   
1175.45965657   
1194.79512485   
1169.36005396   
1173.69981572   
1164.87995891   
1170.71371551   
1178.69147873   
1171.25329832   
1172.37632713   
1205.40871342   
1194.76181657   
1169.86606431   
1185.16498724   
1175.89157048   
1178.62475047   
1186.86262591   
1172.11123779   
1172.18099098   
1186.76109880   
1164.77365826   
1184.44036722   
1171.41664918   
1167.93571970   
1172.54081553   
1198.64493227   
1194.65868039   
1219.86753069   
1173.40069827   
1183.23903003   
1175.97503803   
1182.55511355   
1172.77239420   
1181.06089957   
1170.93265477   
1173.78110838   
1179.25387710   
1169.12454977   
1182.81492056   
1171.63351145   
1180.32740603   
1169.89859682   
1175.77873482   
1178.64599043   
1186.64205971   
1188.31185248   
1198.57235368   
1183.54958369   
1173.56127697   
1195.70089467   
1177.12354286   
1180.52055196   
1196.75500643   
1182.41732035   
1175.58923528   
1196.51648022   
1180.35400367   
1171.60685020   
1197.49437868   
1181.93290327   
1187.55823747   
1187.66300008   
1185.97586682   
1172.96104336   
1166.46284708   
1221.13022203   
1175.27166142   
1184.94443225   
1174.93389682   
1177.04097599   
1201.21697861   
1175.41967755   
1182.29992881   
1174.66163384   
1177.07804533   
1168.25003384   
1173.08851310   
1167.36233876   
1161.77688726   
1189.95364299   
1169.80027904   
1164.31002771   
1174.98702692   
1173.05021088   
1182.24783862   
1180.35603623   
1198.44217673   
1179.52516932   
1198.33454035   
1170.19795280   
1199.11277243   
1171.61882064   
1175.63179991   
1170.29488829   
1177.67558939   
1183.25370568   
1182.23923282   
1177.39266519   
1190.02357177   
1180.44316564   
1169.34426129   
1183.39763615   
1164.14049551   
1182.01473569   
1197.66264186   
1174.96184794   
1167.94038980   
1166.58732090   
1164.74246423   
1185.06796449   
1205.51188290   
1164.61386980   
1165.95316661   
1169.55875689   
1168.75293632   
1169.86780692   
1170.63519969   
1176.95254921   
1179.20090193   
1178.02429813   
1181.51387850   
1161.68777622   
1166.93166259   
1174.15566069   
1186.24738525   
1173.53279469   
1191.89147011   
1183.71472693   
1188.22281558   
1173.78865553   
1178.36876602   
1185.75002864   
1179.00792063   
1175.61455990   
1172.20341912   
1214.29367996   
1194.05978629   
1171.50600062   
1192.16701104   
1177.42536716   
1186.85479821   
1186.59727172   
1175.52644272   
1175.09124266   
1169.10982236   
1184.34624602   
1185.37861805   
1174.11457796   
1191.20785118   
1196.92875109   
1170.16284677   
1188.52384066   
1201.80238332   
1163.28152607   
1187.93834739   
1181.22563614   
1173.64175937   
1166.60100694   
1171.20081542   
1172.86119686   
1181.73412378   
1176.35275275   
1180.30577528   
1175.27286378   
1170.01164040   
1192.41534277   
1165.18099166   
1184.64670617   
1171.12631773   
1172.97101591   
1161.96765116   
1174.73527347   
1184.34060143   
1163.21823419   
1178.00314019   
1163.59369524   
1170.58155875   
1184.26529158   
1180.17359461   
1172.03138547   
1176.67551231   
1171.68281222   
1197.84869210   
1166.17155596   
1173.77897307   
1167.94270772   
1180.92645466   
1176.37815477   
1176.30547504   
1163.32639021   
1180.98853855   
1235.48288846   
1172.49095198   
1174.48170786   
1176.24685629   
1173.86681827   
1169.74039161   
1177.91370357   
1162.61496724   
1230.48842141   
1185.50614857   
1163.12799935   
1197.41752543   
1185.61996911   
1188.42619480   
1186.95306733   
1182.52840657   
1191.94574720   
1185.95367202   
1169.42572474   
1167.87575994   
1166.36475111   
1175.42900599   
1200.23443572   
1187.80366618   
1173.99162435   
1188.76136237   
1167.11917821   
1171.46885623   
1202.39314599   
1188.80910259   
1175.21408143   
1173.92958390   
1175.35413179   
1169.20178951   
1205.01598602   
1197.16884610   
1182.57166044   
1192.28350396   
1182.29277074   
1173.97337795   
1170.10130144   
1190.24465140   
1196.43149277   
1181.05736429   
1184.21190714   
1168.76235247   
1196.68086495   
1170.41242430   
1175.64063902   
1177.40170669   
1213.93065889   
1172.51883498   
1187.18642749   
1186.38252717   
1194.85024750   
1164.94730354   
1182.81173135   
1165.28273899   
1186.59195663   
1190.98388133   
1174.59423702   
1173.57023962   
1180.23587439   
1164.73836848   
1179.36253285   
1165.77349231   
1181.24130031   
1190.67124103   
1185.52893377   
1178.19646409   
1174.50731321   
1165.67396353   
1170.30780085   
1173.64875353   
1172.33869426   
1161.46332680   
1175.32330710   
1188.85218983   
1164.45960982   
1173.96340702   
1168.79156330   
1178.17039310   
1165.67329127   
1189.42104688   
1169.11532305   
1180.33082164   
1167.39521645   
1179.11134414   
1174.93053271   
1162.02535167   
1175.72329713   
1183.71963921   
1181.17040868   
1174.07195992   
1196.78569181   
1170.44393656   
1179.11865815   
1181.27538563   
1176.73862328   
1176.38401759   
1174.37560341   
1172.85539948   
1186.75181302   
1164.61368365   
1167.15279540   
1177.65599000   
1173.85486894   
1169.76523233   
1183.24167747   
1170.93610325   
1167.90763905   
1166.65555071   
1164.83013161   
1184.83092753   
1180.76477660   
1173.61722667   
1169.91964924   
1191.29313665   
1178.65126973   
1195.40163478   
1177.15477535   
1177.24522820   
1178.69960638   
1188.11992847   
1184.47356423   
1186.74600889   
1211.77619135   
1187.38414458   
1195.19750295   
1189.30825433   
1174.48079526   
1195.58856900   
1180.72839079   
1238.82130095   
1183.25330455   
1180.37254005   
1189.16069593   
1205.41064763   
1175.67666907   
1197.52716001   
1189.79201137   
1194.89319771   
1182.40167240   
1192.32885257   
1186.21516931   
1188.27902665   
1196.15959880   
1196.29723671   
1191.21138717   
1178.74703830   
1170.00342117   
1169.11129174   
1173.00583457   
1173.27806842   
1180.21661695   
1169.55306283   
1191.72463732   
1208.34583103   
1191.57599874   
1183.70473484   
1166.70514253   
1180.64015178   
1174.12284130   
1187.01575587   
1176.06664069   
1172.27936069   
1192.61366112   
1174.58373266   
1186.67596630   
1183.66875215   
1184.61315632   
1173.39509836   
1183.68609438   
1180.12541078   
1182.60380827   
1179.91983168   
1172.78326480   
1175.12243149   
1199.45116037   
1182.72538119   
1205.84231501   
1193.80677694   
1167.89369882   
1181.71394211   
1185.57325789   
1176.26441677   
1171.89037827   
1184.72242876   
1170.35926824   
1178.99737253   
1192.65574887   
1185.47833171   
1171.98163874   
1189.82081346   
1168.40504392   
1188.58648894   
1234.58465539   
1182.63588226   
1183.91854278   
1184.15630087   
1195.70372366   
1174.27082832   
1206.07533559   
1177.57942879   
1171.35987046   
1169.30414803   
1170.54528888   
1191.44818048   
1169.11065166   
1177.88049144   
1174.54391681   
1189.57420917   
1165.01836424   
1180.91627760   
1180.46494595   
1188.26787685   
1178.13572553   
1219.18784305   
1172.21569677   
1177.09885951   
1175.14633553   
1177.46287706   
1174.47029429   
1192.96732671   
1205.95413186   
1179.49114936   
1169.21890869   
1174.05705539   
1176.52087738   
1181.69778741   
1193.20629070   
1228.61630843   
1181.59999989   
1178.85169280   
1206.54460660   
1166.49208906   
1190.29732683   
1217.37950616   
1182.94552236   
1175.05393140   
1175.84779429   
1181.75583265   
1168.61287124   
1169.32567708   
1171.30466516   
1188.84366641   
1187.57803634   
1176.98916416   
1176.38522742   
1173.62948286   
1182.94903826   
1189.14777951   
1162.38679311   
1168.94175409   
1179.12625328   
1174.12451077   
1183.51274976   
1234.43050432   
1199.46651496   
1192.42454195   
1176.46368688   
1174.19024902   
1164.60721426   
1191.61273703   
1178.81425744   
1192.67203953   
1225.90544153   
1185.79513144   
1200.69026685   
1192.97407941   
1165.14430912   
1171.91815875   
1173.68141619   
1183.86103589   
1169.23847812   
1167.94746504   
1199.78368465   
1168.48556805   
1202.58350290   
1171.58259537   
1251.47624009   
1212.22116842   
1173.24400692   
1172.15721376   
1171.57931809   
1170.03778950   
1189.28780283   
1177.03412698   
1174.82251288   
1178.78280853   
1183.80223822   
1174.80937991   
1168.54607327   
1165.89591351   
1212.25616792   
1175.24014902   
1173.29413906   
1211.83695335   
1206.29362699   
1183.82790440   
1173.25569411   
1189.71399557   
1179.79782765   
1188.20104393   
1167.59042244   
1172.00349818   
1165.58344217   
1184.32619076   
1174.65832433   
1184.66334476   
1169.09080589   
1174.59709932   
1165.19096472   
1178.02634557   
1187.68078562   
1197.47444420   
1167.69181453   
1176.61810005   
1170.62627794   
1189.33180494   
1174.02118122   
1168.13837666   
1173.11617594   
1176.58382980   
1201.02340672   
1179.01153711   
1199.82544228   
1179.06730827   
1168.88169895   
1181.40175767   
1179.33451144   
1188.32530691   
1179.23888920   
1169.70724283   
1168.22004412   
1164.06104915   
1163.19111771   
1176.75485228   
1170.07396990   
1176.52773965   
1176.98063659   
1164.94623784   
1185.97583942   
1171.36834577   
1169.57532090   
1167.14653392   
1172.08103589   
1180.20317996   
1177.76704084   
1175.54239647   
1165.66596688   
1192.38727923   
1186.45153245   
1189.20395820   
1175.89624390   
1190.30241808   
1182.95021222   
1163.09476968   
1167.38540696   
1167.64338735   
1177.90613354   
1162.57232864   
1177.88765820   
1165.98803094   
1174.95479114   
1178.42614235   
1198.34248687   
1166.94882448   
1172.60106202   
1178.70439024   
1190.21778644   
1171.19941538   
1162.75387575   
1174.69418610   
1167.32855446   
1171.43478173   
1172.24572080   
1172.55250695   
1178.47023977   
1171.29514123   
1164.57927626   
1170.66399386   
1180.56796353   
1169.72172528   
1170.48666739   
1176.87496616   
1178.64888398   
1174.66171615   
1170.40334968   
1168.99602004   
1180.91816145   
1184.08709379   
1183.29350330   
1166.08910929   
1172.72638157   
1204.88672143   
1179.73495060   
1178.20071965   
1183.99156342   
1179.80944369   
1176.44968935   
1180.13760587   
1173.76449765   
1163.87969140   
1168.50534991   
1175.07104318   
1175.40673719   
1176.29139881   
1169.03229265   
1174.91143210   
1164.69572789   
1171.01255312   
1171.76622159   
1175.31079660   
1170.63181569   
1162.96150876   
1164.67250971   
1166.32989117   
1177.01639588   
1180.28862512   
1172.35688257   
1174.64416703   
1169.98340892   
1173.44828156   
1184.35441425   
1164.88982582   
1193.88238361   
1189.83154139   
1185.88266782   
1179.79123101   
1195.37041823   
1179.99268325   
1201.95961445   
1175.62985865   
1167.13804106   
1181.80959974   
1159.96527091   
1184.19495059   
1164.02439707   
1171.58083253   
1169.72023767   
1186.15106630   
1174.67030903   
1175.86644701   
1179.98470523   
1176.64176784   
1173.79639903   
1184.40669338   
1166.52800874   
1166.85574339   
1197.05772205   
1168.33904796   
1184.04524898   
1185.58547273   
1166.47486762   
1192.99431606   
1165.88327739   
1186.17288284   
1177.38050985   
1181.21718593   
1166.23890786   
1175.00171929   
1179.09982171   
1179.15124792   
1175.16502526   
1186.45906906   
1183.87295983   
1175.37944280   
1184.98436980   
1173.96284287   
1166.14623771   
1176.57001731   
1181.94249051   
1178.52835415   
1168.70260611   
1174.75541627   
1181.38256326   
1182.02072555   
1172.18103910   
1176.03668968   
1178.00611112   
1173.94224152   
1178.89779514   
1167.78983196   
1182.61340648   
1171.95789861   
1174.99549789   
1182.03399794   
1182.20521192   
1176.61694754   
1169.85178696   
1180.59679493   
1171.42709024   
1188.42363414   
1194.95377638   
1184.54245175   
1167.81590242   
1196.88570136   
1190.41165585   
1186.51854945   
1170.71512709   
1164.56409061   
1172.66841202   
1216.73732250   
1187.61486878   
1180.56510144   
1171.78520237   
1169.68820887   
1169.85485932   
1176.74418364   
1185.31192269   
1179.20102156   
1194.90705383   
1169.32212476   
1164.26275265   
1174.08002077   
1180.78668532   
1180.75287425   
1202.23636703   
1181.61903194   
1170.21141572   
1184.60307068   
1176.11870725   
1173.28101992   
1207.03089663   
1196.74097347   
1178.08384100   
1171.00187656   
1175.76026779   
1180.34060866   
1164.38258015   
1177.01301354   
1180.74040259   
1165.62315450   
1178.45405720   
1162.88307626   
1189.28065518   
1182.95392950   
1186.73792873   
1175.27355896   
1168.86500310   
1175.50678267   
1173.26916090   
1178.72378664   
1169.91499953   
1173.08635069   
1163.65336817   
1179.81990316   
1179.95124576   
1173.53096774   
1180.55901772   
1183.36997271   
1168.37107959   
1168.71997824   
1173.08302376   
1167.92466378   
1190.86323061   
1177.35183768   
1169.80722855   
1178.49593920   
1165.64611539   
1181.16130145   
1179.74445901   
1166.63853499   
1182.86758702   
1180.14103508   
1174.25124181   
1199.10707175   
1171.85245543   
1178.13809119   
1173.28110545   
1169.75699816   
1172.70409529   
1184.76882414   
1178.82321429   
1184.95465751   
1169.46428318   
1167.48862750   
1189.41499072   
1241.31196463   
1179.64767396   
1188.27439276   
1161.08731968   
1181.32775063   
1177.57006946   
1166.86039161   
1170.18449981   
1172.05101528   
1164.30998397   
1161.14108539   
1196.09965900   
1187.27003486   
1190.91019292   
1164.57542140   
1179.38366183   
1168.62110655   
1206.18815633   
1190.25620737   
1192.20601011   
1164.39427933   
1161.88373339   
1176.05000647   
1178.05918514   
1167.81389743   
1176.65943763   
1175.25788667   
1178.32950396   
1168.13405848   
1161.83893077   
1195.21509055   
1197.61631386   
1184.90609853   
1179.30673608   
1174.23298542   
1188.07448774   
1178.37637816   
1171.93428337   
1171.00094906   
1169.55511064   
1164.32438492   
1169.39810004   
1183.10000656   
1191.71387784   
1162.96400666   
1166.84898340   
1173.98021510   
1174.04227657   
1166.84476637   
1167.59330039   
1176.83961465   
1190.00180974   
1190.66862927   
1177.66582090   
1193.87331158   
1181.67511565   
1171.23854729   
1168.66206363   
1174.05250211   
1206.22034587   
1177.10921097   
1173.36566346   
1186.36107656   
1171.82225206   
1180.02854220   
1174.14009850   
1177.71137955   
1184.05274993   
1180.43611436   
1170.83607043   
1193.68351595   
1180.86239196   
1194.02202791   
1188.26638363   
1190.01373777   
1171.54426934   
1180.36798861   
1177.18669648   
1201.01173501   
1176.73069195   
1166.94543262   
1168.58287091   
1178.98051667   
1180.97266529   
1177.06658655   
1163.16667176   
1168.75542645   
1180.89423487   
1176.86664278   
1194.92567777   
1200.17947884   
1176.75205597   
1166.10005604   
1168.63978891   
1165.09287804   
1171.12613166   
1172.44274187   
1172.53722331   
1177.40350097   
1171.13686751   
1189.32530959   
1181.11708008   
1188.96364751   
1199.69801463   
1176.51067852   
1176.92084765   
1171.86623599   
1174.96889672   
1163.42749090   
1178.45067984   
1165.78394047   
1180.57170223   
1185.63351272   
1164.78565620   
1175.31079292   
1184.43510440   
1177.03889821   
1170.22853680   
1182.04237376   
1189.16519884   
1166.55939009   
1196.92112140   
1171.16520752   
1187.46632513   
1166.46966674   
1174.25551818   
1172.90388202   
1172.85822003   
1181.70036915   
1195.80401348   
1170.75305909   
1196.44337044   
1175.26713333   
1175.85711324   
1178.17519822   
1195.30068550   
1177.70077410   
1173.14276711   
1179.83031130   
1173.06037466   
1172.78994357   
1182.02363277   
1179.01659363   
1181.44533618   
1174.93252218   
1182.95789109   
1175.72561209   
1180.50060454   
1182.15595341   
1188.47425287   
1202.17809221   
1170.62865422   
1187.04283926   
1178.90890964   
1169.96554229   
1174.33074743   
1190.25494162   
1174.93910026   
1176.17978389   
1184.16490275   
1178.69055132   
1202.97265101   
1173.68786828   
1172.84725156   
1165.62989248   
1212.58169640   
1175.37040570   
1174.91784526   
1177.17543299   
1171.56835237   
1176.68341769   
1195.95147712   
1167.31835836   
1182.42431922   
1176.53469967   
1160.27533932   
1196.01423380   
1183.09438818   
1174.53605507   
1172.43775125   
1175.12406973   
1174.83679458   
1169.61107947   
1167.51320363   
1175.37877518   
1169.15220298   
1163.43155916   
1168.64595110   
1172.93251925   
1164.56512402   
1173.10623079   
