1365.87641251   
1346.25757150   
1319.36309803   
1312.59528224   
1287.89766316   
1290.39032119   
1274.11028805   
1227.82765521   
1217.78012877   
1218.78889517   
1219.90886208   
1219.36726581   
1219.55687149   
1212.06040296   
1207.29115321   
1205.42434856   
1204.88560607   
1199.49022596   
1185.26088994   
1177.79383743   
1185.52812419   
1182.19447741   
1179.82727612   
1177.78868432   
1177.99861425   
1178.14534097   
1176.26676040   
1176.88332073   
1172.07972811   
1170.71547864   
1174.82219416   
1174.76480053   
1177.39755782   
1172.61333756   
1166.46030094   
1162.29901839   
1164.46497516   
1171.92688511   
1169.50534889   
1171.94024962   
1172.51089860   
1171.55360268   
1174.25763775   
1169.07035234   
1169.69768297   
1164.00877150   
1164.33505615   
1164.22167741   
1164.29676576   
1164.96854267   
1162.49306451   
1171.41664918   
1167.93571970   
1170.93265477   
1169.12454977   
1169.89859682   
1173.56127697   
1171.60685020   
1172.96104336   
1166.46284708   
1168.25003384   
1167.36233876   
1161.77688726   
1164.61386980   
1161.68777622   
1161.96765116   
1163.21823419   
1163.59369524   
1163.32639021   
1162.61496724   
1163.12799935   
1165.28273899   
1164.73836848   
1165.67396353   
1161.46332680   
1166.65555071   
1164.83013161   
1169.91964924   
1174.48079526   
1175.67666907   
1178.74703830   
1170.00342117   
1169.11129174   
1169.55306283   
1166.70514253   
1175.12243149   
1167.89369882   
1171.35987046   
1169.30414803   
1169.11065166   
1165.01836424   
1168.61287124   
1162.38679311   
1164.60721426   
1165.14430912   
1165.89591351   
1167.59042244   
1165.58344217   
1165.19096472   
1168.13837666   
1168.88169895   
1169.70724283   
1168.22004412   
1164.06104915   
1163.19111771   
1163.09476968   
1162.57232864   
1162.75387575   
1166.08910929   
1163.87969140   
1164.69572789   
1162.96150876   
1164.67250971   
1166.32989117   
1164.88982582   
1159.96527091   
1166.14623771   
1167.81590242   
1164.56409061   
1164.26275265   
1164.38258015   
1162.88307626   
1163.65336817   
1165.64611539   
1166.63853499   
1169.75699816   
1169.46428318   
1167.48862750   
1161.08731968   
1161.14108539   
1164.39427933   
1161.88373339   
1161.83893077   
1164.32438492   
1162.96400666   
1163.16667176   
1163.42749090   
1164.78565620   
1167.31835836   
1160.27533932   
