6.40000000   138.00000000   82.00000000   -161.00000000   25.67019119   99.83460896   4.90020547   0.17216490   
6.40000000   138.00000000   82.00000000   -161.00000000   25.66639367   99.82013437   5.38414257   0.21307424   
6.40000000   138.00000000   82.00000000   -161.00000000   25.65424069   99.80979742   4.68153064   0.22445566   
6.40000000   138.00000000   82.00000000   -161.00000000   25.66421509   99.79745728   5.45167804   0.21834064   
6.40000000   138.00000000   82.00000000   -161.00000000   25.67552181   99.80163896   5.01923941   0.28989919   
6.40000000   138.00000000   82.00000000   -161.00000000   25.67295591   99.80405659   5.05041861   0.39010768   
6.40000000   138.00000000   82.00000000   -161.00000000   25.69489772   99.80464481   4.90629955   0.32513926   
6.40000000   138.00000000   82.00000000   -161.00000000   25.71723884   99.78837845   4.18174437   0.31627217   
6.40000000   138.00000000   82.00000000   -161.00000000   25.74377073   99.76353053   4.61633812   0.27948493   
6.40000000   138.00000000   82.00000000   -161.00000000   25.72185024   99.77892563   4.19315404   0.40557860   
6.40000000   138.00000000   82.00000000   -161.00000000   25.70330589   99.78535411   3.51594855   0.38784240   
6.40000000   138.00000000   82.00000000   -161.00000000   25.69191537   99.77225330   3.66794290   0.42820141   
6.40000000   138.00000000   82.00000000   -161.00000000   25.70489378   99.77484416   3.83912867   0.36894855   
6.40000000   138.00000000   82.00000000   -161.00000000   25.71883488   99.75886957   3.87957228   0.39264180   
6.40000000   138.00000000   82.00000000   -161.00000000   25.72432944   99.74511823   3.27903117   0.41050917   
6.40000000   138.00000000   82.00000000   -161.00000000   25.73035348   99.74073605   3.67751203   0.35114394   
6.40000000   138.00000000   82.00000000   -161.00000000   25.73478362   99.73583850   4.06623182   0.20478775   
6.40000000   138.00000000   82.00000000   -161.00000000   25.71895747   99.72747220   3.15643192   0.11401606   
6.40000000   138.00000000   82.00000000   -161.00000000   25.72727136   99.74382712   2.61565876   0.06074581   
6.40000000   138.00000000   82.00000000   -161.00000000   25.72277717   99.75496790   2.06108432   -0.01831820   
6.40000000   138.00000000   82.00000000   -161.00000000   25.71587918   99.75319886   2.53274843   0.05606632   
6.40000000   138.00000000   82.00000000   -161.00000000   25.72248947   99.75149102   2.48415359   -0.03864112   
6.40000000   138.00000000   82.00000000   -161.00000000   25.71802966   99.74117936   2.01628603   -0.06380667   
6.40000000   138.00000000   82.00000000   -161.00000000   25.73064980   99.74495869   1.43509551   0.01965903   
6.40000000   138.00000000   82.00000000   -161.00000000   25.71452220   99.77284225   1.36070346   -0.08005654   
6.40000000   138.00000000   82.00000000   -161.00000000   25.70087382   99.75060985   1.72586935   -0.08282700   
6.40000000   138.00000000   82.00000000   -161.00000000   25.71030251   99.75633089   1.47029935   0.00009143   
6.40000000   138.00000000   82.00000000   -161.00000000   25.69968202   99.76372772   1.29946865   -0.10457359   
6.40000000   138.00000000   82.00000000   -161.00000000   25.72053137   99.76157945   1.37014127   -0.16356960   
6.40000000   138.00000000   82.00000000   -161.00000000   25.72562733   99.76862138   1.22810071   -0.14671606   
6.40000000   138.00000000   82.00000000   -161.00000000   25.71482040   99.77846821   1.15149452   0.00543010   
6.40000000   138.00000000   82.00000000   -161.00000000   25.72475846   99.76541852   1.29175490   -0.05769032   
6.40000000   138.00000000   82.00000000   -161.00000000   25.71307294   99.76504095   1.39322110   0.02651914   
6.40000000   138.00000000   82.00000000   -161.00000000   25.73565602   99.74855903   1.30354145   -0.19589399   
6.40000000   138.00000000   82.00000000   -161.00000000   25.72335474   99.76614762   1.01041814   -0.22428892   
6.40000000   138.00000000   82.00000000   -161.00000000   25.71420763   99.74390812   1.18617932   -0.28346285   
6.40000000   138.00000000   82.00000000   -161.00000000   25.72247833   99.75523060   1.05324695   -0.21837092   
6.40000000   138.00000000   82.00000000   -161.00000000   25.72462643   99.76203408   1.60966044   -0.24075363   
6.40000000   138.00000000   82.00000000   -161.00000000   25.73003091   99.74847801   1.48985006   -0.28053802   
6.40000000   138.00000000   82.00000000   -161.00000000   25.73746801   99.73309336   1.50242854   -0.30646861   
6.40000000   138.00000000   82.00000000   -161.00000000   25.71289216   99.73980642   1.52608555   -0.33824319   
6.40000000   138.00000000   82.00000000   -161.00000000   25.74357162   99.73784840   1.73123408   -0.31531890   
6.40000000   138.00000000   82.00000000   -161.00000000   25.73178363   99.73496852   2.01043791   -0.33863966   
6.40000000   138.00000000   82.00000000   -161.00000000   25.73710285   99.76496640   1.10037164   -0.29258400   
6.40000000   138.00000000   82.00000000   -161.00000000   25.73893655   99.76015510   1.09704063   -0.24056604   
6.40000000   138.00000000   82.00000000   -161.00000000   25.73376123   99.74406464   1.05022471   -0.23387404   
6.40000000   138.00000000   82.00000000   -161.00000000   25.72157673   99.74991381   1.22144591   -0.31671511   
6.40000000   138.00000000   82.00000000   -161.00000000   25.71962832   99.76140919   1.21017846   -0.29410250   
6.40000000   138.00000000   82.00000000   -161.00000000   25.73526132   99.75674436   1.23857820   -0.25945069   
6.40000000   138.00000000   82.00000000   -161.00000000   25.72006788   99.75908203   1.09741367   -0.20786986   
6.40000000   138.00000000   82.00000000   -161.00000000   25.73191919   99.73702457   1.16253773   -0.41469943   
6.40000000   138.00000000   82.00000000   -161.00000000   25.72236573   99.72691231   1.05103270   -0.29181489   
6.40000000   138.00000000   82.00000000   -161.00000000   25.72908773   99.75528251   1.61843577   -0.40524282   
6.40000000   138.00000000   82.00000000   -161.00000000   25.73160417   99.75186295   1.37626420   -0.35493382   
6.40000000   138.00000000   82.00000000   -161.00000000   25.73687957   99.76536138   1.06100243   -0.45395533   
6.40000000   138.00000000   82.00000000   -161.00000000   25.74933151   99.75726794   1.06054091   -0.46237392   
6.40000000   138.00000000   82.00000000   -161.00000000   25.72670541   99.76438732   1.49772627   -0.35737214   
6.40000000   138.00000000   82.00000000   -161.00000000   25.70915361   99.74515397   1.64920104   -0.40318361   
6.40000000   138.00000000   82.00000000   -161.00000000   25.70469508   99.74313670   1.59882816   -0.44678908   
6.40000000   138.00000000   82.00000000   -161.00000000   25.71534070   99.72314481   1.06732253   -0.45460132   
6.40000000   138.00000000   82.00000000   -161.00000000   25.74035387   99.72990734   1.67120296   -0.54739490   
6.40000000   138.00000000   82.00000000   -161.00000000   25.73888226   99.72148409   1.67340352   -0.70570841   
6.40000000   138.00000000   82.00000000   -161.00000000   25.73292801   99.73933318   1.21161681   -0.69771614   
6.40000000   138.00000000   82.00000000   -161.00000000   25.73166936   99.72255350   1.23210239   -0.63308857   
6.40000000   138.00000000   82.00000000   -161.00000000   25.72118498   99.73522398   1.07063319   -0.63968798   
6.40000000   138.00000000   82.00000000   -161.00000000   25.74050445   99.73166095   1.15614784   -0.64903739   
6.40000000   138.00000000   82.00000000   -161.00000000   25.73856986   99.72381767   1.16073256   -0.65384670   
6.40000000   138.00000000   82.00000000   -161.00000000   25.72729802   99.72836229   1.13973216   -0.64085525   
6.40000000   138.00000000   82.00000000   -161.00000000   25.74263110   99.74453740   1.22017199   -0.75749643   
6.40000000   138.00000000   82.00000000   -161.00000000   25.73755250   99.74231061   1.06385915   -0.73762843   
6.40000000   138.00000000   82.00000000   -161.00000000   25.72453299   99.74073142   1.20268235   -0.67303806   
6.40000000   138.00000000   82.00000000   -161.00000000   25.74648886   99.72290569   1.23838081   -0.69260622   
6.40000000   138.00000000   82.00000000   -161.00000000   25.71823938   99.72383737   1.17887390   -0.68997602   
6.40000000   138.00000000   82.00000000   -161.00000000   25.74260551   99.72020310   1.13592338   -0.68153179   
6.40000000   138.00000000   82.00000000   -161.00000000   25.73853124   99.72654803   1.06398983   -0.63894730   
6.40000000   138.00000000   82.00000000   -161.00000000   25.75054005   99.72668817   1.11809508   -0.77457590   
6.40000000   138.00000000   82.00000000   -161.00000000   25.73778860   99.71879159   1.14865756   -0.82806756   
6.40000000   138.00000000   82.00000000   -161.00000000   25.75813533   99.73480364   1.02343762   -0.86353462   
6.40000000   138.00000000   82.00000000   -161.00000000   25.75535253   99.73639229   1.59572300   -0.83132665   
6.40000000   138.00000000   82.00000000   -161.00000000   25.75159086   99.74187577   1.57136501   -0.76457101   
6.40000000   138.00000000   82.00000000   -161.00000000   25.74870321   99.74448680   1.78415552   -0.65493928   
6.40000000   138.00000000   82.00000000   -161.00000000   25.73630760   99.74689183   1.35311295   -0.55601783   
6.40000000   138.00000000   82.00000000   -161.00000000   25.73820891   99.75274688   1.33871578   -0.45965977   
6.40000000   138.00000000   82.00000000   -161.00000000   25.73167420   99.74441781   1.39545663   -0.28462302   
6.40000000   138.00000000   82.00000000   -161.00000000   25.74529153   99.73721634   1.04053656   -0.29835113   
6.40000000   138.00000000   82.00000000   -161.00000000   25.72430578   99.77848814   1.00705921   -0.26404247   
6.40000000   138.00000000   82.00000000   -161.00000000   25.72308088   99.74108710   1.51569580   -0.30018462   
6.40000000   138.00000000   82.00000000   -161.00000000   25.72782807   99.72188746   1.12720637   -0.33397370   
6.40000000   138.00000000   82.00000000   -161.00000000   25.72959704   99.74210581   1.50156176   -0.36886856   
6.40000000   138.00000000   82.00000000   -161.00000000   25.73827341   99.73524483   1.51038097   -0.46391382   
6.40000000   138.00000000   82.00000000   -161.00000000   25.74155827   99.74692514   1.02415420   -0.63571534   
6.40000000   138.00000000   82.00000000   -161.00000000   25.73914290   99.73139281   1.29441189   -0.72318207   
6.40000000   138.00000000   82.00000000   -161.00000000   25.71940758   99.72990318   1.20741136   -0.65941082   
6.40000000   138.00000000   82.00000000   -161.00000000   25.72236661   99.75126804   1.15501116   -0.64899688   
6.40000000   138.00000000   82.00000000   -161.00000000   25.73784431   99.75007275   1.09143724   -0.53792340   
6.40000000   138.00000000   82.00000000   -161.00000000   25.75350288   99.74430508   1.06232861   -0.57292323   
6.40000000   138.00000000   82.00000000   -161.00000000   25.72973054   99.72453068   1.06898418   -0.35495922   
6.40000000   138.00000000   82.00000000   -161.00000000   25.71303563   99.73569057   1.03844012   -0.33219506   
6.40000000   138.00000000   82.00000000   -161.00000000   25.72544609   99.73971476   1.06255044   -0.24141596   
6.40000000   138.00000000   82.00000000   -161.00000000   25.73698432   99.74035631   1.47730868   -0.34699348   
6.40000000   138.00000000   82.00000000   -161.00000000   25.72038742   99.75111012   1.42372156   -0.37290638   
6.40000000   138.00000000   82.00000000   -161.00000000   25.71244703   99.74739589   1.70324690   -0.35184491   
6.40000000   138.00000000   82.00000000   -161.00000000   25.72305817   99.74914317   1.25862511   -0.41027256   
6.40000000   138.00000000   82.00000000   -161.00000000   25.73206847   99.75394313   1.22903559   -0.45743917   
6.40000000   138.00000000   82.00000000   -161.00000000   25.72660703   99.73499538   1.05839486   -0.46660443   
6.40000000   138.00000000   82.00000000   -161.00000000   25.73548314   99.74839999   1.24178255   -0.39648131   
6.40000000   138.00000000   82.00000000   -161.00000000   25.73717942   99.73623488   1.24584130   -0.42150211   
6.40000000   138.00000000   82.00000000   -161.00000000   25.71958062   99.74503294   1.09516319   -0.55751423   
6.40000000   138.00000000   82.00000000   -161.00000000   25.73350657   99.75639788   1.20026113   -0.55869238   
6.40000000   138.00000000   82.00000000   -161.00000000   25.73543697   99.75630142   1.13099858   -0.48591788   
6.40000000   138.00000000   82.00000000   -161.00000000   25.73026286   99.75807368   1.10723649   -0.46450954   
6.40000000   138.00000000   82.00000000   -161.00000000   25.74005576   99.74101809   1.17628393   -0.47242944   
6.40000000   138.00000000   82.00000000   -161.00000000   25.75132160   99.74008798   1.02707528   -0.51042538   
6.40000000   138.00000000   82.00000000   -161.00000000   25.73717530   99.73000349   1.04506998   -0.48726293   
6.40000000   138.00000000   82.00000000   -161.00000000   25.73934050   99.75929757   1.17157526   -0.37612598   
6.40000000   138.00000000   82.00000000   -161.00000000   25.72324866   99.74024576   1.05216741   -0.44209529   
6.40000000   138.00000000   82.00000000   -161.00000000   25.73562268   99.73075807   1.34355259   -0.44731669   
6.40000000   138.00000000   82.00000000   -161.00000000   25.73183920   99.73489464   1.35955354   -0.45474685   
6.40000000   138.00000000   82.00000000   -161.00000000   25.71743274   99.74648765   1.09840637   -0.42489933   
6.40000000   138.00000000   82.00000000   -161.00000000   25.72252598   99.75525306   1.23734776   -0.49255595   
6.40000000   138.00000000   82.00000000   -161.00000000   25.73355387   99.73127429   1.05033823   -0.41485397   
6.40000000   138.00000000   82.00000000   -161.00000000   25.72986903   99.73370033   1.14457533   -0.41278702   
6.40000000   138.00000000   82.00000000   -161.00000000   25.74200264   99.73385222   1.21874786   -0.40230827   
6.40000000   138.00000000   82.00000000   -161.00000000   25.73989217   99.73630419   1.22840982   -0.34535148   
6.40000000   138.00000000   82.00000000   -161.00000000   25.72026393   99.72676451   1.02862473   -0.41482670   
6.40000000   138.00000000   82.00000000   -161.00000000   25.73687296   99.73374563   1.63356992   -0.44727813   
6.40000000   138.00000000   82.00000000   -161.00000000   25.72051065   99.75019605   1.32075626   -0.52443705   
6.40000000   138.00000000   82.00000000   -161.00000000   25.71783515   99.76181439   1.17007798   -0.48027437   
6.40000000   138.00000000   82.00000000   -161.00000000   25.72214541   99.73419158   1.07775522   -0.54169609   
6.40000000   138.00000000   82.00000000   -161.00000000   25.71388619   99.73825555   1.04457954   -0.54458287   
6.40000000   138.00000000   82.00000000   -161.00000000   25.71980813   99.75345114   1.13280634   -0.45742148   
6.40000000   138.00000000   82.00000000   -161.00000000   25.71936612   99.74152923   1.24697957   -0.53343393   
6.40000000   138.00000000   82.00000000   -161.00000000   25.73029409   99.72919972   1.21818076   -0.52292119   
6.40000000   138.00000000   82.00000000   -161.00000000   25.74358515   99.73601793   1.21729386   -0.58344348   
6.40000000   138.00000000   82.00000000   -161.00000000   25.71986435   99.73640029   1.00229536   -0.45218150   
6.40000000   138.00000000   82.00000000   -161.00000000   25.71808041   99.73734346   1.08059427   -0.45299709   
6.40000000   138.00000000   82.00000000   -161.00000000   25.72364181   99.73186241   1.09399689   -0.39545801   
6.40000000   138.00000000   82.00000000   -161.00000000   25.72290416   99.74141587   1.17960739   -0.21012255   
6.40000000   138.00000000   82.00000000   -161.00000000   25.73073689   99.75069733   1.47913453   -0.44056405   
6.40000000   138.00000000   82.00000000   -161.00000000   25.72370436   99.74644651   1.23543785   -0.42440090   
