6.65000000   -0.92200000   -0.03000000   -0.26900000   0.99500000   0.06200000   -0.07300000   25.62174663   99.91943680   5.19043737   -0.01906263   
6.65000000   -0.92200000   -0.03000000   -0.26900000   0.99500000   0.06200000   -0.07300000   25.59984745   99.91684537   4.57513188   0.09298026   
6.65000000   -0.92200000   -0.03000000   -0.26900000   0.99500000   0.06200000   -0.07300000   25.63006666   99.90713842   4.72490232   0.20554822   
6.65000000   -0.92200000   -0.03000000   -0.26900000   0.99500000   0.06200000   -0.07300000   25.63548615   99.89747813   4.18397598   0.04996234   
6.65000000   -0.92200000   -0.03000000   -0.26900000   0.99500000   0.06200000   -0.07300000   25.62770554   99.88189560   4.55084843   0.08584444   
6.65000000   -0.92200000   -0.03000000   -0.26900000   0.99500000   0.06200000   -0.07300000   25.62784313   99.84973688   4.94233719   0.04312659   
6.65000000   -0.92200000   -0.03000000   -0.26900000   0.99500000   0.06200000   -0.07300000   25.64259037   99.86382473   4.49536465   0.02876386   
6.65000000   -0.92200000   -0.03000000   -0.26900000   0.99500000   0.06200000   -0.07300000   25.67696664   99.86267285   4.88815062   -0.03793014   
6.65000000   -0.92200000   -0.03000000   -0.26900000   0.99500000   0.06200000   -0.07300000   25.66373575   99.84971649   4.89841130   0.09398371   
6.65000000   -0.92200000   -0.03000000   -0.26900000   0.99500000   0.06200000   -0.07300000   25.67224952   99.84179390   5.09783685   0.15381707   
6.65000000   -0.92200000   -0.03000000   -0.26900000   0.99500000   0.06200000   -0.07300000   25.68879984   99.84590864   5.20779185   0.30069984   
6.65000000   -0.92200000   -0.03000000   -0.26900000   0.99500000   0.06200000   -0.07300000   25.69787361   99.83571804   5.75081662   0.25756683   
6.65000000   -0.92200000   -0.03000000   -0.26900000   0.99500000   0.06200000   -0.07300000   25.67786484   99.82245444   5.75808825   0.33614943   
6.65000000   -0.92200000   -0.03000000   -0.26900000   0.99500000   0.06200000   -0.07300000   25.70612888   99.82058699   5.74669720   0.20102174   
6.65000000   -0.92200000   -0.03000000   -0.26900000   0.99500000   0.06200000   -0.07300000   25.68636528   99.79453576   5.63471478   0.21333845   
6.65000000   -0.92200000   -0.03000000   -0.26900000   0.99500000   0.06200000   -0.07300000   25.66960227   99.75642268   5.09030496   0.22284276   
6.65000000   -0.92200000   -0.03000000   -0.26900000   0.99500000   0.06200000   -0.07300000   25.68437160   99.76238605   4.86078803   0.28668823   
6.65000000   -0.92200000   -0.03000000   -0.26900000   0.99500000   0.06200000   -0.07300000   25.68570911   99.76494280   5.12083206   0.33006872   
6.65000000   -0.92200000   -0.03000000   -0.26900000   0.99500000   0.06200000   -0.07300000   25.67846512   99.77217313   5.21560195   0.34294229   
6.65000000   -0.92200000   -0.03000000   -0.26900000   0.99500000   0.06200000   -0.07300000   25.69698056   99.73542935   5.11969749   0.32146516   
6.65000000   -0.92200000   -0.03000000   -0.26900000   0.99500000   0.06200000   -0.07300000   25.69951818   99.74399251   4.24281952   0.33061933   
6.65000000   -0.92200000   -0.03000000   -0.26900000   0.99500000   0.06200000   -0.07300000   25.71233628   99.75043721   4.10457700   0.09401458   
6.65000000   -0.92200000   -0.03000000   -0.26900000   0.99500000   0.06200000   -0.07300000   25.73209893   99.73631462   3.93548883   0.14753677   
6.65000000   -0.92200000   -0.03000000   -0.26900000   0.99500000   0.06200000   -0.07300000   25.72820328   99.76592417   3.72460549   0.19176804   
6.65000000   -0.92200000   -0.03000000   -0.26900000   0.99500000   0.06200000   -0.07300000   25.71616543   99.75453971   3.73039633   0.13627060   
6.65000000   -0.92200000   -0.03000000   -0.26900000   0.99500000   0.06200000   -0.07300000   25.72949016   99.74395346   3.40773958   -0.02310975   
6.65000000   -0.92200000   -0.03000000   -0.26900000   0.99500000   0.06200000   -0.07300000   25.73163851   99.73438545   3.08310120   0.09023789   
6.65000000   -0.92200000   -0.03000000   -0.26900000   0.99500000   0.06200000   -0.07300000   25.70497786   99.74349466   2.39224455   0.14322424   
6.65000000   -0.92200000   -0.03000000   -0.26900000   0.99500000   0.06200000   -0.07300000   25.73458879   99.75147752   2.62634102   0.22157714   
6.65000000   -0.92200000   -0.03000000   -0.26900000   0.99500000   0.06200000   -0.07300000   25.74355138   99.75477906   2.39632766   0.17825568   
6.65000000   -0.92200000   -0.03000000   -0.26900000   0.99500000   0.06200000   -0.07300000   25.72150492   99.75032607   2.10519027   0.15427633   
6.65000000   -0.92200000   -0.03000000   -0.26900000   0.99500000   0.06200000   -0.07300000   25.72368600   99.76961843   1.91067550   -0.00858997   
6.65000000   -0.92200000   -0.03000000   -0.26900000   0.99500000   0.06200000   -0.07300000   25.72029394   99.76023756   2.16622501   -0.11096391   
6.65000000   -0.92200000   -0.03000000   -0.26900000   0.99500000   0.06200000   -0.07300000   25.73149470   99.73485634   2.15786857   -0.21993791   
6.65000000   -0.92200000   -0.03000000   -0.26900000   0.99500000   0.06200000   -0.07300000   25.74782608   99.75787290   1.71867018   -0.28799098   
6.65000000   -0.92200000   -0.03000000   -0.26900000   0.99500000   0.06200000   -0.07300000   25.74434430   99.77303012   1.23247309   -0.33129221   
6.65000000   -0.92200000   -0.03000000   -0.26900000   0.99500000   0.06200000   -0.07300000   25.73746518   99.76271235   1.27600303   -0.58032224   
6.65000000   -0.92200000   -0.03000000   -0.26900000   0.99500000   0.06200000   -0.07300000   25.72732519   99.72431774   1.00328726   -0.56509498   
6.65000000   -0.92200000   -0.03000000   -0.26900000   0.99500000   0.06200000   -0.07300000   25.73917436   99.73747948   1.10312773   -0.76335901   
6.65000000   -0.92200000   -0.03000000   -0.26900000   0.99500000   0.06200000   -0.07300000   25.73736917   99.72442536   1.00188973   -0.66918544   
6.65000000   -0.92200000   -0.03000000   -0.26900000   0.99500000   0.06200000   -0.07300000   25.73447124   99.73241513   1.19081128   -0.59787722   
6.65000000   -0.92200000   -0.03000000   -0.26900000   0.99500000   0.06200000   -0.07300000   25.71371981   99.74291996   1.04489009   -0.55048244   
6.65000000   -0.92200000   -0.03000000   -0.26900000   0.99500000   0.06200000   -0.07300000   25.73001293   99.74265660   1.08722731   -0.71830302   
6.65000000   -0.92200000   -0.03000000   -0.26900000   0.99500000   0.06200000   -0.07300000   25.73892201   99.73696006   1.25768681   -0.73455470   
6.65000000   -0.92200000   -0.03000000   -0.26900000   0.99500000   0.06200000   -0.07300000   25.75768273   99.75536377   1.24848192   -0.65253163   
6.65000000   -0.92200000   -0.03000000   -0.26900000   0.99500000   0.06200000   -0.07300000   25.75798009   99.74303645   1.67417470   -0.61226560   
6.65000000   -0.92200000   -0.03000000   -0.26900000   0.99500000   0.06200000   -0.07300000   25.73497723   99.71560305   1.66554639   -0.57312585   
6.65000000   -0.92200000   -0.03000000   -0.26900000   0.99500000   0.06200000   -0.07300000   25.72509870   99.72630743   1.63414571   -0.55556748   
6.65000000   -0.92200000   -0.03000000   -0.26900000   0.99500000   0.06200000   -0.07300000   25.74640952   99.73634099   1.62671867   -0.58024726   
6.65000000   -0.92200000   -0.03000000   -0.26900000   0.99500000   0.06200000   -0.07300000   25.74270888   99.74265878   1.71728559   -0.43010539   
6.65000000   -0.92200000   -0.03000000   -0.26900000   0.99500000   0.06200000   -0.07300000   25.74285485   99.74524538   1.33947202   -0.54987587   
6.65000000   -0.92200000   -0.03000000   -0.26900000   0.99500000   0.06200000   -0.07300000   25.74236827   99.76352029   1.20531865   -0.42590123   
6.65000000   -0.92200000   -0.03000000   -0.26900000   0.99500000   0.06200000   -0.07300000   25.73234418   99.74038066   1.56365417   -0.59625056   
6.65000000   -0.92200000   -0.03000000   -0.26900000   0.99500000   0.06200000   -0.07300000   25.72817209   99.74050378   1.29383891   -0.54779690   
6.65000000   -0.92200000   -0.03000000   -0.26900000   0.99500000   0.06200000   -0.07300000   25.73613608   99.74484636   1.06639725   -0.56848599   
6.65000000   -0.92200000   -0.03000000   -0.26900000   0.99500000   0.06200000   -0.07300000   25.72481654   99.75687166   1.23340322   -0.38068618   
6.65000000   -0.92200000   -0.03000000   -0.26900000   0.99500000   0.06200000   -0.07300000   25.72804731   99.73338578   1.09004060   -0.37817180   
6.65000000   -0.92200000   -0.03000000   -0.26900000   0.99500000   0.06200000   -0.07300000   25.72784079   99.72412325   1.15515797   -0.44517019   
6.65000000   -0.92200000   -0.03000000   -0.26900000   0.99500000   0.06200000   -0.07300000   25.71208940   99.73859187   1.13251165   -0.41762212   
6.65000000   -0.92200000   -0.03000000   -0.26900000   0.99500000   0.06200000   -0.07300000   25.72458737   99.74289983   1.46980296   -0.46328225   
6.65000000   -0.92200000   -0.03000000   -0.26900000   0.99500000   0.06200000   -0.07300000   25.74290888   99.73835357   1.09218328   -0.36999383   
6.65000000   -0.92200000   -0.03000000   -0.26900000   0.99500000   0.06200000   -0.07300000   25.75007491   99.74748622   1.16414372   -0.43540053   
6.65000000   -0.92200000   -0.03000000   -0.26900000   0.99500000   0.06200000   -0.07300000   25.71798804   99.74750314   1.16468868   -0.41797546   
6.65000000   -0.92200000   -0.03000000   -0.26900000   0.99500000   0.06200000   -0.07300000   25.72543191   99.73487083   1.05740302   -0.42224056   
6.65000000   -0.92200000   -0.03000000   -0.26900000   0.99500000   0.06200000   -0.07300000   25.72554947   99.72630972   1.45054117   -0.52620089   
6.65000000   -0.92200000   -0.03000000   -0.26900000   0.99500000   0.06200000   -0.07300000   25.71464973   99.71991332   1.18091850   -0.59169133   
6.65000000   -0.92200000   -0.03000000   -0.26900000   0.99500000   0.06200000   -0.07300000   25.72186787   99.73465673   1.41044172   -0.67427865   
6.65000000   -0.92200000   -0.03000000   -0.26900000   0.99500000   0.06200000   -0.07300000   25.74150293   99.73562994   1.59346586   -0.62686459   
6.65000000   -0.92200000   -0.03000000   -0.26900000   0.99500000   0.06200000   -0.07300000   25.73907191   99.72840355   1.08135855   -0.79194024   
6.65000000   -0.92200000   -0.03000000   -0.26900000   0.99500000   0.06200000   -0.07300000   25.73488876   99.72638528   1.11881808   -0.88396148   
6.65000000   -0.92200000   -0.03000000   -0.26900000   0.99500000   0.06200000   -0.07300000   25.74685866   99.72984925   1.11490407   -0.95066698   
6.65000000   -0.92200000   -0.03000000   -0.26900000   0.99500000   0.06200000   -0.07300000   25.73155245   99.72812522   1.20707118   -1.00082487   
6.65000000   -0.92200000   -0.03000000   -0.26900000   0.99500000   0.06200000   -0.07300000   25.74210282   99.72522182   1.36395868   -0.90536543   
6.65000000   -0.92200000   -0.03000000   -0.26900000   0.99500000   0.06200000   -0.07300000   25.74989707   99.71321238   1.22215069   -1.03582009   
6.65000000   -0.92200000   -0.03000000   -0.26900000   0.99500000   0.06200000   -0.07300000   25.74406599   99.73306509   1.05177385   -1.06530733   
6.65000000   -0.92200000   -0.03000000   -0.26900000   0.99500000   0.06200000   -0.07300000   25.72590510   99.71786411   1.02080092   -0.93581652   
6.65000000   -0.92200000   -0.03000000   -0.26900000   0.99500000   0.06200000   -0.07300000   25.72003594   99.70772355   1.20131615   -0.87907535   
6.65000000   -0.92200000   -0.03000000   -0.26900000   0.99500000   0.06200000   -0.07300000   25.72612123   99.72153067   1.13890691   -0.96607976   
6.65000000   -0.92200000   -0.03000000   -0.26900000   0.99500000   0.06200000   -0.07300000   25.73446788   99.71245931   1.14139539   -0.82409083   
6.65000000   -0.92200000   -0.03000000   -0.26900000   0.99500000   0.06200000   -0.07300000   25.71459780   99.72727889   1.25968070   -0.56217231   
6.65000000   -0.92200000   -0.03000000   -0.26900000   0.99500000   0.06200000   -0.07300000   25.70266898   99.74246560   1.23790933   -0.60688634   
6.65000000   -0.92200000   -0.03000000   -0.26900000   0.99500000   0.06200000   -0.07300000   25.73346407   99.71774126   1.21585838   -0.71255747   
6.65000000   -0.92200000   -0.03000000   -0.26900000   0.99500000   0.06200000   -0.07300000   25.73600612   99.74844936   1.18162999   -0.46235354   
6.65000000   -0.92200000   -0.03000000   -0.26900000   0.99500000   0.06200000   -0.07300000   25.72373714   99.75082829   1.15678902   -0.45765611   
6.65000000   -0.92200000   -0.03000000   -0.26900000   0.99500000   0.06200000   -0.07300000   25.71883229   99.75506061   1.08212537   -0.45619086   
6.65000000   -0.92200000   -0.03000000   -0.26900000   0.99500000   0.06200000   -0.07300000   25.73396607   99.74066153   1.06570412   -0.50367534   
6.65000000   -0.92200000   -0.03000000   -0.26900000   0.99500000   0.06200000   -0.07300000   25.73009932   99.74122915   1.09244134   -0.58116928   
6.65000000   -0.92200000   -0.03000000   -0.26900000   0.99500000   0.06200000   -0.07300000   25.73219766   99.74059890   1.16178356   -0.59438282   
6.65000000   -0.92200000   -0.03000000   -0.26900000   0.99500000   0.06200000   -0.07300000   25.73173833   99.74383437   1.23068566   -0.48798631   
6.65000000   -0.92200000   -0.03000000   -0.26900000   0.99500000   0.06200000   -0.07300000   25.71051696   99.73198279   1.05393217   -0.66509847   
6.65000000   -0.92200000   -0.03000000   -0.26900000   0.99500000   0.06200000   -0.07300000   25.72151384   99.73658193   1.34465767   -0.64828430   
6.65000000   -0.92200000   -0.03000000   -0.26900000   0.99500000   0.06200000   -0.07300000   25.73151604   99.73972524   1.32305023   -0.57543852   
6.65000000   -0.92200000   -0.03000000   -0.26900000   0.99500000   0.06200000   -0.07300000   25.72738701   99.75209437   1.20522872   -0.53110407   
6.65000000   -0.92200000   -0.03000000   -0.26900000   0.99500000   0.06200000   -0.07300000   25.71120171   99.73799045   1.03810644   -0.49795870   
6.65000000   -0.92200000   -0.03000000   -0.26900000   0.99500000   0.06200000   -0.07300000   25.73292748   99.74053820   1.38319640   -0.47057443   
6.65000000   -0.92200000   -0.03000000   -0.26900000   0.99500000   0.06200000   -0.07300000   25.72165960   99.74202669   1.11732286   -0.48933449   
6.65000000   -0.92200000   -0.03000000   -0.26900000   0.99500000   0.06200000   -0.07300000   25.73001721   99.73800928   1.09164561   -0.50729640   
6.65000000   -0.92200000   -0.03000000   -0.26900000   0.99500000   0.06200000   -0.07300000   25.71701524   99.73183517   1.20659443   -0.59058873   
6.65000000   -0.92200000   -0.03000000   -0.26900000   0.99500000   0.06200000   -0.07300000   25.72718881   99.73721964   1.30731969   -0.63619807   
6.65000000   -0.92200000   -0.03000000   -0.26900000   0.99500000   0.06200000   -0.07300000   25.70474970   99.73171902   1.13760771   -0.50486591   
6.65000000   -0.92200000   -0.03000000   -0.26900000   0.99500000   0.06200000   -0.07300000   25.71941148   99.73494702   1.16685133   -0.34216293   
6.65000000   -0.92200000   -0.03000000   -0.26900000   0.99500000   0.06200000   -0.07300000   25.73149010   99.75662342   1.21404530   -0.38251099   
6.65000000   -0.92200000   -0.03000000   -0.26900000   0.99500000   0.06200000   -0.07300000   25.73361488   99.73828052   1.09379675   -0.34525585   
6.65000000   -0.92200000   -0.03000000   -0.26900000   0.99500000   0.06200000   -0.07300000   25.73319698   99.75132922   1.65388134   -0.33944370   
6.65000000   -0.92200000   -0.03000000   -0.26900000   0.99500000   0.06200000   -0.07300000   25.74001672   99.72825139   1.35700868   -0.37007040   
6.65000000   -0.92200000   -0.03000000   -0.26900000   0.99500000   0.06200000   -0.07300000   25.73445080   99.75103608   1.36927414   -0.51824259   
6.65000000   -0.92200000   -0.03000000   -0.26900000   0.99500000   0.06200000   -0.07300000   25.72742636   99.73920609   1.52408582   -0.61653276   
6.65000000   -0.92200000   -0.03000000   -0.26900000   0.99500000   0.06200000   -0.07300000   25.72147438   99.74139704   1.54853846   -0.51045315   
6.65000000   -0.92200000   -0.03000000   -0.26900000   0.99500000   0.06200000   -0.07300000   25.73751120   99.74491123   1.26781157   -0.55154388   
6.65000000   -0.92200000   -0.03000000   -0.26900000   0.99500000   0.06200000   -0.07300000   25.73972653   99.72424601   1.44766765   -0.72211520   
6.65000000   -0.92200000   -0.03000000   -0.26900000   0.99500000   0.06200000   -0.07300000   25.74045520   99.73379800   1.53399898   -0.68422461   
6.65000000   -0.92200000   -0.03000000   -0.26900000   0.99500000   0.06200000   -0.07300000   25.73725945   99.73597139   1.38424903   -0.68462829   
6.65000000   -0.92200000   -0.03000000   -0.26900000   0.99500000   0.06200000   -0.07300000   25.73613504   99.73354059   1.22580582   -0.62060500   
6.65000000   -0.92200000   -0.03000000   -0.26900000   0.99500000   0.06200000   -0.07300000   25.72400537   99.74586332   1.22808019   -0.45763360   
6.65000000   -0.92200000   -0.03000000   -0.26900000   0.99500000   0.06200000   -0.07300000   25.71677887   99.73971624   1.10780072   -0.59818747   
6.65000000   -0.92200000   -0.03000000   -0.26900000   0.99500000   0.06200000   -0.07300000   25.73415263   99.74405849   1.11743717   -0.67108581   
6.65000000   -0.92200000   -0.03000000   -0.26900000   0.99500000   0.06200000   -0.07300000   25.73717111   99.75732794   1.08918641   -0.61291084   
6.65000000   -0.92200000   -0.03000000   -0.26900000   0.99500000   0.06200000   -0.07300000   25.74781028   99.74007366   1.41502304   -0.62180989   
6.65000000   -0.92200000   -0.03000000   -0.26900000   0.99500000   0.06200000   -0.07300000   25.73793778   99.71454055   1.14296877   -0.70220224   
6.65000000   -0.92200000   -0.03000000   -0.26900000   0.99500000   0.06200000   -0.07300000   25.73156584   99.72810412   1.07122393   -0.83395142   
6.65000000   -0.92200000   -0.03000000   -0.26900000   0.99500000   0.06200000   -0.07300000   25.73013612   99.72916637   1.09460773   -0.72797548   
6.65000000   -0.92200000   -0.03000000   -0.26900000   0.99500000   0.06200000   -0.07300000   25.73296562   99.73906245   1.08733850   -0.64633574   
6.65000000   -0.92200000   -0.03000000   -0.26900000   0.99500000   0.06200000   -0.07300000   25.73251660   99.72760215   1.07670458   -0.62995560   
6.65000000   -0.92200000   -0.03000000   -0.26900000   0.99500000   0.06200000   -0.07300000   25.73680598   99.74145400   1.17641655   -0.70413717   
6.65000000   -0.92200000   -0.03000000   -0.26900000   0.99500000   0.06200000   -0.07300000   25.72412552   99.72797862   1.22763734   -0.55779922   
6.65000000   -0.92200000   -0.03000000   -0.26900000   0.99500000   0.06200000   -0.07300000   25.74337543   99.72794275   1.21645907   -0.55820093   
6.65000000   -0.92200000   -0.03000000   -0.26900000   0.99500000   0.06200000   -0.07300000   25.74698506   99.72686560   1.04508569   -0.58092677   
6.65000000   -0.92200000   -0.03000000   -0.26900000   0.99500000   0.06200000   -0.07300000   25.75641722   99.72895233   1.08284411   -0.66257816   
6.65000000   -0.92200000   -0.03000000   -0.26900000   0.99500000   0.06200000   -0.07300000   25.73870585   99.73057268   1.12984024   -0.60466979   
6.65000000   -0.92200000   -0.03000000   -0.26900000   0.99500000   0.06200000   -0.07300000   25.73374781   99.75614350   1.00730103   -0.62464831   
6.65000000   -0.92200000   -0.03000000   -0.26900000   0.99500000   0.06200000   -0.07300000   25.73976593   99.72878776   1.06445834   -0.72740157   
6.65000000   -0.92200000   -0.03000000   -0.26900000   0.99500000   0.06200000   -0.07300000   25.71445976   99.73755958   1.08563029   -0.69508197   
6.65000000   -0.92200000   -0.03000000   -0.26900000   0.99500000   0.06200000   -0.07300000   25.73321676   99.72913870   1.21545013   -0.79061137   
6.65000000   -0.92200000   -0.03000000   -0.26900000   0.99500000   0.06200000   -0.07300000   25.73428459   99.72551790   1.13786086   -0.87244494   
6.65000000   -0.92200000   -0.03000000   -0.26900000   0.99500000   0.06200000   -0.07300000   25.74297241   99.72793870   1.02456101   -0.93783308   
6.65000000   -0.92200000   -0.03000000   -0.26900000   0.99500000   0.06200000   -0.07300000   25.73551737   99.72697824   1.06088168   -0.90053242   
6.65000000   -0.92200000   -0.03000000   -0.26900000   0.99500000   0.06200000   -0.07300000   25.73062418   99.73047518   1.18657609   -0.82524067   
6.65000000   -0.92200000   -0.03000000   -0.26900000   0.99500000   0.06200000   -0.07300000   25.73985058   99.73006516   1.15052752   -0.69427566   
6.65000000   -0.92200000   -0.03000000   -0.26900000   0.99500000   0.06200000   -0.07300000   25.74865645   99.73189713   1.05654605   -0.53084408   
6.65000000   -0.92200000   -0.03000000   -0.26900000   0.99500000   0.06200000   -0.07300000   25.71595789   99.73991610   1.22029494   -0.68877564   
6.65000000   -0.92200000   -0.03000000   -0.26900000   0.99500000   0.06200000   -0.07300000   25.71877308   99.71764889   1.06116694   -0.68939536   
6.65000000   -0.92200000   -0.03000000   -0.26900000   0.99500000   0.06200000   -0.07300000   25.70670721   99.72373144   1.15310046   -0.79796593   
6.65000000   -0.92200000   -0.03000000   -0.26900000   0.99500000   0.06200000   -0.07300000   25.73231186   99.71790290   1.66260816   -0.83325940   
6.65000000   -0.92200000   -0.03000000   -0.26900000   0.99500000   0.06200000   -0.07300000   25.73294253   99.73782419   1.14037887   -0.84818168   
6.65000000   -0.92200000   -0.03000000   -0.26900000   0.99500000   0.06200000   -0.07300000   25.74822964   99.74160412   1.06135891   -0.86798642   
6.65000000   -0.92200000   -0.03000000   -0.26900000   0.99500000   0.06200000   -0.07300000   25.72030467   99.73075417   1.17997826   -0.75637503   
6.65000000   -0.92200000   -0.03000000   -0.26900000   0.99500000   0.06200000   -0.07300000   25.74163582   99.72581558   1.20531929   -0.69154002   
