1773.59867754   
1770.91663878   
1816.28119132   
1639.76758567   
1591.07952050   
1876.21008513   
1593.68557651   
1609.62287558   
1566.00274691   
1488.66211425   
1598.99738561   
1517.44182349   
1487.26180355   
1460.22766887   
1419.58812323   
1495.19294571   
1381.66922316   
1414.97299997   
1366.48221851   
1403.46434777   
1391.24485292   
1410.90981533   
1442.45683845   
1359.78957998   
1343.20424703   
1316.23702039   
1349.07780461   
1283.15990168   
1307.37818242   
1258.02281244   
1276.91805446   
1243.24545597   
1244.68582371   
1300.59014569   
1271.80015440   
1253.18306302   
1330.91923529   
1228.47579601   
1218.41169717   
1233.01915994   
1242.55496348   
1233.82752989   
1207.30592018   
1203.55890558   
1201.53371625   
1210.02905182   
1199.51003916   
1230.62763947   
1220.42426444   
1205.27819459   
1200.05767279   
1200.65615951   
1201.14092874   
1208.97963198   
1219.08223395   
1227.83848333   
1208.54417014   
1219.96397705   
1218.19900484   
1228.15290775   
1245.48625011   
1224.70913369   
1206.60294696   
1194.28916268   
1222.78048877   
1208.68039525   
1191.79634712   
1206.37765897   
1221.72095874   
1198.39985827   
1195.44810898   
1201.36511137   
1199.85975881   
1213.30006871   
1202.97060150   
1195.78164447   
1213.18224508   
1198.82580264   
1205.09419060   
1206.07777352   
1190.08909203   
1192.97330552   
1191.57767262   
1210.09305605   
1192.84560637   
1200.14354815   
1194.93000728   
1216.70631940   
1197.23688266   
1214.16813582   
1201.76899345   
1195.52484225   
1182.94048046   
1182.28589811   
1198.81514650   
1187.08930858   
1178.17759362   
1175.47338409   
1187.31098742   
1199.54758410   
1180.20105436   
1190.86077630   
1206.39102387   
1182.99465404   
1176.72964652   
1176.84641496   
1182.21388290   
1177.14418862   
1166.00834254   
1179.58743568   
1172.85437104   
1212.09352844   
1182.28309024   
1184.50264386   
1191.11633562   
1171.52426248   
1191.17008289   
1203.52692007   
1172.40623500   
1164.55079257   
1165.86488595   
1170.26603478   
1160.81246939   
1171.96488910   
1175.27129764   
1177.02522695   
1173.73171608   
1205.12807440   
1169.65431051   
1192.73559751   
1182.72669937   
1187.30153161   
1177.17809883   
1170.14913301   
1182.96996298   
1169.61303841   
1181.43521340   
1181.95958105   
1165.44071557   
1193.23562287   
1196.87583870   
1173.05297983   
1183.78130552   
1166.10123549   
1189.19255774   
1167.55306090   
1188.73690673   
1170.26689419   
1188.61686320   
1175.68744295   
1174.67861677   
1180.75628635   
1192.76536473   
1184.72743911   
1167.78589754   
1174.12826077   
1182.47239071   
1185.18717906   
1171.04437506   
1163.12972134   
1179.23395264   
1181.20135029   
1169.77058080   
1168.77707101   
1175.34258145   
1186.08423316   
1168.16081093   
1164.63890898   
1181.69490053   
1185.35457140   
1202.50929077   
1165.53696733   
1167.57264171   
1182.03865110   
1171.29607333   
1189.43128713   
1193.82384694   
1163.65213486   
1161.67543136   
1171.69384431   
1187.35333389   
1169.44883467   
1178.29125862   
1169.59943471   
1181.70875274   
1183.16167874   
1186.88789799   
1175.88935806   
1194.58942892   
1166.23569919   
1171.71196301   
1194.43294523   
1176.22497162   
1169.90169088   
1161.75879786   
1168.53777739   
1167.76081621   
1187.36363802   
1193.43145118   
1192.40054747   
1181.63932048   
1166.24580799   
1176.56571286   
1170.66198704   
1177.48566618   
1175.82707544   
1174.19339411   
1188.66040789   
1176.73971181   
1203.05761939   
1191.53933338   
1193.18255469   
1190.25091844   
1170.90728926   
1168.24651819   
1170.08828910   
1185.57318842   
1170.41640371   
1186.55233583   
1183.46440572   
1205.63898441   
1173.70778477   
1185.89524236   
1192.90259588   
1168.84422563   
1190.04517477   
1181.45153440   
1178.47359410   
1192.37635890   
1176.34990377   
1187.19664081   
1188.92648203   
1179.93354877   
1186.65178328   
1190.10038366   
1190.05267833   
1171.37211385   
1190.96921675   
1169.21788699   
1166.37037825   
1168.95909837   
1179.94749235   
1192.21528287   
1166.46126094   
1180.64851109   
1188.71824488   
1168.43483477   
1169.57479675   
1218.05956207   
1172.03975381   
1164.35957760   
1198.23067967   
1179.86608485   
1167.74120112   
1188.62388478   
1179.92739827   
1171.68297120   
1165.24446284   
1199.14149121   
1168.61248691   
1172.40507186   
1178.91232214   
1167.01412527   
1206.28579227   
1171.83549771   
1173.38209853   
1164.12681622   
1186.39964557   
1169.89569809   
1179.68788422   
1182.92107439   
1173.36850586   
1181.22773029   
1177.31259494   
1185.74871600   
1179.27250063   
1166.30431339   
1172.73624027   
1172.00058594   
1176.48590292   
1173.16443715   
1173.06947692   
1181.70742166   
1179.44392942   
1184.15525921   
1189.15994481   
1165.97339968   
1168.13069953   
1166.10730092   
1186.74909601   
1174.40278847   
1202.60231942   
1180.26374764   
1171.47780340   
1167.61421033   
1250.75621550   
1183.18475832   
1196.02772798   
1167.60693970   
1176.37349658   
1179.75967752   
1188.53899064   
1184.53241448   
1181.20720845   
1178.94534082   
1183.36577261   
1163.93476685   
1185.03990392   
1180.40168840   
1168.34530872   
1167.78629740   
1189.85111062   
1206.23329069   
1189.23457860   
1180.02299174   
1170.09489415   
1165.91319106   
1189.36067131   
1168.79095529   
1206.67658265   
1169.22319804   
1169.50075894   
1179.79303615   
1174.54442389   
1174.97982878   
1171.45300511   
1169.76295618   
1171.32907556   
1188.32702145   
1171.98404544   
1165.79078832   
1189.72680041   
1177.19184042   
1168.98182591   
1201.99660532   
1247.54385113   
1164.76296823   
1198.96579333   
1182.42105010   
1183.02295728   
1186.68971541   
1163.47707870   
1194.95232592   
1168.51722214   
1185.25166693   
1187.70374968   
1170.51711173   
1189.69946583   
1183.13129557   
1190.56892257   
1178.92204486   
1172.82621829   
1172.67749270   
1171.01885128   
1172.27420327   
1186.35043111   
1186.14095493   
1172.71556973   
1176.80639176   
1175.37542892   
1197.96893422   
1177.79593047   
1197.65725820   
1169.38136671   
1182.89535857   
1187.14499132   
1175.21776073   
1181.32242035   
1178.52087841   
1187.85668792   
1194.17210375   
1174.35557757   
1179.98569025   
1169.39942436   
1195.74377834   
1184.88956292   
1179.64739817   
1188.10095853   
1188.94404872   
1184.51700881   
1182.24648230   
1177.57219814   
1178.60111768   
1175.26435719   
1189.06298009   
1163.57305011   
1193.35812369   
1189.77532349   
1175.46284366   
1186.33462059   
1174.10602853   
1163.69492059   
1181.27635742   
1188.56681524   
1173.95783243   
1181.13256357   
1193.14095702   
1180.48670326   
1173.35261147   
1173.23909532   
1176.68171794   
1169.40575947   
1193.30128979   
1172.15928290   
1187.30662854   
1203.52731205   
1175.00074951   
1176.76218722   
1180.09614855   
1170.72959187   
1202.16280578   
1173.58679991   
1172.69555937   
1181.42967416   
1236.35310440   
1184.05888710   
1184.95054825   
1170.44581828   
1187.43285678   
1178.03251365   
1183.58595838   
1169.12981275   
1178.92718435   
1179.53827855   
1170.62649738   
1191.56887446   
1165.17124977   
1175.18775928   
1168.98595344   
1192.39258713   
1199.29052972   
1185.37428968   
1196.05624312   
1180.77469125   
1174.94616896   
1178.81465973   
1183.41844877   
1198.12028366   
1174.36708560   
1171.63762062   
1174.33893630   
1169.92735510   
1207.22294724   
1184.04028555   
1227.80018520   
1195.24098993   
1185.61021145   
1170.85405020   
1169.88849958   
1180.81573760   
1190.54298836   
1181.05929401   
1175.31252852   
1191.31991694   
1169.24830443   
1183.44557425   
1175.93535112   
1184.57163275   
1183.95256279   
1198.83932952   
1179.60955215   
1176.69009453   
1169.47755828   
1175.61943625   
1180.19274473   
1169.89602365   
1178.42934424   
1172.86199766   
1168.87583267   
1175.10753376   
1192.41098059   
1166.88621288   
1189.00389499   
1171.94680182   
1192.22381393   
1173.79374573   
1185.90230139   
1188.38165641   
1163.19490441   
1163.14816809   
1174.22634547   
1166.93127050   
1168.88657199   
1185.58298842   
1176.21660525   
1175.56182755   
1203.46175528   
1180.92819127   
1164.70333645   
1185.05778122   
1164.31600654   
1179.47209825   
1193.27916921   
1207.52932438   
1171.60304834   
1199.07800271   
1169.09106823   
1201.66682658   
1177.22026907   
1190.69658848   
1165.09942521   
1183.13765898   
1165.94276881   
1169.03365128   
1172.75733112   
1171.50082535   
1180.58519151   
1170.70961249   
1165.06111180   
1187.70285560   
1173.86332734   
1190.78187164   
1180.84719918   
1189.28384292   
1181.03163435   
1167.25626862   
1196.67344761   
1202.39602698   
1175.90968014   
1191.10265058   
1181.75877447   
1170.91491627   
1176.83897042   
1186.47000261   
1163.38278279   
1169.75218531   
1175.85763418   
1189.76922268   
1217.08794626   
1193.25961647   
1170.15671906   
1166.86003461   
1190.47069300   
1180.38357865   
1171.88145081   
1204.91061308   
1172.58503586   
1177.63182549   
1169.56079659   
1210.17814751   
1174.29523002   
1171.93320846   
1189.85902921   
1168.00316501   
1189.20700520   
1207.14811795   
1189.61165479   
1177.76356496   
1184.07348630   
1207.13701825   
1196.60805206   
1216.57333863   
1233.23292382   
1172.02128540   
1170.24914863   
1166.90782762   
1177.24778281   
1180.78529223   
1169.12812933   
1168.79075926   
1166.42921956   
1189.51565663   
1182.12330351   
1191.09745459   
1175.46277194   
1160.53802194   
1168.13878286   
1164.12189892   
1164.26104908   
1180.45504955   
1175.71764652   
1198.12317668   
1170.96543988   
1174.38475339   
1181.52087685   
1171.44540858   
1178.71952577   
1174.34302453   
1176.41604230   
1167.06796367   
1178.00064743   
1184.60416643   
1189.89604953   
1168.12597108   
1181.59331861   
1175.99549315   
1165.49396404   
1164.99619115   
1174.03738663   
1166.30736243   
1168.71429336   
1186.73423065   
1167.65213509   
1175.17098434   
1175.18294549   
1165.97401459   
1170.29950102   
1161.57658930   
1160.79058453   
1162.43505010   
1168.87057217   
1170.92333825   
1194.69201729   
1195.06405456   
1179.42385812   
1184.09923738   
1175.13919642   
1182.09597631   
1185.99544597   
1176.81511391   
1172.62921490   
1166.21742457   
1193.03223009   
1174.44221277   
1211.78626964   
1171.26577078   
1167.83775575   
1216.00444230   
1179.18870893   
1175.54949952   
1195.43609382   
1173.21529816   
1164.26914734   
1159.50059979   
1179.59546926   
1166.79682225   
1182.85403091   
1170.56224834   
1189.25885087   
1174.06601051   
1181.59391867   
1173.52267295   
1186.69415502   
1168.45530082   
1163.20325382   
1178.68553324   
1170.79381644   
1172.26641771   
1163.61791978   
1166.69405057   
1175.44689815   
1169.89837009   
1167.74480913   
1173.77280622   
1176.36212730   
1169.13496168   
1162.89411546   
1171.06862503   
1176.16649853   
1175.28064934   
1206.31168142   
1174.45141587   
1176.92882046   
1178.88259770   
1179.98103563   
1175.60431498   
1178.15570515   
1171.58995798   
1180.08537306   
1204.51616013   
1183.49135035   
1172.19582360   
1178.64720146   
1180.67524645   
1164.27768657   
1163.56536866   
1175.59138463   
1166.17562981   
1172.85599185   
1200.13673175   
1184.55020612   
1164.09162710   
1191.25180515   
1178.27770335   
1174.46045638   
1172.07610210   
1162.25278465   
1167.48042503   
1182.68698705   
1174.11233993   
1172.34551668   
1189.29337676   
1180.53505755   
1172.01152221   
1185.13617650   
1182.21650073   
1190.56650926   
1171.71619689   
1167.52494480   
1173.60605861   
1200.60171114   
1187.85998938   
1179.97505789   
1180.50691787   
1164.39390397   
1181.84127887   
1164.79305327   
1179.66017517   
1163.59112988   
1176.63748990   
1171.76833472   
1167.19102359   
1177.15151841   
1204.65658464   
1191.80676298   
1179.25812264   
1198.53756163   
1169.87738294   
1175.94471147   
1179.99728046   
1167.66121555   
1171.00937092   
1187.20617477   
1181.84384854   
1175.99404681   
1178.20926528   
1175.63089006   
1202.69549515   
1171.09540841   
1163.68601154   
1180.36429216   
1174.56182579   
1175.15064059   
1173.46482709   
1176.85349005   
1164.31938225   
1171.96021483   
1169.77890201   
1165.02077279   
1170.49889905   
1167.18097535   
1200.98368286   
1165.14602016   
1191.39315557   
1181.54602792   
1170.37416670   
1174.43364289   
1175.11004339   
1176.79859471   
1177.79224754   
1165.69042251   
1187.14829558   
1185.02060947   
1162.69983091   
1175.35679231   
1182.52865567   
1168.89294163   
1203.40219626   
1170.19705814   
1177.04797802   
1182.74241763   
1168.15555451   
1176.88092640   
1170.09526282   
1167.67522669   
1162.41492818   
1164.86366747   
1167.17878338   
1175.96603707   
1166.97392223   
1163.63925629   
1212.47869731   
1173.87479881   
1181.90308584   
1163.62697726   
1185.38036116   
1170.05213971   
1163.85622608   
1167.38696935   
1170.41100141   
1178.50109071   
1199.13639637   
1173.15788915   
1178.60294115   
1181.52180284   
1171.38615563   
1203.65919296   
1171.81303108   
1182.86887812   
1200.93671879   
1177.17130730   
1186.13997577   
1178.42466463   
1193.96788448   
1190.83147573   
1169.04109345   
1176.71947197   
1181.73093684   
1171.83086765   
1173.89371620   
1177.54031334   
1177.63641554   
1179.80531559   
1169.68536654   
1175.75286872   
1173.87024635   
1167.01533665   
1170.24986817   
1185.75298913   
1192.24531210   
1189.43756786   
1186.59916987   
1184.55774378   
1180.68275152   
1190.32588187   
1174.58530861   
1170.76890040   
1169.77472087   
1176.50234604   
1175.02488027   
1168.95201420   
1175.99843804   
1174.85376813   
1169.82340007   
1204.40988873   
1185.84879707   
1192.79111890   
1179.82488299   
1185.07532648   
1162.19676247   
1161.97521606   
1172.05923677   
1170.34426777   
1169.84396782   
1164.98478709   
1186.43505943   
1183.77018547   
1181.06891706   
1177.86238814   
1174.38556490   
1164.34697215   
1179.47536072   
1176.27581798   
1169.28229196   
1171.74280982   
1169.17749045   
1185.13167760   
1166.89456064   
1182.00260004   
1257.23289062   
1165.14832702   
1204.57614779   
1171.94400625   
1187.57678580   
1164.38766663   
1175.86169317   
1209.01777969   
1162.38860214   
1181.02264601   
1165.81577444   
1169.64787012   
1163.33318334   
1169.96674652   
1186.05735984   
1165.46024039   
1187.98110238   
1166.87588860   
1178.03111893   
1182.80979424   
1170.96805359   
1181.04199779   
1178.22414927   
1202.71669902   
1184.35572822   
1182.49148436   
1185.16406811   
1176.06517066   
1169.94714827   
1169.01968663   
1182.76335549   
1179.45470203   
1165.58286691   
1168.53650107   
1186.15901566   
1198.92339752   
1162.88910891   
1185.42740934   
1174.74276890   
1167.01361727   
1170.99092747   
1212.45318559   
1169.75555889   
1171.76157085   
1170.06483171   
1166.76586241   
1182.80182299   
1170.32204549   
1190.87027985   
1175.57127674   
1177.32936836   
1177.50780377   
1181.02519654   
1169.55934246   
1181.51773345   
1164.32502420   
1205.65665713   
1167.14587370   
1193.49106533   
1178.92163647   
1198.14847825   
1191.73951733   
1166.10323873   
1161.83744696   
1175.23850222   
1191.32031616   
1175.48922704   
1168.54022114   
1176.61920074   
1180.71130100   
1189.84106816   
1176.65189983   
1162.52421773   
1164.05123106   
1169.19740553   
1178.07101927   
1174.36239410   
1187.67854240   
1162.58744611   
1178.44609190   
1199.43669012   
1173.69068957   
1205.30265107   
1185.48824520   
1172.89745581   
1186.02021291   
1179.92207806   
1173.12942389   
1183.91121927   
1175.27276788   
1184.23542594   
1176.03298434   
1169.28037436   
1178.51547391   
1171.79071379   
1226.00996108   
1167.13352840   
1164.14044753   
1204.22362215   
1179.14580382   
1196.15414238   
1196.19189803   
1166.89609510   
1169.34295517   
1171.80873129   
1162.19111109   
1174.36629612   
1211.83112776   
1182.29001711   
1192.19352922   
1173.69438699   
1170.06112835   
1175.45312806   
1176.74139631   
1179.15914343   
1183.63554144   
1173.87010656   
1173.21093595   
1191.42526375   
1180.95082809   
1205.66667658   
1169.54438493   
1170.70257446   
1173.78704305   
1187.21824258   
1168.71579514   
1174.62376096   
1168.66700091   
1169.47167175   
1179.86843312   
1172.20577781   
1169.19624741   
1181.48402778   
1185.69452638   
1175.34411984   
1165.72585624   
1165.73896932   
1188.00959101   
1176.70030165   
1188.70537635   
1174.16320267   
1173.58689856   
1161.92687365   
1170.08885232   
1174.54862913   
1173.96010722   
1185.56438233   
1202.47458938   
1171.27168262   
1194.26613873   
1164.29920294   
1181.57370826   
1169.44387166   
1184.55659883   
1181.06941815   
1175.70663972   
1183.42274990   
1180.83230364   
1167.18139184   
1176.44047852   
1164.53062941   
1177.37366242   
1172.47664781   
1197.63395049   
1162.87362094   
1181.40532586   
1173.62615667   
1170.27836786   
1213.24739766   
1182.29476345   
1196.75500129   
1175.86738018   
1181.58540853   
1192.76328247   
1171.46222353   
1179.90905893   
1172.25424630   
1171.35528703   
1164.88693764   
1179.48617926   
1167.94614932   
1177.68525592   
1172.14085122   
1179.60760050   
1172.32516105   
1205.89200775   
1185.66583795   
1187.20193647   
1168.54161098   
1181.86651856   
1185.95234811   
1177.33408770   
1172.74610461   
1174.43800687   
1171.90443954   
1182.85611623   
1190.60172782   
1173.38857854   
1169.56722641   
1173.14407320   
1178.10301798   
1199.48360081   
1170.83592466   
1168.49120364   
1178.11009950   
1200.04356481   
1173.92688834   
1173.12452717   
1186.30683414   
1177.23256049   
1169.06857878   
1191.23062144   
1210.09822495   
1179.69320983   
1181.11663862   
1185.12535534   
1168.98784652   
1195.75071066   
1165.18902837   
1164.15931629   
1197.19917701   
1169.62794126   
1178.64934444   
1164.02687792   
1197.43697257   
1164.64967390   
1172.27278258   
1175.85643298   
1172.20208875   
1168.68872713   
1165.31698636   
1175.33594027   
1173.07553364   
1207.24558525   
1175.55638368   
1173.53755769   
1172.43893697   
1173.91520916   
1189.65825726   
1167.62525793   
1188.78562837   
1166.86021729   
1174.48090198   
1184.14372378   
1176.08453450   
1172.43335546   
1176.09969621   
1196.75762948   
1179.04428231   
1183.96430494   
1180.00200250   
1174.42744646   
1186.20626225   
1187.52973092   
1168.04085721   
1171.88240565   
1201.28757284   
1170.69918719   
1192.82115183   
1178.48751329   
1175.49050262   
1179.72972078   
1205.64179109   
1185.11107028   
1179.96695536   
1180.16691241   
1172.15829129   
1179.55178538   
1175.15113146   
1176.05691016   
1185.70489012   
1165.41678395   
1196.26409067   
1173.58446654   
1183.05727012   
1162.95038881   
1177.68477003   
1171.57188981   
1175.76057298   
1190.85836963   
1189.42061477   
1188.46204039   
1184.08736204   
1170.76971298   
1166.17614074   
1172.90145999   
1162.64454696   
1170.21742627   
1181.76006285   
1184.05685143   
1175.01256715   
1176.49189789   
1178.07237319   
1172.03899970   
1163.93085803   
1176.95150376   
1169.31531397   
1169.47609397   
1167.22739615   
1186.42239313   
1168.24702538   
1171.28370548   
1176.95766711   
1190.07280779   
1211.89080086   
1208.92387782   
1171.38823234   
1166.51978606   
1183.14890504   
1185.12921581   
1173.45076709   
1169.86487037   
1177.79132870   
1172.55867915   
1186.79933004   
1199.43877743   
1198.31606460   
1195.62652650   
1231.07402674   
1171.79692816   
1186.25633823   
1172.35505832   
1180.54022507   
1193.27213780   
1177.43892671   
1191.96363318   
1203.03443293   
1179.54281009   
1187.47487155   
1189.58524285   
1167.11415840   
1167.59806518   
1200.88963114   
1199.41256858   
1199.76093486   
1186.60558848   
1179.17682686   
1181.88105681   
1176.81171374   
1171.93990052   
1201.56512652   
1222.10038295   
1208.23191264   
1179.09183663   
1179.57944328   
1261.76112248   
1182.83115963   
1198.32752945   
1217.91351414   
1206.64272089   
1184.86700778   
1185.13451797   
1206.30291231   
1210.50387466   
1178.38904209   
1197.62024013   
1221.29744480   
1178.01190437   
1176.12354072   
1187.28778554   
1171.49397043   
1193.51648133   
1209.50902207   
1204.07079044   
1181.24691084   
1173.15884372   
1217.05953718   
1174.86485360   
1185.32974516   
1182.21803361   
1192.72555756   
1169.15197170   
1164.53007184   
1200.29307083   
1179.76190799   
1177.20131262   
1179.73694257   
1189.10432447   
1168.62821797   
1171.73080440   
1170.41603248   
1171.78814881   
1187.07852318   
1190.03343437   
1186.67420858   
1182.67563960   
1192.61336887   
1182.09724737   
1170.42008053   
1229.05203410   
1197.24705360   
1181.67238401   
1201.07813197   
1168.62092398   
1167.79241070   
1179.66129393   
1180.36699433   
1175.76069613   
1164.50629815   
